0 0.244271 0.252778 0.028125 0.138889
0 0.516146 0.366204 0.040625 0.167593
0 0.510938 0.265278 0.019792 0.106481
0 0.552083 0.508796 0.053125 0.276852
0 0.415365 0.498611 0.088021 0.287963
0 0.494792 0.338889 0.039583 0.161111
0 0.469531 0.506944 0.068229 0.245370
0 0.501042 0.482870 0.051042 0.282407
0 0.679427 0.738426 0.070312 0.360185
0 0.515365 0.771759 0.188021 0.350926
0 0.552083 0.404630 0.039583 0.190741
0 0.210938 0.214352 0.034375 0.143519
0 0.136719 0.244444 0.024479 0.129630
0 0.563542 0.847222 0.101042 0.301852
0 0.473698 0.835185 0.108854 0.325926
