0 0.112760 0.175000 0.015104 0.090741
0 0.156510 0.209259 0.025521 0.120370
0 0.131510 0.168981 0.018229 0.091667
0 0.508333 0.112500 0.008333 0.037963
0 0.484896 0.125000 0.007292 0.055556
0 0.512500 0.170833 0.018750 0.078704
0 0.479427 0.204167 0.017188 0.095370
0 0.535677 0.221759 0.019271 0.099074
0 0.451562 0.313426 0.041667 0.165741
0 0.531250 0.287963 0.025000 0.142593
0 0.469271 0.497685 0.048958 0.286111
0 0.479948 0.560185 0.066146 0.331481
0 0.501302 0.159259 0.013021 0.057407
0 0.403906 0.154630 0.016146 0.074074
0 0.479167 0.179167 0.015625 0.076852
0 0.503906 0.201852 0.020313 0.107407
0 0.409635 0.150000 0.009896 0.061111
0 0.461719 0.299537 0.039062 0.162037
0 0.508333 0.291204 0.026042 0.141667
0 0.480469 0.121759 0.009896 0.052778
0 0.527344 0.499074 0.071354 0.300000
0 0.424219 0.158796 0.013021 0.062037
0 0.495052 0.127778 0.006771 0.048148
0 0.561979 0.810648 0.093750 0.376852
0 0.458854 0.789815 0.088542 0.418519
0 0.352865 0.818519 0.104688 0.361111
