0 0.628125 0.814352 0.102083 0.345370
0 0.556250 0.600000 0.061458 0.414815
0 0.515104 0.449537 0.130208 0.230556
0 0.486458 0.436111 0.054167 0.316667
0 0.447917 0.164352 0.014583 0.091667
0 0.465625 0.161111 0.025000 0.079630
0 0.473958 0.128704 0.011458 0.083333
0 0.462240 0.124074 0.009896 0.068519
0 0.436719 0.084259 0.011979 0.057407
0 0.416667 0.062963 0.008333 0.044444
0 0.421875 0.069907 0.011458 0.054630
0 0.411979 0.100926 0.013542 0.077778
0 0.420312 0.130556 0.019792 0.079630
0 0.366927 0.189815 0.053646 0.105556
0 0.379948 0.142593 0.018229 0.105556
0 0.373437 0.133333 0.013542 0.100000
0 0.389062 0.142593 0.014583 0.120370
0 0.351562 0.224074 0.039583 0.120370
0 0.302083 0.480093 0.125000 0.260185
0 0.254688 0.641667 0.133333 0.307407
0 0.157812 0.718981 0.126042 0.515741
0 0.192188 0.918981 0.213542 0.160185
0 0.725260 0.898148 0.110937 0.201852
