0 0.627604 0.813426 0.171875 0.363889
0 0.571875 0.691204 0.188542 0.343519
0 0.556510 0.599537 0.115104 0.287963
0 0.216146 0.752315 0.176042 0.426852
0 0.576562 0.475463 0.051042 0.343519
0 0.520052 0.463889 0.119271 0.229630
0 0.285938 0.504167 0.090625 0.269444
0 0.317188 0.477315 0.089583 0.287963
0 0.363802 0.271759 0.065104 0.156481
0 0.354427 0.283333 0.070312 0.153704
0 0.472396 0.223611 0.037500 0.189815
0 0.416406 0.220370 0.033854 0.166667
0 0.484896 0.170370 0.014583 0.103704
0 0.353125 0.208333 0.035417 0.109259
0 0.352604 0.178241 0.022917 0.086111
0 0.357292 0.169444 0.012500 0.090741
0 0.370833 0.167593 0.015625 0.111111
0 0.477344 0.142130 0.010937 0.084259
0 0.473177 0.153241 0.014063 0.108333
0 0.454688 0.155556 0.015625 0.105556
0 0.460938 0.116667 0.014583 0.085185
0 0.446615 0.143981 0.018229 0.113889
0 0.430990 0.144444 0.013021 0.105556
0 0.418229 0.136111 0.020833 0.101852
0 0.406510 0.139352 0.013021 0.112037
0 0.401823 0.148148 0.013021 0.111111
0 0.368229 0.114352 0.009375 0.056481
0 0.374479 0.118519 0.012500 0.066667
0 0.384635 0.115278 0.009896 0.067593
0 0.391667 0.112500 0.009375 0.073148
0 0.444010 0.106019 0.008854 0.063889
0 0.437500 0.124537 0.009375 0.062037
0 0.430729 0.105556 0.007292 0.048148
0 0.426823 0.098148 0.009896 0.050000
0 0.398958 0.080093 0.009375 0.049074
0 0.403906 0.075000 0.008854 0.044444
0 0.450000 0.072685 0.008333 0.047222
0 0.441667 0.067130 0.007292 0.054630
0 0.442969 0.078704 0.013021 0.055556
0 0.435156 0.074537 0.009896 0.047222
0 0.431250 0.069907 0.008333 0.037963
0 0.414844 0.066204 0.006771 0.049074
0 0.423438 0.065278 0.008333 0.041667
0 0.644792 0.867593 0.139583 0.259259
0 0.137240 0.797222 0.151562 0.403704
