0 0.503906 0.047222 0.017188 0.059259
0 0.447396 0.068056 0.015625 0.076852
0 0.471615 0.075000 0.018229 0.074074
0 0.434896 0.093056 0.020833 0.082407
0 0.451823 0.113889 0.019271 0.103704
0 0.420312 0.144907 0.029167 0.113889
0 0.372917 0.122222 0.035417 0.114815
0 0.350521 0.082407 0.022917 0.116667
0 0.461979 0.167593 0.015625 0.079630
0 0.444271 0.186574 0.033333 0.115741
0 0.439583 0.162963 0.032292 0.118519
0 0.386979 0.163889 0.038542 0.105556
0 0.336979 0.158796 0.029167 0.091667
0 0.314844 0.166667 0.024479 0.103704
0 0.429427 0.193981 0.029687 0.100926
0 0.384635 0.196759 0.026562 0.091667
0 0.332813 0.181019 0.025000 0.102778
0 0.286719 0.189352 0.027604 0.113889
0 0.415625 0.244444 0.037500 0.133333
0 0.370573 0.221296 0.036979 0.125926
0 0.291927 0.234259 0.022396 0.085185
0 0.262500 0.219444 0.041667 0.164815
0 0.391146 0.290278 0.044792 0.191667
0 0.383333 0.301852 0.057292 0.177778
0 0.342448 0.277778 0.038021 0.148148
0 0.322917 0.286111 0.058333 0.172222
0 0.260417 0.260185 0.046875 0.151852
0 0.247135 0.146296 0.024479 0.133333
0 0.224740 0.190278 0.034896 0.186111
0 0.158073 0.269907 0.039062 0.189815
0 0.309635 0.441667 0.070312 0.225926
0 0.196094 0.350926 0.033854 0.179630
0 0.065625 0.295833 0.052083 0.256481
0 0.279948 0.547222 0.079687 0.300000
0 0.251042 0.601389 0.055208 0.199074
0 0.201042 0.485648 0.090625 0.271296
0 0.134375 0.492593 0.055208 0.238889
0 0.063542 0.431481 0.053125 0.227778
0 0.110417 0.575463 0.082292 0.273148
0 0.105208 0.761574 0.059375 0.360185
0 0.545573 0.112963 0.020313 0.118519
0 0.562500 0.073611 0.014583 0.097222
0 0.548698 0.148148 0.026562 0.148148
0 0.526823 0.145370 0.021354 0.144444
0 0.502083 0.140278 0.021875 0.147222
0 0.482552 0.147685 0.026562 0.165741
0 0.597396 0.184259 0.022917 0.174074
0 0.594531 0.245833 0.032813 0.200926
0 0.557813 0.257407 0.033333 0.201852
0 0.519271 0.239815 0.042708 0.237037
0 0.475000 0.324537 0.029167 0.156481
0 0.447917 0.295833 0.042708 0.234259
0 0.548958 0.369444 0.036458 0.277778
0 0.615885 0.334259 0.045312 0.301852
0 0.611458 0.372222 0.058333 0.270370
0 0.619792 0.392593 0.053125 0.279630
0 0.570573 0.374537 0.049479 0.332407
0 0.530729 0.410648 0.053125 0.310185
0 0.465885 0.518519 0.061979 0.379630
0 0.403385 0.517130 0.069271 0.360185
0 0.033333 0.542593 0.060417 0.237037
0 0.829948 0.791667 0.080729 0.312963
0 0.647917 0.842593 0.131250 0.312963
