0 0.468229 0.295833 0.038542 0.191667
0 0.423177 0.276852 0.031771 0.212963
0 0.466146 0.214815 0.035417 0.162963
0 0.456771 0.181481 0.035417 0.081481
0 0.422396 0.111111 0.013542 0.083333
0 0.439063 0.125463 0.009375 0.052778
0 0.403646 0.072222 0.005208 0.037037
0 0.412240 0.063889 0.005729 0.040741
0 0.423177 0.069907 0.014063 0.049074
0 0.427604 0.071759 0.007292 0.043519
0 0.439063 0.069444 0.008333 0.044444
0 0.445052 0.095370 0.008854 0.018519
0 0.449740 0.077778 0.009896 0.053704
0 0.350521 0.205556 0.036458 0.094444
0 0.378646 0.237963 0.026042 0.103704
0 0.358854 0.243519 0.035417 0.118519
0 0.483594 0.685648 0.129688 0.604630
0 0.556250 0.785185 0.064583 0.318519
0 0.263281 0.734259 0.125521 0.353704
0 0.354687 0.725463 0.133333 0.495370
0 0.850000 0.513889 0.087500 0.290741
