0 0.567187 0.474074 0.038542 0.174074
0 0.554427 0.557407 0.055729 0.129630
0 0.574219 0.604630 0.124479 0.290741
0 0.601302 0.782870 0.189062 0.362037
0 0.438281 0.453704 0.056771 0.333333
0 0.438021 0.072685 0.006250 0.041667
0 0.450781 0.084259 0.009896 0.061111
0 0.439583 0.102315 0.015625 0.078704
0 0.428906 0.072685 0.008854 0.047222
0 0.419531 0.062037 0.006771 0.038889
0 0.402865 0.073148 0.007812 0.048148
0 0.411458 0.096759 0.012500 0.073148
0 0.388281 0.135648 0.013021 0.108333
0 0.406771 0.137500 0.016667 0.106481
0 0.391146 0.105093 0.009375 0.047222
0 0.364323 0.166667 0.030729 0.085185
0 0.356771 0.188889 0.035417 0.101852
0 0.361198 0.292130 0.083854 0.158333
0 0.279427 0.484722 0.088021 0.269444
0 0.275260 0.520370 0.108854 0.259259
0 0.265625 0.582407 0.087500 0.314815
0 0.185156 0.678241 0.074479 0.571296
0 0.356771 0.210185 0.042708 0.111111
0 0.590365 0.782870 0.079687 0.432407
0 0.616927 0.824537 0.105729 0.349074
0 0.484896 0.734722 0.090625 0.528704
