0 0.478125 0.137500 0.008333 0.050926
0 0.493750 0.147222 0.010417 0.064815
0 0.482552 0.200000 0.014063 0.081481
0 0.526302 0.258333 0.023438 0.122222
0 0.508854 0.264352 0.015625 0.095370
0 0.485417 0.259722 0.022917 0.128704
0 0.569792 0.354630 0.039583 0.196296
0 0.544010 0.358796 0.040104 0.189815
0 0.511719 0.381481 0.033854 0.137037
0 0.472135 0.382407 0.042188 0.211111
0 0.434115 0.364815 0.040104 0.188889
0 0.464323 0.499537 0.055729 0.308333
0 0.417187 0.520833 0.051042 0.243519
0 0.630208 0.714352 0.065625 0.380556
0 0.685156 0.721759 0.079687 0.363889
0 0.423958 0.195833 0.016667 0.110185
0 0.414844 0.161111 0.015104 0.068519
0 0.406771 0.152778 0.011458 0.064815
0 0.418490 0.218056 0.015104 0.100926
0 0.406250 0.238426 0.019792 0.117593
0 0.388802 0.250463 0.020313 0.139815
0 0.253906 0.229167 0.022396 0.141667
0 0.125000 0.180556 0.016667 0.079630
0 0.124740 0.212500 0.021354 0.112037
0 0.111458 0.210185 0.018750 0.122222
0 0.600000 0.838426 0.078125 0.321296
0 0.446094 0.840278 0.107813 0.317593
