0 0.445052 0.350463 0.030729 0.197222
0 0.421615 0.347685 0.030729 0.134259
0 0.404948 0.416667 0.040104 0.164815
0 0.472396 0.450463 0.046875 0.339815
0 0.443750 0.494444 0.046875 0.320370
0 0.414844 0.627778 0.081771 0.329630
0 0.472135 0.624537 0.069271 0.349074
0 0.483073 0.553704 0.068229 0.314815
0 0.543750 0.560185 0.045833 0.292593
0 0.504948 0.329630 0.031771 0.162963
0 0.527083 0.339352 0.033333 0.163889
0 0.499479 0.217593 0.015625 0.085185
0 0.484115 0.230093 0.025521 0.089815
0 0.415625 0.220833 0.020833 0.087963
0 0.171354 0.268519 0.036458 0.079630
