0 0.016927 0.155093 0.025521 0.141667
0 0.446615 0.056944 0.022396 0.113889
0 0.731510 0.078704 0.028646 0.155556
0 0.659375 0.086111 0.026042 0.159259
0 0.687760 0.096759 0.029687 0.150926
0 0.711198 0.108333 0.030729 0.168519
0 0.703906 0.063426 0.019271 0.097222
0 0.756510 0.105556 0.035937 0.177778
0 0.691146 0.194444 0.051042 0.237037
0 0.648438 0.228704 0.045833 0.253704
0 0.672396 0.234259 0.042708 0.225926
0 0.665104 0.317130 0.052083 0.282407
0 0.744792 0.250926 0.042708 0.240741
0 0.775521 0.265278 0.043750 0.269444
0 0.902083 0.490278 0.058333 0.419444
0 0.914062 0.576389 0.101042 0.412037
0 0.370052 0.050463 0.019271 0.095370
0 0.384115 0.055556 0.019271 0.103704
