0 0.520312 0.447685 0.117708 0.236111
0 0.460156 0.435185 0.049479 0.337037
0 0.458073 0.157870 0.015104 0.112037
0 0.436458 0.157407 0.014583 0.116667
0 0.372917 0.129167 0.013542 0.073148
0 0.378646 0.137037 0.016667 0.081481
0 0.410677 0.141204 0.024479 0.121296
0 0.405469 0.148148 0.015104 0.103704
0 0.388542 0.148611 0.019792 0.112037
0 0.359896 0.188889 0.039583 0.103704
0 0.351042 0.214815 0.032292 0.100000
0 0.386198 0.299537 0.058854 0.254630
0 0.305990 0.468056 0.126562 0.260185
0 0.247135 0.646296 0.117188 0.331481
0 0.588802 0.732870 0.082812 0.525000
0 0.163021 0.719907 0.092708 0.495370
