0 0.422917 0.065278 0.008333 0.037963
0 0.414323 0.055093 0.006771 0.036111
0 0.433073 0.083796 0.008854 0.058333
0 0.440885 0.087963 0.008854 0.061111
0 0.452344 0.089352 0.009896 0.060185
0 0.457552 0.090278 0.009896 0.067593
0 0.425000 0.113889 0.015625 0.085185
0 0.401302 0.146759 0.016146 0.115741
0 0.398958 0.133333 0.016667 0.107407
0 0.420052 0.113426 0.020313 0.093519
0 0.365885 0.187037 0.031771 0.100000
0 0.386198 0.154630 0.015104 0.103704
0 0.400000 0.157407 0.019792 0.125926
0 0.452604 0.162500 0.020833 0.106481
0 0.477083 0.195833 0.036458 0.108333
0 0.430208 0.197222 0.028125 0.151852
0 0.371615 0.184259 0.032813 0.090741
0 0.366406 0.194907 0.041146 0.112037
0 0.354167 0.213426 0.037500 0.115741
0 0.357552 0.250926 0.044271 0.131481
0 0.366667 0.477315 0.085417 0.415741
0 0.419010 0.550463 0.070312 0.360185
0 0.505208 0.415278 0.043750 0.284259
0 0.527083 0.417593 0.058333 0.296296
0 0.572135 0.425000 0.030729 0.250000
0 0.486198 0.513889 0.064062 0.372222
0 0.480990 0.554630 0.064062 0.372222
0 0.581250 0.656481 0.126042 0.303704
0 0.541406 0.649074 0.146354 0.292593
0 0.556250 0.679167 0.082292 0.558333
0 0.410156 0.674537 0.072396 0.495370
0 0.265625 0.542130 0.058333 0.412037
0 0.247656 0.618981 0.078646 0.504630
0 0.654167 0.838889 0.166667 0.314815
