0 0.449740 0.157407 0.023438 0.107407
0 0.455208 0.115741 0.015625 0.092593
0 0.366927 0.185648 0.022396 0.121296
0 0.352344 0.154630 0.023438 0.109259
0 0.465365 0.220370 0.038021 0.153704
0 0.503906 0.258796 0.040104 0.210185
0 0.402344 0.194444 0.023438 0.164815
0 0.370573 0.265278 0.039062 0.197222
0 0.425781 0.279630 0.031771 0.229630
0 0.451302 0.331944 0.024479 0.139815
0 0.493229 0.417130 0.057292 0.341667
0 0.547135 0.479167 0.063021 0.362037
0 0.697917 0.792593 0.131250 0.409259
0 0.194271 0.853704 0.183333 0.238889
0 0.295573 0.436111 0.064062 0.235185
0 0.280729 0.497222 0.042708 0.162963
0 0.350000 0.523611 0.059375 0.367593
0 0.473698 0.130093 0.021354 0.052778
0 0.437240 0.125000 0.016146 0.088889
0 0.383854 0.180556 0.019792 0.170370
0 0.295312 0.556481 0.092708 0.248148
0 0.151562 0.913426 0.138542 0.171296
0 0.592708 0.748611 0.143750 0.491667
0 0.575000 0.817593 0.172917 0.362963
