0 0.402865 0.083796 0.008854 0.043519
0 0.403385 0.131944 0.021354 0.049074
0 0.426302 0.149074 0.022396 0.107407
0 0.425000 0.099537 0.011458 0.067593
0 0.532292 0.438426 0.044792 0.317593
0 0.585677 0.698148 0.198437 0.337037
0 0.211979 0.739815 0.143750 0.431481
0 0.432292 0.065278 0.008333 0.032407
0 0.461719 0.145833 0.027604 0.099074
0 0.442448 0.070833 0.008854 0.049074
0 0.436719 0.243056 0.020313 0.110185
0 0.440625 0.088889 0.011458 0.059259
0 0.374219 0.184722 0.029687 0.091667
0 0.453385 0.118519 0.013021 0.081481
0 0.361198 0.217130 0.038021 0.102778
0 0.418750 0.077315 0.008333 0.049074
0 0.363542 0.269907 0.064583 0.152778
0 0.425781 0.192593 0.033854 0.142593
0 0.351823 0.282870 0.061979 0.149074
0 0.485677 0.240741 0.045312 0.120370
0 0.396094 0.195833 0.027604 0.156481
0 0.499740 0.445370 0.047396 0.337037
0 0.548438 0.561111 0.130208 0.272222
0 0.566667 0.601389 0.093750 0.276852
0 0.355469 0.182870 0.026562 0.136111
0 0.283333 0.443056 0.060417 0.182407
0 0.300000 0.529630 0.095833 0.244444
0 0.239063 0.645833 0.129167 0.341667
0 0.372396 0.256481 0.053125 0.151852
0 0.384635 0.144907 0.016146 0.115741
0 0.621094 0.814352 0.165104 0.367593
0 0.670312 0.806944 0.139583 0.384259
