0 0.399479 0.494907 0.066667 0.337963
0 0.425781 0.433796 0.042188 0.249074
0 0.464323 0.462037 0.052604 0.342593
0 0.470313 0.388889 0.044792 0.148148
0 0.458333 0.249537 0.027083 0.139815
0 0.484896 0.256019 0.025000 0.139815
0 0.476562 0.225463 0.019792 0.132407
0 0.508594 0.223611 0.024479 0.113889
0 0.457552 0.210648 0.025521 0.123148
0 0.445833 0.205556 0.017708 0.103704
0 0.486198 0.195833 0.010937 0.076852
0 0.496615 0.169907 0.013021 0.075000
0 0.479427 0.126389 0.005729 0.034259
0 0.483333 0.128704 0.005208 0.037037
0 0.520312 0.763889 0.093750 0.461111
0 0.524219 0.903704 0.071354 0.190741
