0 0.592448 0.766667 0.191146 0.368519
0 0.580208 0.665278 0.096875 0.306481
0 0.514062 0.727315 0.078125 0.243519
0 0.575521 0.495370 0.076042 0.200000
0 0.532813 0.467593 0.092708 0.220370
0 0.471094 0.204167 0.026562 0.097222
0 0.487760 0.216204 0.028646 0.154630
0 0.494010 0.303241 0.047396 0.104630
0 0.438021 0.070833 0.008333 0.037963
0 0.456250 0.099074 0.005208 0.046296
0 0.445833 0.082407 0.008333 0.042593
0 0.441146 0.087500 0.008333 0.052778
0 0.432812 0.115741 0.017708 0.088889
0 0.424219 0.081481 0.007812 0.048148
0 0.410417 0.079167 0.011458 0.060185
0 0.353385 0.158796 0.017188 0.110185
0 0.407031 0.148148 0.019271 0.112963
0 0.394792 0.184722 0.023958 0.178704
0 0.373437 0.209259 0.033333 0.159259
0 0.341406 0.184259 0.017188 0.120370
0 0.344792 0.235185 0.033333 0.131481
0 0.316406 0.415278 0.089063 0.228704
0 0.291146 0.468981 0.084375 0.263889
0 0.238281 0.681481 0.143229 0.353704
0 0.627083 0.863426 0.055208 0.265741
0 0.648438 0.902778 0.095833 0.192593
