0 0.433854 0.084722 0.008333 0.047222
0 0.367708 0.208796 0.036458 0.097222
0 0.371875 0.161574 0.016667 0.108333
0 0.438281 0.251852 0.035937 0.196296
0 0.578125 0.730093 0.134375 0.334259
0 0.789583 0.693056 0.081250 0.300926
0 0.361198 0.249074 0.054688 0.140741
0 0.570573 0.618056 0.106771 0.306481
0 0.446094 0.085185 0.009896 0.042593
0 0.437500 0.094444 0.010417 0.059259
0 0.423698 0.084259 0.008854 0.046296
0 0.545833 0.450926 0.050000 0.325926
0 0.392448 0.156944 0.015104 0.112037
0 0.407552 0.206944 0.029687 0.175000
0 0.863542 0.749074 0.085417 0.331481
0 0.523177 0.423148 0.096354 0.212963
0 0.352865 0.148611 0.017188 0.097222
0 0.310417 0.365278 0.042708 0.304630
0 0.472917 0.255093 0.031250 0.189815
0 0.582292 0.476852 0.047917 0.292593
0 0.292448 0.512500 0.082812 0.254630
0 0.636198 0.847222 0.184896 0.298148
