0 0.544010 0.301389 0.027604 0.150926
0 0.411979 0.239815 0.016667 0.062963
0 0.408854 0.207407 0.021875 0.090741
0 0.413021 0.160648 0.018750 0.073148
0 0.137500 0.177778 0.015625 0.092593
0 0.238542 0.222685 0.026042 0.113889
0 0.512500 0.181019 0.016667 0.093519
0 0.536979 0.556019 0.029167 0.200926
0 0.478125 0.248148 0.022917 0.131481
0 0.482552 0.547222 0.065104 0.335185
0 0.493490 0.306019 0.036979 0.162037
0 0.525781 0.173611 0.015104 0.084259
0 0.127865 0.184722 0.018229 0.100926
0 0.514844 0.718981 0.081771 0.437963
0 0.448437 0.755556 0.102083 0.377778
0 0.518490 0.310185 0.030729 0.159259
0 0.210677 0.225926 0.023438 0.109259
0 0.487240 0.188889 0.015104 0.116667
0 0.496875 0.247685 0.022917 0.121296
0 0.113802 0.795370 0.077604 0.405556
0 0.243750 0.811574 0.091667 0.375000
0 0.534375 0.826852 0.102083 0.344444
