0 0.401562 0.196759 0.018750 0.095370
0 0.113021 0.175000 0.016667 0.051852
0 0.127344 0.188889 0.016146 0.046296
0 0.138021 0.160185 0.018750 0.096296
0 0.679688 0.717593 0.073958 0.364815
0 0.415104 0.220833 0.018750 0.086111
0 0.473177 0.302778 0.043229 0.161111
0 0.525521 0.329630 0.028125 0.135185
0 0.429948 0.666667 0.096354 0.414815
0 0.499479 0.237500 0.033333 0.115741
0 0.483333 0.298611 0.029167 0.154630
0 0.486458 0.141667 0.011458 0.066667
0 0.508333 0.299074 0.027083 0.153704
0 0.120052 0.160185 0.014063 0.096296
0 0.408333 0.149537 0.013542 0.073148
0 0.477604 0.142130 0.009375 0.058333
0 0.410156 0.573148 0.044271 0.320370
0 0.420052 0.202315 0.014063 0.113889
0 0.497656 0.150926 0.008854 0.061111
0 0.676302 0.881481 0.066146 0.233333
