0 0.641146 0.320370 0.059375 0.327778
0 0.674740 0.287037 0.043229 0.275926
0 0.647396 0.225463 0.036458 0.247222
0 0.681771 0.205556 0.038542 0.237037
0 0.695573 0.220370 0.042188 0.233333
0 0.709375 0.192593 0.037500 0.211111
0 0.723698 0.200000 0.042188 0.214815
0 0.734115 0.222222 0.054688 0.253704
0 0.748437 0.259259 0.058333 0.246296
0 0.748177 0.465278 0.073438 0.382407
0 0.892969 0.639352 0.116146 0.497222
0 0.438281 0.355556 0.014063 0.070370
0 0.079427 0.135648 0.015104 0.104630
0 0.072135 0.156019 0.029687 0.121296
0 0.077865 0.471759 0.006771 0.026852
0 0.102083 0.509722 0.008333 0.056481
0 0.070833 0.510648 0.008333 0.041667
0 0.076302 0.516667 0.008854 0.037037
0 0.081250 0.516667 0.009375 0.037037
0 0.075521 0.554167 0.009375 0.050926
0 0.069010 0.550926 0.007812 0.044444
0 0.094271 0.562037 0.010417 0.079630
0 0.087760 0.561574 0.008854 0.073148
0 0.736979 0.060185 0.035417 0.118519
