0 0.428125 0.077778 0.011458 0.059259
0 0.403125 0.075926 0.010417 0.051852
0 0.430208 0.100000 0.014583 0.070370
0 0.423438 0.108796 0.016667 0.080556
0 0.400260 0.123611 0.015104 0.086111
0 0.370833 0.157870 0.018750 0.106481
0 0.387240 0.197685 0.018229 0.150926
0 0.374740 0.200463 0.031771 0.152778
0 0.422396 0.257870 0.038542 0.204630
0 0.451042 0.222685 0.027083 0.182407
0 0.492448 0.246759 0.039062 0.137963
0 0.420052 0.284259 0.045312 0.177778
0 0.367448 0.237500 0.055729 0.143519
0 0.361719 0.252315 0.056771 0.136111
0 0.353125 0.269444 0.052083 0.125926
0 0.286719 0.391204 0.060937 0.319444
0 0.307292 0.426389 0.060417 0.352778
0 0.430469 0.468519 0.070312 0.361111
0 0.534115 0.421296 0.044271 0.290741
0 0.580729 0.555093 0.143750 0.284259
0 0.632031 0.562963 0.079687 0.405556
0 0.480469 0.523148 0.073438 0.309259
0 0.584896 0.713426 0.092708 0.508333
0 0.574219 0.677315 0.190104 0.280556
0 0.283073 0.531019 0.126562 0.299074
0 0.236458 0.637963 0.141667 0.355556
0 0.223177 0.758796 0.176563 0.426852
0 0.664583 0.846759 0.170833 0.304630
