0 0.411719 0.098611 0.027604 0.099074
0 0.354427 0.065741 0.021354 0.057407
0 0.396094 0.198148 0.031771 0.118519
0 0.196615 0.285648 0.041146 0.165741
0 0.217708 0.262500 0.029167 0.139815
0 0.275000 0.200000 0.030208 0.148148
0 0.293750 0.100463 0.026042 0.112037
0 0.337760 0.122222 0.024479 0.094444
0 0.358854 0.156944 0.037500 0.121296
0 0.355208 0.197222 0.034375 0.122222
0 0.332292 0.177315 0.033333 0.097222
0 0.322396 0.154167 0.028125 0.119444
0 0.318229 0.164815 0.028125 0.105556
0 0.301563 0.180556 0.027083 0.129630
0 0.308073 0.253704 0.047396 0.168519
0 0.331250 0.292130 0.045833 0.160185
0 0.348177 0.268056 0.033854 0.143519
0 0.350000 0.223148 0.026042 0.127778
0 0.374219 0.226852 0.032813 0.129630
0 0.382031 0.298148 0.050521 0.172222
0 0.395833 0.281481 0.036458 0.181481
0 0.403125 0.240741 0.029167 0.133333
0 0.407292 0.187037 0.026042 0.114815
0 0.432552 0.194444 0.035937 0.122222
0 0.444271 0.168519 0.040625 0.127778
0 0.517448 0.096296 0.018229 0.114815
0 0.546094 0.043056 0.016146 0.080556
0 0.559375 0.081481 0.019792 0.105556
0 0.509635 0.098148 0.023438 0.114815
0 0.520573 0.172685 0.022396 0.165741
0 0.475000 0.168519 0.037500 0.177778
0 0.496094 0.170833 0.027604 0.169444
0 0.530469 0.187500 0.038021 0.191667
0 0.548958 0.145370 0.027083 0.140741
0 0.597656 0.224537 0.040104 0.197222
0 0.562760 0.289815 0.063021 0.250000
0 0.617708 0.345833 0.044792 0.282407
0 0.112500 0.385185 0.063542 0.224074
0 0.049219 0.316667 0.059896 0.275926
0 0.067708 0.504167 0.068750 0.276852
0 0.220573 0.416204 0.044271 0.191667
0 0.269531 0.412963 0.057813 0.205556
0 0.326302 0.450000 0.069271 0.224074
0 0.285938 0.528704 0.078125 0.272222
0 0.204948 0.552778 0.079687 0.331481
0 0.183073 0.593056 0.067187 0.267593
0 0.102604 0.562500 0.071875 0.258333
0 0.036719 0.555093 0.063021 0.247222
0 0.122917 0.781481 0.100000 0.387037
0 0.409115 0.043981 0.020313 0.087963
0 0.425521 0.041204 0.013542 0.069444
0 0.527083 0.068981 0.016667 0.095370
0 0.386458 0.030556 0.014583 0.057407
0 0.071875 0.841204 0.142708 0.315741
0 0.658073 0.813426 0.123438 0.371296
0 0.609115 0.824074 0.115104 0.350000
