0 0.228385 0.404630 0.017188 0.096296
0 0.711458 0.080556 0.026042 0.161111
0 0.753125 0.187037 0.018750 0.070370
0 0.731250 0.130556 0.043750 0.175926
0 0.341667 0.375000 0.014583 0.092593
0 0.379167 0.063426 0.020833 0.117593
0 0.060937 0.154167 0.036458 0.156481
0 0.013802 0.152778 0.026562 0.131481
0 0.728385 0.350000 0.053646 0.316667
0 0.682292 0.355093 0.060417 0.362037
0 0.501563 0.645370 0.092708 0.477778
0 0.726562 0.037963 0.012500 0.066667
0 0.743229 0.038889 0.018750 0.077778
0 0.351562 0.051852 0.019792 0.103704
0 0.336198 0.054167 0.019271 0.104630
0 0.413021 0.370370 0.014583 0.070370
0 0.392448 0.368056 0.021354 0.108333
0 0.359375 0.365278 0.022917 0.104630
