0 0.430729 0.103704 0.017708 0.088889
0 0.414062 0.073148 0.010417 0.053704
0 0.402083 0.070833 0.008333 0.043519
0 0.396354 0.104630 0.014583 0.051852
0 0.389062 0.131481 0.016667 0.066667
0 0.384635 0.138426 0.033854 0.075000
0 0.380208 0.144444 0.028125 0.072222
0 0.364844 0.193519 0.050521 0.111111
0 0.353125 0.213426 0.042708 0.117593
0 0.305469 0.431481 0.078646 0.224074
0 0.296615 0.473148 0.096354 0.283333
0 0.284896 0.544907 0.142708 0.321296
0 0.603125 0.769907 0.190625 0.360185
0 0.945833 0.581019 0.057292 0.286111
0 0.192708 0.858333 0.170833 0.281481
0 0.630469 0.759259 0.108854 0.481481
