0 0.350260 0.168981 0.019271 0.117593
0 0.357812 0.171759 0.021875 0.139815
0 0.366667 0.190278 0.016667 0.141667
0 0.401823 0.209259 0.019271 0.153704
0 0.397656 0.135648 0.017188 0.087963
0 0.406771 0.128704 0.011458 0.083333
0 0.405729 0.069444 0.007292 0.042593
0 0.421094 0.064352 0.008854 0.037963
0 0.435156 0.064815 0.007812 0.035185
0 0.439323 0.072222 0.009896 0.046296
0 0.445312 0.071296 0.005208 0.031481
0 0.437240 0.088889 0.011979 0.053704
0 0.450260 0.091667 0.010937 0.044444
0 0.412240 0.132870 0.020313 0.089815
0 0.425000 0.136111 0.020833 0.103704
0 0.455990 0.134722 0.021354 0.097222
0 0.462240 0.157407 0.010937 0.070370
0 0.477604 0.165278 0.017708 0.106481
0 0.475000 0.206019 0.040625 0.102778
0 0.447917 0.234259 0.020833 0.190741
0 0.489063 0.225463 0.028125 0.182407
0 0.385417 0.208333 0.027083 0.187037
0 0.357552 0.240741 0.035937 0.181481
0 0.416667 0.244444 0.041667 0.227778
0 0.433594 0.287037 0.047396 0.203704
0 0.487240 0.285185 0.048438 0.211111
0 0.321094 0.433796 0.061979 0.241667
0 0.296094 0.465741 0.075521 0.268519
0 0.234635 0.706481 0.139063 0.398148
0 0.300521 0.518519 0.112500 0.255556
0 0.549740 0.542130 0.106771 0.286111
0 0.612500 0.748611 0.137500 0.363889
0 0.604427 0.813889 0.126562 0.368519
0 0.658073 0.892130 0.126562 0.215741
0 0.183073 0.848611 0.113021 0.293519
0 0.153646 0.912037 0.135417 0.174074
