0 0.468229 0.143981 0.012500 0.052778
0 0.570312 0.701389 0.186458 0.354630
0 0.193750 0.793519 0.136458 0.403704
0 0.216927 0.738889 0.152604 0.403704
0 0.264844 0.661111 0.197396 0.374074
0 0.497656 0.716204 0.116146 0.563889
0 0.507812 0.573148 0.057292 0.372222
0 0.587760 0.572685 0.070312 0.439815
0 0.300521 0.506944 0.122917 0.287963
0 0.315104 0.467130 0.086458 0.265741
0 0.551302 0.456019 0.055729 0.315741
0 0.487760 0.463426 0.064062 0.349074
0 0.453385 0.464352 0.067187 0.339815
0 0.434635 0.390741 0.038021 0.257407
0 0.405990 0.403704 0.060937 0.329630
0 0.315104 0.360185 0.048958 0.309259
0 0.354687 0.284722 0.071875 0.162037
0 0.364844 0.266667 0.066146 0.168519
0 0.501302 0.250463 0.035937 0.215741
0 0.435156 0.240741 0.054688 0.218519
0 0.354687 0.212963 0.033333 0.161111
0 0.377344 0.198148 0.015104 0.144444
0 0.392708 0.165278 0.012500 0.126852
0 0.355729 0.177315 0.012500 0.117593
0 0.352083 0.222685 0.035417 0.178704
0 0.382552 0.218056 0.035937 0.160185
0 0.407813 0.216667 0.020833 0.164815
0 0.455208 0.100926 0.016667 0.090741
0 0.454427 0.121759 0.013021 0.093519
0 0.447917 0.120833 0.015625 0.093519
0 0.445052 0.152778 0.025521 0.114815
0 0.403385 0.133796 0.023438 0.102778
0 0.404948 0.073148 0.019271 0.042593
0 0.442188 0.068981 0.010417 0.056481
0 0.437500 0.101389 0.013542 0.067593
0 0.423698 0.077778 0.011979 0.059259
0 0.653125 0.842593 0.100000 0.312963
0 0.333854 0.782407 0.138542 0.433333
