0 0.841667 0.687500 0.088542 0.337963
0 0.256250 0.616667 0.112500 0.338889
0 0.273958 0.513889 0.121875 0.261111
0 0.291667 0.374074 0.038542 0.207407
0 0.404687 0.136111 0.021875 0.105556
0 0.498437 0.231019 0.018750 0.126852
0 0.441667 0.110185 0.012500 0.062963
0 0.431771 0.075463 0.011458 0.047222
0 0.302865 0.468056 0.114062 0.280556
0 0.554948 0.590278 0.065104 0.337963
0 0.366146 0.283333 0.080208 0.166667
0 0.358073 0.203704 0.021354 0.146296
0 0.610417 0.768056 0.166667 0.362037
0 0.210938 0.648611 0.094792 0.575000
0 0.374740 0.174537 0.022396 0.150926
0 0.592708 0.717130 0.091667 0.326852
0 0.384115 0.138426 0.013021 0.086111
0 0.265625 0.536111 0.110417 0.281481
0 0.469271 0.136574 0.011458 0.071296
0 0.576302 0.640278 0.131771 0.317593
0 0.430469 0.104630 0.014063 0.077778
0 0.425260 0.067593 0.006771 0.042593
0 0.639844 0.846759 0.164062 0.304630
