0 0.417969 0.150463 0.019271 0.073148
0 0.404687 0.173611 0.014583 0.080556
0 0.396094 0.193981 0.017188 0.099074
0 0.390625 0.212963 0.013542 0.116667
0 0.422396 0.171296 0.019792 0.085185
0 0.527604 0.459259 0.042708 0.246296
0 0.491406 0.236111 0.029687 0.120370
0 0.496354 0.268519 0.026042 0.142593
0 0.481510 0.151389 0.013021 0.060185
0 0.144792 0.198611 0.023958 0.112037
0 0.478646 0.182870 0.026042 0.100926
0 0.122135 0.159722 0.020313 0.095370
0 0.515885 0.267130 0.030729 0.137963
0 0.505990 0.166204 0.016146 0.073148
0 0.514062 0.311574 0.036458 0.160185
0 0.490365 0.480093 0.059896 0.258333
0 0.520573 0.171759 0.014063 0.076852
0 0.536719 0.640741 0.075521 0.350000
0 0.435156 0.699537 0.068229 0.349074
0 0.493490 0.727315 0.085938 0.367593
0 0.495833 0.205556 0.017708 0.061111
0 0.360677 0.788889 0.086979 0.420370
