0 0.619531 0.799074 0.150521 0.375926
0 0.575521 0.709722 0.186458 0.349074
0 0.224479 0.742593 0.177083 0.400000
0 0.272135 0.575000 0.118229 0.322222
0 0.466406 0.489352 0.077604 0.428704
0 0.547917 0.448148 0.084375 0.316667
0 0.580208 0.506944 0.042708 0.282407
0 0.364583 0.281944 0.044792 0.160185
0 0.360156 0.260648 0.070312 0.117593
0 0.480729 0.241204 0.063542 0.115741
0 0.456771 0.181481 0.022917 0.157407
0 0.466927 0.194444 0.017188 0.114815
0 0.465104 0.195370 0.039583 0.081481
0 0.441146 0.116667 0.015625 0.081481
0 0.450781 0.120833 0.016146 0.093519
0 0.354427 0.175926 0.020313 0.131481
0 0.375521 0.242593 0.051042 0.111111
0 0.364323 0.220370 0.031771 0.074074
0 0.358854 0.208796 0.042708 0.084259
0 0.366927 0.187963 0.044271 0.081481
0 0.370833 0.165741 0.029167 0.075926
0 0.390885 0.142593 0.028646 0.061111
0 0.393490 0.136111 0.031771 0.050000
0 0.381510 0.135185 0.013021 0.096296
0 0.398698 0.125926 0.019271 0.057407
0 0.402344 0.124537 0.021354 0.056481
0 0.400521 0.082870 0.014583 0.039815
0 0.414583 0.065741 0.010417 0.050000
0 0.422396 0.079167 0.011458 0.062037
0 0.433073 0.072222 0.011979 0.050000
