0 0.147917 0.205556 0.012500 0.131481
0 0.494010 0.186111 0.018229 0.098148
0 0.250260 0.227315 0.020313 0.143519
0 0.684896 0.724074 0.064583 0.377778
0 0.161979 0.210648 0.018750 0.130556
0 0.433073 0.653704 0.059896 0.368519
0 0.380469 0.869907 0.088021 0.262037
0 0.538802 0.766204 0.078646 0.412037
0 0.432031 0.363426 0.035937 0.187963
0 0.537500 0.297685 0.019792 0.139815
0 0.205990 0.226389 0.028646 0.130556
0 0.528125 0.287037 0.046875 0.157407
0 0.574740 0.555093 0.059896 0.263889
0 0.505469 0.568056 0.056771 0.332407
0 0.407552 0.191667 0.016146 0.088889
0 0.398438 0.736574 0.089583 0.369444
0 0.469792 0.356944 0.034375 0.202778
0 0.408073 0.498611 0.054688 0.286111
0 0.123438 0.604630 0.019792 0.088889
