0 0.386198 0.134259 0.014063 0.107407
0 0.434635 0.095833 0.014063 0.071296
0 0.430990 0.118056 0.017188 0.075000
0 0.360417 0.250926 0.055208 0.135185
0 0.431250 0.205556 0.019792 0.150000
0 0.565104 0.614815 0.151042 0.257407
0 0.417969 0.676389 0.085938 0.534259
0 0.403385 0.205556 0.029687 0.174074
0 0.476823 0.190741 0.032813 0.100000
0 0.547917 0.587963 0.178125 0.275926
0 0.448437 0.109722 0.018750 0.086111
0 0.586719 0.732407 0.196354 0.333333
0 0.380469 0.152778 0.026562 0.068519
0 0.358594 0.162963 0.029687 0.127778
