0 0.557292 0.459259 0.061458 0.268519
0 0.129688 0.626852 0.025000 0.101852
0 0.491667 0.131019 0.009375 0.056481
0 0.497917 0.138889 0.011458 0.051852
0 0.513021 0.263426 0.028125 0.097222
0 0.483594 0.283796 0.024479 0.113889
0 0.469271 0.325463 0.039583 0.202778
0 0.553125 0.335648 0.032292 0.154630
0 0.502865 0.361574 0.038021 0.173148
0 0.452604 0.410648 0.054167 0.250926
0 0.413281 0.488426 0.054688 0.252778
0 0.457552 0.595833 0.059896 0.349074
0 0.389062 0.178704 0.012500 0.081481
0 0.402344 0.152778 0.014063 0.077778
0 0.404948 0.187963 0.015104 0.090741
0 0.408854 0.236111 0.023958 0.087037
0 0.142187 0.148148 0.016667 0.087037
0 0.126823 0.161574 0.017188 0.100926
0 0.120313 0.181019 0.017708 0.097222
0 0.233594 0.246759 0.025521 0.139815
0 0.450781 0.530556 0.057813 0.300000
0 0.500521 0.207870 0.018750 0.084259
0 0.441667 0.652315 0.077083 0.336111
0 0.523177 0.300000 0.033854 0.146296
0 0.391927 0.168519 0.010937 0.044444
0 0.500521 0.334259 0.033333 0.161111
0 0.426823 0.128704 0.013021 0.053704
0 0.515365 0.167130 0.015104 0.069444
0 0.545052 0.342593 0.038021 0.164815
0 0.422917 0.224074 0.019792 0.103704
0 0.474479 0.191204 0.018750 0.093519
0 0.144010 0.157870 0.019271 0.082407
0 0.517969 0.384722 0.044271 0.208333
0 0.117448 0.161111 0.017188 0.100000
0 0.493750 0.245370 0.023958 0.100000
0 0.109375 0.221759 0.019792 0.130556
0 0.412500 0.403241 0.040625 0.217593
0 0.489063 0.196759 0.019792 0.097222
0 0.504427 0.470370 0.050521 0.244444
0 0.524479 0.756019 0.047917 0.239815
0 0.585156 0.876389 0.105729 0.245370
0 0.473958 0.860185 0.101042 0.277778
