0 0.227865 0.222685 0.035937 0.136111
0 0.129948 0.235648 0.030729 0.115741
0 0.539062 0.285648 0.036458 0.156481
0 0.248958 0.251389 0.031250 0.134259
0 0.529167 0.443981 0.048958 0.239815
0 0.432552 0.535185 0.064062 0.298148
0 0.544010 0.735648 0.080729 0.426852
0 0.266406 0.249074 0.031771 0.137037
0 0.490625 0.365278 0.040625 0.193519
0 0.563281 0.419907 0.049479 0.230556
0 0.515104 0.271296 0.029167 0.144444
0 0.461719 0.493981 0.042188 0.221296
0 0.420833 0.396759 0.046875 0.182407
0 0.679688 0.679630 0.089583 0.383333
0 0.479427 0.434722 0.036979 0.219444
0 0.489844 0.327778 0.036979 0.155556
0 0.457292 0.380556 0.039583 0.200000
0 0.485677 0.802778 0.073438 0.385185
0 0.425260 0.821296 0.072396 0.335185
