0 0.149219 0.186574 0.019271 0.097222
0 0.142969 0.660185 0.071354 0.246296
0 0.523698 0.163426 0.011979 0.071296
0 0.421094 0.164352 0.021354 0.086111
0 0.401562 0.169444 0.016667 0.118519
0 0.485677 0.275926 0.034896 0.172222
0 0.489063 0.366204 0.047917 0.212037
0 0.526563 0.434259 0.043750 0.227778
0 0.422656 0.414815 0.067187 0.225926
0 0.185677 0.586574 0.063021 0.262037
0 0.388542 0.192593 0.017708 0.109259
0 0.528906 0.221759 0.021354 0.050926
0 0.526302 0.348148 0.034896 0.233333
0 0.484896 0.163889 0.015625 0.070370
0 0.500521 0.397222 0.045833 0.229630
0 0.495312 0.220370 0.017708 0.101852
0 0.553906 0.343519 0.034896 0.175926
0 0.541927 0.203704 0.021354 0.088889
0 0.496615 0.564352 0.065104 0.336111
0 0.485677 0.209259 0.021354 0.098148
0 0.410938 0.142130 0.015625 0.056481
0 0.512240 0.203704 0.022396 0.103704
0 0.549740 0.267593 0.026562 0.081481
0 0.230469 0.511111 0.036979 0.198148
