0 0.632552 0.725000 0.149479 0.462963
0 0.551823 0.591667 0.134896 0.290741
0 0.567708 0.625926 0.060417 0.470370
0 0.558333 0.433796 0.065625 0.312037
0 0.486198 0.242593 0.048438 0.120370
0 0.480208 0.193056 0.039583 0.139815
0 0.455208 0.113889 0.014583 0.068519
0 0.444792 0.193056 0.028125 0.141667
0 0.419271 0.221296 0.038542 0.166667
0 0.408073 0.176389 0.026562 0.119444
0 0.444531 0.089815 0.010937 0.059259
0 0.439844 0.109259 0.016146 0.074074
0 0.412500 0.060648 0.013542 0.039815
0 0.419792 0.105556 0.013542 0.068519
0 0.390365 0.137963 0.018229 0.070370
0 0.375521 0.171759 0.017708 0.141667
0 0.359896 0.170833 0.033333 0.112037
0 0.360417 0.205093 0.019792 0.143519
0 0.343490 0.348148 0.066146 0.344444
0 0.284375 0.369444 0.059375 0.300000
0 0.304948 0.550000 0.119271 0.277778
0 0.378906 0.608333 0.090104 0.196296
0 0.242188 0.607870 0.127083 0.300926
0 0.226823 0.743519 0.165104 0.398148
0 0.105990 0.920833 0.109896 0.156481
0 0.655990 0.850463 0.189062 0.297222
