0 0.454167 0.114815 0.012500 0.075926
0 0.426563 0.089352 0.011458 0.069444
0 0.430208 0.085648 0.011458 0.060185
0 0.438021 0.086111 0.012500 0.053704
0 0.437500 0.101389 0.009375 0.056481
0 0.450000 0.074537 0.008333 0.050926
0 0.457031 0.136111 0.019271 0.109259
0 0.466146 0.162963 0.028125 0.072222
0 0.388542 0.130556 0.017708 0.101852
0 0.400781 0.140741 0.018229 0.103704
0 0.433073 0.129630 0.017188 0.092593
0 0.414062 0.156019 0.026042 0.130556
0 0.365625 0.201389 0.027083 0.160185
0 0.338021 0.187500 0.025000 0.147222
0 0.462760 0.174537 0.025521 0.078704
0 0.481250 0.205093 0.038542 0.112037
0 0.433333 0.176852 0.013542 0.062963
0 0.392708 0.267593 0.048958 0.231481
0 0.547656 0.463889 0.090104 0.264815
0 0.489844 0.337037 0.061979 0.266667
0 0.445833 0.366204 0.046875 0.180556
0 0.315365 0.409259 0.070312 0.231481
0 0.295312 0.466204 0.112500 0.254630
0 0.278646 0.561111 0.135417 0.301852
0 0.561198 0.551389 0.104688 0.278704
0 0.589063 0.765278 0.213542 0.354630
0 0.227604 0.706481 0.136458 0.403704
