0 0.284375 0.616204 0.172917 0.343519
0 0.303646 0.412500 0.089583 0.202778
0 0.361979 0.176389 0.026042 0.125000
0 0.545833 0.594907 0.107292 0.295370
0 0.415104 0.142593 0.014583 0.101852
0 0.452344 0.099074 0.014063 0.074074
0 0.390885 0.213426 0.021354 0.134259
0 0.489323 0.235185 0.038021 0.175926
0 0.275521 0.538426 0.127083 0.291667
0 0.441406 0.131019 0.021354 0.097222
0 0.469792 0.164815 0.027083 0.124074
0 0.357031 0.290741 0.054688 0.137037
0 0.353646 0.216204 0.036458 0.093519
0 0.578125 0.636111 0.134375 0.296296
0 0.433594 0.091667 0.010937 0.055556
0 0.604427 0.778241 0.193229 0.363889
0 0.288021 0.443981 0.090625 0.212037
0 0.379427 0.197222 0.023438 0.157407
0 0.424219 0.239352 0.045312 0.197222
0 0.172396 0.854630 0.180208 0.288889
