0 0.727083 0.106481 0.027083 0.168519
0 0.759375 0.211574 0.056250 0.210185
0 0.745052 0.387500 0.064062 0.343519
0 0.678906 0.391667 0.068229 0.329630
0 0.632292 0.339352 0.037500 0.286111
0 0.233854 0.472685 0.025000 0.087963
0 0.710156 0.257407 0.053646 0.164815
0 0.363021 0.394444 0.018750 0.090741
0 0.765625 0.147685 0.031250 0.150926
0 0.665625 0.118981 0.038542 0.180556
0 0.230729 0.418519 0.027083 0.061111
0 0.377604 0.454167 0.022917 0.087963
0 0.070052 0.123611 0.023438 0.132407
0 0.788542 0.251389 0.050000 0.254630
0 0.695573 0.108796 0.032813 0.167593
0 0.355729 0.468519 0.021875 0.090741
0 0.774479 0.099537 0.035417 0.132407
0 0.660417 0.325463 0.046875 0.280556
0 0.727865 0.151852 0.043229 0.198148
0 0.537760 0.793519 0.153646 0.411111
