0 0.608594 0.773148 0.192188 0.377778
0 0.574219 0.634722 0.142187 0.291667
0 0.543750 0.581944 0.114583 0.289815
0 0.184375 0.665278 0.085417 0.569444
0 0.297656 0.549074 0.063021 0.488889
0 0.276042 0.542130 0.123958 0.297222
0 0.309375 0.483333 0.106250 0.264815
0 0.300781 0.439815 0.086979 0.237037
0 0.479427 0.265278 0.045312 0.197222
0 0.435417 0.259722 0.046875 0.195370
0 0.360938 0.287963 0.060417 0.137037
0 0.353125 0.213426 0.039583 0.110185
0 0.363542 0.187500 0.032292 0.104630
0 0.371354 0.177778 0.046875 0.105556
0 0.462240 0.174537 0.029687 0.143519
0 0.380990 0.146759 0.031771 0.080556
0 0.394792 0.128704 0.016667 0.098148
0 0.445052 0.099537 0.015104 0.071296
0 0.430990 0.097222 0.016146 0.072222
0 0.436458 0.087963 0.008333 0.055556
0 0.441146 0.082407 0.008333 0.040741
0 0.447917 0.081481 0.010417 0.061111
0 0.440365 0.072685 0.009896 0.058333
0 0.431771 0.069444 0.009375 0.050000
0 0.423177 0.075463 0.009896 0.050926
0 0.417969 0.090741 0.016146 0.072222
0 0.407552 0.073148 0.010937 0.061111
0 0.234375 0.758333 0.090625 0.479630
