0 0.123958 0.225463 0.015625 0.091667
0 0.142708 0.244444 0.022917 0.125926
0 0.155208 0.203704 0.021875 0.105556
0 0.177344 0.248148 0.028646 0.127778
0 0.420052 0.203241 0.020313 0.097222
0 0.528646 0.217130 0.021875 0.093519
0 0.496354 0.236574 0.018750 0.095370
0 0.530469 0.274537 0.025521 0.128704
0 0.538021 0.308333 0.030208 0.146296
0 0.515104 0.331481 0.027083 0.135185
0 0.489063 0.309259 0.033333 0.166667
0 0.467448 0.348611 0.031771 0.165741
0 0.438021 0.326852 0.027083 0.135185
0 0.458073 0.383333 0.039062 0.214815
0 0.405208 0.394907 0.033333 0.200926
0 0.439844 0.415278 0.041146 0.180556
0 0.476562 0.419444 0.044792 0.242593
0 0.534896 0.389352 0.053125 0.202778
0 0.434375 0.528241 0.050000 0.263889
0 0.382812 0.577778 0.053125 0.309259
0 0.401302 0.691204 0.075521 0.358333
0 0.449740 0.615741 0.063021 0.301852
0 0.472396 0.654630 0.059375 0.372222
0 0.550781 0.619444 0.075521 0.392593
0 0.537240 0.699074 0.071354 0.370370
0 0.493229 0.715741 0.094792 0.379630
0 0.540104 0.775463 0.058333 0.289815
0 0.573438 0.890741 0.125000 0.216667
0 0.395833 0.900926 0.088542 0.196296
