0 0.484115 0.054167 0.014063 0.082407
0 0.451562 0.068519 0.011458 0.109259
0 0.446615 0.363889 0.047396 0.283333
0 0.489844 0.456944 0.035937 0.345370
0 0.594271 0.255093 0.039583 0.228704
0 0.537240 0.269907 0.024479 0.191667
0 0.521615 0.173148 0.030729 0.161111
0 0.566146 0.075926 0.014583 0.098148
0 0.469271 0.181481 0.028125 0.170370
0 0.432031 0.201389 0.035937 0.156481
0 0.411458 0.239352 0.030208 0.119444
0 0.356250 0.188889 0.031250 0.129630
0 0.318490 0.148148 0.042188 0.137037
0 0.304948 0.189815 0.027604 0.138889
0 0.298698 0.113889 0.021354 0.129630
0 0.271354 0.159722 0.025000 0.143519
0 0.270833 0.234722 0.030208 0.143519
0 0.222396 0.180093 0.029167 0.178704
0 0.176823 0.236111 0.044271 0.177778
0 0.224479 0.275000 0.039583 0.161111
0 0.177344 0.254167 0.045312 0.219444
0 0.313542 0.450000 0.071875 0.209259
0 0.275781 0.542593 0.066146 0.287037
0 0.188021 0.598148 0.076042 0.259259
0 0.185417 0.729630 0.076042 0.311111
0 0.305208 0.183333 0.028125 0.125926
0 0.463021 0.573148 0.066667 0.374074
0 0.335156 0.237500 0.025521 0.130556
0 0.579948 0.157870 0.030729 0.150926
0 0.534115 0.746296 0.076563 0.455556
0 0.284375 0.114352 0.016667 0.136111
0 0.535677 0.106019 0.029687 0.108333
0 0.250000 0.163889 0.022917 0.120370
0 0.410938 0.479167 0.066667 0.363889
0 0.221354 0.212963 0.025000 0.135185
0 0.477344 0.138889 0.018229 0.146296
0 0.286458 0.287963 0.043750 0.162963
0 0.398438 0.132407 0.020833 0.090741
0 0.253646 0.312500 0.045833 0.236111
0 0.190104 0.300000 0.026042 0.161111
0 0.348177 0.128241 0.034896 0.125000
0 0.618750 0.787963 0.132292 0.372222
0 0.329427 0.418981 0.070312 0.215741
0 0.191927 0.439815 0.061979 0.212963
0 0.611719 0.395833 0.044271 0.308333
0 0.134896 0.536111 0.060417 0.253704
0 0.416406 0.224537 0.024479 0.136111
0 0.097656 0.568519 0.077604 0.272222
0 0.546615 0.511111 0.065104 0.340741
0 0.162760 0.860185 0.113021 0.277778
0 0.622917 0.740741 0.093750 0.385185
0 0.596875 0.803241 0.090625 0.391667
0 0.521094 0.809722 0.154688 0.378704
0 0.383073 0.818056 0.126562 0.362037
