0 0.352083 0.481481 0.022917 0.105556
0 0.754427 0.078241 0.028646 0.154630
0 0.692708 0.072685 0.031250 0.145370
0 0.724740 0.095370 0.027604 0.151852
0 0.757031 0.175926 0.042188 0.229630
0 0.678646 0.278704 0.053125 0.274074
0 0.675260 0.400926 0.095312 0.364815
0 0.632292 0.468056 0.038542 0.234259
0 0.798438 0.464352 0.070833 0.378704
0 0.745573 0.505556 0.074479 0.392593
0 0.871615 0.478241 0.060937 0.375000
0 0.931250 0.482870 0.055208 0.369444
0 0.848437 0.674537 0.084375 0.460185
0 0.922656 0.728241 0.074479 0.450926
0 0.615625 0.760185 0.228125 0.474074
