0 0.457552 0.103241 0.020313 0.084259
0 0.470833 0.105093 0.018750 0.078704
0 0.361719 0.074074 0.011979 0.101852
0 0.329688 0.074074 0.021875 0.120370
0 0.299740 0.117593 0.021354 0.125926
0 0.413281 0.243981 0.038021 0.126852
0 0.316667 0.229630 0.034375 0.120370
0 0.219792 0.168519 0.034375 0.138889
0 0.344792 0.294444 0.051042 0.157407
0 0.281771 0.288426 0.052083 0.163889
0 0.200260 0.287037 0.044271 0.150000
0 0.316146 0.450463 0.073958 0.217593
0 0.192448 0.430556 0.066146 0.181481
0 0.132292 0.505093 0.061458 0.226852
0 0.111458 0.371759 0.059375 0.145370
0 0.476302 0.222685 0.031771 0.186111
0 0.550000 0.257407 0.033333 0.214815
0 0.619271 0.304167 0.039583 0.254630
0 0.600521 0.192593 0.021875 0.166667
0 0.547656 0.055093 0.016146 0.080556
0 0.563281 0.054630 0.014063 0.079630
0 0.228385 0.254167 0.045312 0.141667
0 0.327604 0.412963 0.071875 0.220370
0 0.396615 0.081944 0.027604 0.095370
0 0.210677 0.378704 0.046354 0.187037
0 0.265104 0.552778 0.077083 0.261111
0 0.102344 0.561574 0.076563 0.280556
0 0.413542 0.227315 0.037500 0.134259
0 0.048177 0.400926 0.055729 0.172222
0 0.433854 0.082407 0.013542 0.055556
0 0.114583 0.866667 0.084375 0.257407
0 0.360156 0.192593 0.033854 0.094444
0 0.461719 0.243056 0.043229 0.226852
0 0.348438 0.071296 0.020833 0.092593
0 0.337240 0.213889 0.033854 0.081481
0 0.520833 0.247222 0.051042 0.231481
0 0.314583 0.088889 0.020833 0.090741
0 0.592448 0.331944 0.055729 0.260185
0 0.265625 0.206019 0.030208 0.099074
0 0.581250 0.206944 0.026042 0.180556
0 0.517448 0.129630 0.035937 0.138889
0 0.386458 0.308333 0.037500 0.142593
0 0.532031 0.050000 0.013021 0.077778
0 0.311719 0.153704 0.031771 0.105556
0 0.567708 0.075000 0.015625 0.105556
0 0.605469 0.768519 0.122396 0.459259
0 0.518229 0.797685 0.091667 0.402778
0 0.597917 0.830556 0.139583 0.324074
