0 0.610677 0.812963 0.165104 0.327778
0 0.575521 0.703704 0.181250 0.331481
0 0.532552 0.394907 0.048438 0.323148
0 0.543750 0.450463 0.047917 0.345370
0 0.469792 0.352778 0.062500 0.266667
0 0.464844 0.204630 0.039062 0.170370
0 0.466667 0.136574 0.013542 0.073148
0 0.454948 0.136111 0.016146 0.094444
0 0.435156 0.232407 0.021354 0.114815
0 0.445833 0.068519 0.011458 0.046296
0 0.434375 0.078241 0.012500 0.058333
0 0.419010 0.060648 0.009896 0.047222
0 0.418490 0.077315 0.007812 0.045370
0 0.407813 0.065278 0.008333 0.037963
0 0.405208 0.077315 0.010417 0.052778
0 0.401042 0.086574 0.009375 0.060185
0 0.398958 0.171296 0.017708 0.114815
0 0.407031 0.167130 0.021354 0.145370
0 0.383594 0.190278 0.019271 0.141667
0 0.360938 0.174537 0.018750 0.137963
0 0.375521 0.195370 0.026042 0.151852
0 0.363542 0.221296 0.042708 0.114815
0 0.366667 0.243056 0.077083 0.147222
0 0.362760 0.257870 0.065104 0.141667
0 0.347656 0.300000 0.050521 0.151852
0 0.304948 0.548611 0.125521 0.282407
0 0.293490 0.558796 0.070312 0.478704
0 0.227604 0.744444 0.164583 0.396296
0 0.644531 0.844907 0.198437 0.308333
