0 0.769531 0.080093 0.028646 0.160185
0 0.731771 0.139352 0.035417 0.202778
0 0.685677 0.138889 0.041146 0.214815
0 0.657292 0.145370 0.032292 0.198148
0 0.739323 0.520833 0.097396 0.476852
0 0.678906 0.549537 0.075521 0.408333
0 0.485938 0.357870 0.077083 0.300926
0 0.433854 0.370370 0.040625 0.229630
0 0.098437 0.561574 0.036458 0.147222
0 0.042969 0.544907 0.029687 0.154630
0 0.070833 0.118519 0.020833 0.098148
0 0.085156 0.118519 0.027604 0.153704
0 0.044010 0.117593 0.030729 0.129630
0 0.040625 0.175463 0.043750 0.158333
