0 0.663281 0.120370 0.039062 0.188889
0 0.675000 0.146759 0.036458 0.189815
0 0.713021 0.142130 0.031250 0.173148
0 0.699740 0.206481 0.032813 0.214815
0 0.647656 0.225926 0.050521 0.218519
0 0.711198 0.235185 0.047396 0.231481
0 0.789844 0.216204 0.044271 0.278704
0 0.762500 0.242130 0.038542 0.245370
0 0.693750 0.306944 0.075000 0.271296
0 0.655729 0.310185 0.051042 0.290741
0 0.754948 0.427778 0.064062 0.366667
0 0.705208 0.474537 0.048958 0.295370
0 0.377083 0.510185 0.041667 0.166667
0 0.422135 0.432870 0.070312 0.354630
0 0.315104 0.580556 0.095833 0.450000
0 0.414583 0.719907 0.093750 0.515741
