0 0.541406 0.610648 0.069271 0.358333
0 0.478646 0.243519 0.016667 0.105556
0 0.419010 0.225926 0.020313 0.098148
0 0.402865 0.227315 0.020313 0.071296
0 0.488281 0.259722 0.026562 0.125000
0 0.523438 0.193519 0.010417 0.083333
0 0.513542 0.293981 0.020833 0.139815
0 0.508073 0.217593 0.016146 0.105556
0 0.479167 0.145370 0.012500 0.053704
0 0.472656 0.496296 0.051562 0.314815
0 0.426823 0.144907 0.009896 0.054630
0 0.497135 0.144444 0.014063 0.057407
0 0.124479 0.169907 0.021875 0.104630
0 0.496354 0.299537 0.026042 0.128704
0 0.430208 0.526389 0.042708 0.332407
0 0.614583 0.712037 0.089583 0.381481
0 0.682031 0.718519 0.061979 0.366667
0 0.531771 0.302778 0.037500 0.162963
0 0.469792 0.565741 0.059375 0.337037
0 0.412760 0.626389 0.054688 0.315741
0 0.460677 0.654630 0.059896 0.307407
0 0.175260 0.227778 0.018229 0.103704
0 0.200781 0.225463 0.023438 0.115741
0 0.401302 0.157870 0.011979 0.073148
0 0.374219 0.845370 0.080729 0.301852
0 0.186458 0.847685 0.084375 0.302778
0 0.132031 0.837500 0.073438 0.323148
