0 0.109375 0.593981 0.018750 0.115741
0 0.237760 0.470833 0.026562 0.108333
0 0.388281 0.344907 0.008854 0.047222
0 0.728385 0.062037 0.031771 0.120370
0 0.704948 0.099074 0.034896 0.185185
0 0.675260 0.132870 0.025521 0.130556
0 0.766667 0.143056 0.036458 0.197222
0 0.721875 0.267130 0.051042 0.297222
0 0.655990 0.293056 0.067187 0.278704
0 0.054167 0.130556 0.031250 0.142593
0 0.325781 0.762500 0.113021 0.473148
0 0.351042 0.046296 0.020833 0.088889
0 0.446094 0.067593 0.027604 0.131481
0 0.017188 0.136574 0.031250 0.150926
0 0.011719 0.197222 0.019271 0.181481
0 0.427083 0.727778 0.125000 0.533333
