0 0.426563 0.068056 0.006250 0.032407
0 0.419271 0.061574 0.007292 0.039815
0 0.432812 0.059722 0.008333 0.034259
0 0.444531 0.068981 0.007812 0.043519
0 0.439063 0.070833 0.007292 0.039815
0 0.430469 0.080556 0.009896 0.055556
0 0.414323 0.078241 0.008854 0.052778
0 0.396875 0.129630 0.014583 0.090741
0 0.382292 0.125926 0.012500 0.083333
0 0.383854 0.144907 0.036458 0.078704
0 0.406771 0.141204 0.014583 0.104630
0 0.438021 0.100926 0.015625 0.070370
0 0.425521 0.116204 0.010417 0.060185
0 0.440104 0.128704 0.021875 0.098148
0 0.430990 0.139815 0.032813 0.090741
0 0.471094 0.151389 0.016146 0.112037
0 0.432812 0.208796 0.025000 0.160185
0 0.457292 0.238426 0.029167 0.145370
0 0.489323 0.223148 0.044271 0.166667
0 0.377604 0.161574 0.031250 0.086111
0 0.370312 0.175463 0.039583 0.100926
0 0.362760 0.190741 0.043229 0.101852
0 0.353125 0.209259 0.027083 0.081481
0 0.345573 0.213889 0.027604 0.094444
0 0.359115 0.287037 0.052604 0.135185
0 0.460677 0.306944 0.041146 0.200926
0 0.480990 0.447222 0.045312 0.368519
0 0.383594 0.410648 0.066146 0.341667
0 0.299479 0.437037 0.087500 0.231481
0 0.289583 0.462963 0.077083 0.238889
0 0.276823 0.553241 0.123438 0.310185
0 0.475521 0.512037 0.064583 0.403704
0 0.609115 0.523611 0.035937 0.256481
0 0.551302 0.585648 0.102604 0.278704
0 0.576823 0.635648 0.134896 0.293519
0 0.620833 0.774537 0.160417 0.369444
0 0.170313 0.845370 0.186458 0.307407
