0 0.548698 0.080093 0.015104 0.106481
0 0.535937 0.045370 0.016667 0.087037
0 0.515365 0.068519 0.018229 0.105556
0 0.496354 0.062963 0.015625 0.088889
0 0.453125 0.143519 0.029167 0.096296
0 0.397396 0.236574 0.047917 0.130556
0 0.400000 0.133796 0.019792 0.084259
0 0.298438 0.103241 0.021875 0.102778
0 0.330208 0.083796 0.027083 0.110185
0 0.354167 0.150463 0.030208 0.099074
0 0.388281 0.155093 0.025521 0.091667
0 0.450260 0.169444 0.025521 0.103704
0 0.453646 0.160185 0.016667 0.105556
0 0.442188 0.195370 0.025000 0.131481
0 0.549740 0.138426 0.020313 0.139815
0 0.492708 0.143056 0.025000 0.149074
0 0.505729 0.139815 0.026042 0.148148
0 0.269271 0.181019 0.031250 0.184259
0 0.219010 0.175000 0.028646 0.177778
0 0.363802 0.184722 0.029687 0.117593
0 0.335156 0.184722 0.024479 0.123148
0 0.320833 0.259259 0.072917 0.161111
0 0.259375 0.265278 0.043750 0.149074
0 0.216406 0.249074 0.023438 0.144444
0 0.195833 0.269907 0.037500 0.132407
0 0.392448 0.287963 0.053646 0.157407
0 0.530729 0.235648 0.029167 0.184259
0 0.595833 0.254167 0.030208 0.221296
0 0.483073 0.305093 0.033854 0.208333
0 0.545573 0.266204 0.042188 0.208333
0 0.617969 0.392130 0.036979 0.280556
0 0.581250 0.414352 0.063542 0.334259
0 0.592448 0.687500 0.120313 0.437963
0 0.433333 0.410648 0.059375 0.293519
0 0.340885 0.413889 0.052604 0.227778
0 0.323698 0.450000 0.051562 0.205556
0 0.251563 0.439352 0.058333 0.230556
0 0.279427 0.526389 0.054688 0.278704
0 0.174479 0.480093 0.063542 0.319444
0 0.204687 0.397685 0.054167 0.243519
0 0.112760 0.393981 0.042188 0.225000
0 0.044271 0.554167 0.053125 0.358333
0 0.153646 0.711574 0.090625 0.352778
0 0.669531 0.778704 0.105729 0.388889
0 0.671875 0.851852 0.100000 0.294444
0 0.107031 0.889352 0.074479 0.217593
0 0.216927 0.820370 0.117188 0.357407
0 0.483073 0.777778 0.113021 0.442593
0 0.383854 0.793519 0.100000 0.411111
