0 0.724219 0.056481 0.030729 0.112963
0 0.770833 0.083796 0.031250 0.139815
0 0.693490 0.187500 0.030729 0.225000
0 0.667448 0.200000 0.051562 0.244444
0 0.727865 0.181481 0.047396 0.259259
0 0.780469 0.198148 0.035937 0.214815
0 0.677083 0.503704 0.078125 0.403704
0 0.738542 0.541204 0.092708 0.430556
0 0.828906 0.536111 0.106771 0.425926
0 0.384635 0.428704 0.085938 0.307407
0 0.330990 0.556019 0.081771 0.400926
0 0.394531 0.652778 0.065104 0.292593
0 0.081771 0.143519 0.023958 0.151852
0 0.363021 0.060185 0.032292 0.120370
0 0.848698 0.810185 0.155729 0.377778
0 0.694271 0.823611 0.098958 0.347222
0 0.585156 0.773148 0.114062 0.451852
