0 0.371094 0.234722 0.048438 0.137963
0 0.817187 0.556019 0.054167 0.278704
0 0.374219 0.194444 0.025521 0.142593
0 0.357031 0.283796 0.075521 0.147222
0 0.490885 0.244907 0.033854 0.132407
0 0.554167 0.818519 0.141667 0.320370
0 0.320573 0.676389 0.076563 0.419444
0 0.401302 0.118981 0.008854 0.073148
0 0.428646 0.065278 0.008333 0.043519
0 0.402344 0.096296 0.006771 0.053704
0 0.446615 0.096759 0.007812 0.045370
0 0.824479 0.774537 0.084375 0.436111
0 0.436198 0.133796 0.030729 0.095370
0 0.389062 0.196296 0.028125 0.142593
0 0.417448 0.074074 0.008854 0.048148
0 0.360938 0.271296 0.063542 0.153704
0 0.430729 0.076389 0.010417 0.056481
0 0.421875 0.210185 0.026042 0.138889
0 0.458854 0.208333 0.028125 0.153704
0 0.482031 0.197222 0.025521 0.135185
0 0.420052 0.116667 0.016146 0.085185
0 0.581250 0.466204 0.042708 0.352778
0 0.517708 0.501389 0.045833 0.282407
0 0.494271 0.510185 0.060417 0.394444
0 0.532292 0.577778 0.097917 0.453704
0 0.575260 0.714352 0.188021 0.347222
0 0.612240 0.804630 0.115104 0.318519
0 0.398177 0.131944 0.010937 0.073148
0 0.410677 0.577778 0.079687 0.392593
0 0.270313 0.527315 0.097917 0.284259
0 0.258594 0.625926 0.115104 0.314815
0 0.450260 0.143981 0.014063 0.076852
0 0.232031 0.722685 0.161979 0.356481
0 0.281510 0.748611 0.071354 0.412037
0 0.276562 0.853241 0.140625 0.289815
