0 0.475781 0.514815 0.040104 0.240741
0 0.486979 0.316204 0.031250 0.178704
0 0.483854 0.365278 0.032292 0.102778
0 0.517448 0.555556 0.038021 0.242593
0 0.547396 0.568981 0.041667 0.219444
0 0.460938 0.524074 0.048958 0.224074
0 0.420312 0.579630 0.045833 0.237037
0 0.496094 0.673148 0.073438 0.390741
0 0.410677 0.748611 0.117188 0.336111
0 0.547396 0.748611 0.088542 0.412037
0 0.406510 0.262500 0.020313 0.134259
0 0.405729 0.168056 0.019792 0.108333
0 0.517708 0.245370 0.019792 0.116667
0 0.644531 0.858333 0.068229 0.281481
