0 0.873177 0.519907 0.070312 0.215741
0 0.497396 0.112500 0.007292 0.071296
0 0.484635 0.137500 0.010937 0.084259
0 0.460938 0.190278 0.047917 0.086111
0 0.436198 0.096759 0.007812 0.056481
0 0.434896 0.066667 0.013542 0.046296
0 0.422135 0.074074 0.009896 0.044444
0 0.393490 0.097685 0.010937 0.039815
0 0.427865 0.118056 0.020313 0.089815
0 0.416146 0.108333 0.012500 0.079630
0 0.433333 0.186111 0.037500 0.144444
0 0.420573 0.163889 0.017188 0.092593
0 0.406250 0.167130 0.021875 0.137963
0 0.390885 0.180556 0.021354 0.150000
0 0.371094 0.206019 0.029687 0.167593
0 0.360677 0.202778 0.020313 0.144444
0 0.345573 0.194444 0.017188 0.146296
0 0.289844 0.364352 0.033854 0.263889
