0 0.225521 0.756019 0.178125 0.430556
0 0.567708 0.688889 0.175000 0.387037
0 0.271094 0.583333 0.118229 0.316667
0 0.596354 0.517593 0.057292 0.375926
0 0.330469 0.425463 0.064062 0.369444
0 0.368750 0.271759 0.054167 0.139815
0 0.355469 0.261111 0.052604 0.155556
0 0.369531 0.254167 0.039062 0.154630
0 0.344271 0.177778 0.012500 0.092593
0 0.368490 0.185185 0.023438 0.129630
0 0.378125 0.165741 0.018750 0.111111
0 0.479948 0.240278 0.040104 0.154630
0 0.466146 0.256481 0.027083 0.109259
0 0.471354 0.191204 0.045833 0.093519
0 0.458594 0.223148 0.028646 0.111111
0 0.464323 0.157870 0.021354 0.102778
0 0.455208 0.120370 0.012500 0.083333
0 0.433594 0.116667 0.011979 0.081481
0 0.439323 0.144907 0.021354 0.113889
0 0.427344 0.115741 0.014063 0.098148
0 0.434635 0.067593 0.009896 0.042593
0 0.421354 0.072222 0.011458 0.055556
0 0.409375 0.070833 0.010417 0.052778
0 0.634115 0.746759 0.191146 0.504630
0 0.419792 0.831481 0.185417 0.335185
