0 0.472135 0.438426 0.072396 0.352778
0 0.390365 0.515278 0.070312 0.350926
0 0.083594 0.837963 0.159896 0.316667
0 0.047917 0.635185 0.092708 0.153704
0 0.062500 0.666204 0.053125 0.112037
0 0.120313 0.678704 0.089583 0.150000
0 0.072135 0.423611 0.072396 0.121296
0 0.078906 0.444907 0.028646 0.062037
0 0.137760 0.400926 0.075521 0.174074
0 0.166146 0.350000 0.053125 0.088889
0 0.248958 0.573148 0.090625 0.277778
0 0.336458 0.402315 0.060417 0.337963
0 0.253125 0.343519 0.046875 0.094444
0 0.246875 0.263426 0.045833 0.123148
0 0.245052 0.212037 0.070312 0.092593
0 0.183854 0.178704 0.033333 0.150000
0 0.230990 0.138889 0.031771 0.083333
0 0.299479 0.146296 0.028125 0.048148
0 0.271094 0.182407 0.027604 0.053704
0 0.316146 0.198148 0.036458 0.055556
0 0.313021 0.143056 0.027083 0.060185
0 0.303385 0.104167 0.021354 0.060185
0 0.263281 0.098611 0.024479 0.084259
0 0.280990 0.094444 0.020313 0.055556
0 0.308854 0.032407 0.014583 0.037037
0 0.325260 0.075000 0.019271 0.061111
0 0.357552 0.068519 0.026562 0.066667
0 0.407031 0.040741 0.016146 0.038889
0 0.394010 0.049537 0.014063 0.039815
0 0.333073 0.150926 0.026562 0.040741
0 0.354167 0.131944 0.023958 0.037963
0 0.365104 0.149537 0.023958 0.056481
0 0.388281 0.120370 0.025521 0.055556
0 0.415104 0.101852 0.025000 0.055556
0 0.446094 0.064352 0.026562 0.039815
0 0.401042 0.428704 0.054167 0.353704
0 0.392708 0.244907 0.037500 0.082407
0 0.421094 0.194444 0.042188 0.077778
0 0.432031 0.150463 0.029687 0.063889
0 0.447656 0.293056 0.042188 0.250926
0 0.474479 0.326852 0.063542 0.209259
0 0.481771 0.204167 0.046875 0.136111
0 0.483594 0.114815 0.023438 0.094444
0 0.505469 0.152315 0.030729 0.134259
0 0.503385 0.043519 0.016146 0.062963
0 0.517448 0.044444 0.019271 0.066667
0 0.525000 0.093981 0.016667 0.112037
0 0.559375 0.046759 0.013542 0.058333
0 0.544792 0.068981 0.016667 0.073148
0 0.541667 0.208796 0.039583 0.200926
0 0.543750 0.254167 0.030208 0.212037
0 0.586198 0.226389 0.033854 0.156481
0 0.600260 0.308796 0.039062 0.206481
0 0.604167 0.411574 0.059375 0.271296
0 0.617448 0.437500 0.034896 0.202778
0 0.651563 0.759722 0.103125 0.371296
0 0.705729 0.864352 0.101042 0.269444
