0 0.521354 0.268519 0.022917 0.103704
0 0.503385 0.347222 0.033854 0.127778
0 0.521615 0.486111 0.049479 0.237037
0 0.481250 0.665278 0.083333 0.336111
0 0.481250 0.305556 0.051042 0.144444
0 0.538542 0.328241 0.035417 0.152778
0 0.510938 0.423611 0.043750 0.171296
0 0.280469 0.225463 0.019271 0.134259
0 0.239844 0.252315 0.025521 0.137963
0 0.536458 0.638889 0.061458 0.312963
0 0.442188 0.333796 0.037500 0.165741
0 0.491146 0.425000 0.040625 0.227778
0 0.450781 0.443981 0.044271 0.265741
0 0.523177 0.851389 0.105729 0.293519
0 0.307812 0.872685 0.100000 0.252778
