0 0.811458 0.682407 0.085417 0.316667
0 0.927865 0.818056 0.072396 0.356481
0 0.542448 0.438889 0.071354 0.312963
0 0.591406 0.483796 0.039062 0.273148
0 0.562500 0.603241 0.089583 0.291667
0 0.549740 0.657870 0.076563 0.280556
0 0.581771 0.706019 0.184375 0.345370
0 0.291406 0.449537 0.069271 0.363889
0 0.351042 0.457407 0.057292 0.307407
0 0.351302 0.210648 0.021354 0.113889
0 0.360156 0.254630 0.061979 0.148148
0 0.379167 0.174537 0.021875 0.156481
0 0.370833 0.181019 0.019792 0.137963
0 0.408333 0.130556 0.018750 0.088889
0 0.389844 0.216204 0.024479 0.134259
0 0.441667 0.192593 0.014583 0.109259
0 0.431250 0.164352 0.018750 0.128704
0 0.417187 0.197222 0.028125 0.159259
0 0.422917 0.218981 0.025000 0.141667
0 0.461198 0.141667 0.029687 0.074074
0 0.472917 0.190741 0.046875 0.092593
0 0.486979 0.210185 0.028125 0.096296
0 0.415885 0.077315 0.010937 0.058333
0 0.430469 0.065278 0.007812 0.045370
0 0.425781 0.074074 0.008854 0.050000
0 0.440885 0.076852 0.013021 0.050000
0 0.661979 0.828241 0.139583 0.339815
