0 0.428646 0.083796 0.016667 0.067593
0 0.465365 0.077778 0.016146 0.072222
0 0.454167 0.102315 0.019792 0.091667
0 0.397917 0.113889 0.041667 0.098148
0 0.517708 0.058796 0.015625 0.102778
0 0.512240 0.073611 0.021354 0.095370
0 0.564063 0.081481 0.016667 0.105556
0 0.544531 0.082407 0.016146 0.105556
0 0.527344 0.076389 0.017188 0.100926
0 0.534635 0.158796 0.031771 0.165741
0 0.492969 0.150463 0.038021 0.162037
0 0.521094 0.231944 0.040104 0.243519
0 0.520312 0.240278 0.051042 0.241667
0 0.555208 0.255093 0.037500 0.213889
0 0.564063 0.283796 0.040625 0.217593
0 0.587500 0.294444 0.038542 0.238889
0 0.341927 0.126389 0.023438 0.104630
0 0.292448 0.108796 0.021354 0.119444
0 0.298177 0.167130 0.026562 0.121296
0 0.288542 0.174537 0.031250 0.106481
0 0.331250 0.174074 0.026042 0.100000
0 0.371875 0.183796 0.032292 0.106481
0 0.420052 0.153241 0.028646 0.099074
0 0.451562 0.144907 0.030208 0.113889
0 0.444010 0.174074 0.027604 0.118519
0 0.373698 0.218056 0.029687 0.134259
0 0.221354 0.262037 0.046875 0.177778
0 0.282552 0.227315 0.042188 0.154630
0 0.339323 0.265278 0.043229 0.180556
0 0.411719 0.306944 0.064062 0.243519
0 0.287240 0.311111 0.042188 0.233333
0 0.613281 0.384259 0.049479 0.281481
0 0.604167 0.693056 0.083333 0.502778
0 0.095052 0.272685 0.050521 0.228704
0 0.446094 0.503241 0.088021 0.415741
0 0.373177 0.474074 0.067187 0.398148
0 0.333594 0.434722 0.064062 0.262037
0 0.329948 0.447222 0.069271 0.246296
0 0.270573 0.424074 0.050521 0.272222
0 0.225000 0.433333 0.091667 0.259259
0 0.166406 0.422222 0.057813 0.272222
0 0.139583 0.442130 0.071875 0.239815
0 0.085417 0.501389 0.077083 0.287963
0 0.106510 0.468056 0.039062 0.145370
0 0.105729 0.575463 0.071875 0.254630
0 0.266146 0.577778 0.079167 0.266667
0 0.123177 0.746759 0.099479 0.310185
0 0.055729 0.738426 0.077083 0.254630
0 0.096615 0.843519 0.153646 0.309259
0 0.635938 0.780093 0.088542 0.428704
0 0.691146 0.824074 0.094792 0.350000
0 0.299740 0.807870 0.115104 0.382407
0 0.391927 0.769907 0.110937 0.458333
