0 0.483073 0.098611 0.004687 0.019444
0 0.503646 0.158796 0.017708 0.062037
0 0.502344 0.163426 0.011979 0.069444
0 0.517188 0.165278 0.013542 0.069444
0 0.515104 0.219907 0.016667 0.095370
0 0.495833 0.235648 0.019792 0.126852
0 0.530469 0.248148 0.024479 0.120370
0 0.534896 0.251389 0.020833 0.121296
0 0.414062 0.154167 0.010417 0.058333
0 0.407813 0.148148 0.010417 0.055556
0 0.410417 0.180556 0.015625 0.075926
0 0.398958 0.181481 0.015625 0.081481
0 0.401823 0.222685 0.019271 0.097222
0 0.390104 0.167130 0.006250 0.052778
0 0.503906 0.295370 0.040104 0.157407
0 0.470573 0.294907 0.041146 0.169444
0 0.450260 0.310648 0.032813 0.169444
0 0.540104 0.429167 0.045833 0.225000
0 0.686979 0.747685 0.061458 0.421296
0 0.608073 0.684259 0.080729 0.396296
0 0.403125 0.493981 0.053125 0.271296
0 0.437500 0.437037 0.043750 0.229630
0 0.479167 0.470370 0.050000 0.246296
0 0.471354 0.556019 0.057292 0.284259
0 0.420312 0.555556 0.054167 0.307407
0 0.516406 0.671759 0.072396 0.360185
0 0.430469 0.731944 0.067187 0.439815
0 0.153385 0.139815 0.015104 0.087037
0 0.111198 0.206481 0.017188 0.127778
0 0.163021 0.219907 0.021875 0.119444
0 0.233854 0.225926 0.017708 0.124074
0 0.209115 0.603704 0.077604 0.375926
0 0.008073 0.591204 0.015104 0.110185
0 0.210156 0.613889 0.077604 0.400000
0 0.114844 0.653241 0.077604 0.413889
0 0.275521 0.555556 0.014583 0.087037
0 0.277344 0.540278 0.007812 0.032407
0 0.469531 0.800463 0.109896 0.397222
0 0.621354 0.845370 0.103125 0.301852
0 0.241406 0.793056 0.078646 0.410185
0 0.363021 0.802778 0.092708 0.387037
0 0.333073 0.859722 0.081771 0.273148
