0 0.362240 0.265741 0.069271 0.148148
0 0.445052 0.244907 0.047396 0.206481
0 0.504427 0.242593 0.035937 0.196296
0 0.523177 0.463889 0.120313 0.214815
0 0.353646 0.284259 0.075000 0.155556
0 0.627604 0.817130 0.168750 0.362037
0 0.566146 0.695833 0.176042 0.325000
0 0.566927 0.566204 0.109896 0.286111
0 0.247656 0.754167 0.235937 0.419444
0 0.553906 0.599537 0.124479 0.265741
0 0.239844 0.650000 0.147396 0.377778
0 0.311458 0.468519 0.096875 0.283333
0 0.278646 0.504167 0.090625 0.265741
0 0.401042 0.077315 0.009375 0.050926
0 0.409375 0.079167 0.011458 0.054630
0 0.445312 0.073611 0.009375 0.045370
0 0.441667 0.081481 0.012500 0.048148
0 0.428385 0.075926 0.013021 0.061111
0 0.412500 0.110648 0.011458 0.065741
0 0.404948 0.146759 0.022396 0.112037
0 0.429167 0.120370 0.014583 0.075926
0 0.440625 0.116204 0.012500 0.078704
0 0.454427 0.109259 0.016146 0.085185
0 0.468490 0.137963 0.013021 0.103704
0 0.460938 0.149537 0.016667 0.097222
0 0.474740 0.151852 0.019271 0.101852
0 0.451302 0.136574 0.015104 0.093519
0 0.441667 0.155093 0.023958 0.113889
0 0.428906 0.157870 0.021354 0.112037
0 0.397396 0.201852 0.020833 0.148148
0 0.353385 0.216204 0.035937 0.178704
0 0.379948 0.218519 0.029687 0.162963
0 0.405208 0.216204 0.032292 0.158333
0 0.219010 0.811574 0.233854 0.375000
0 0.632812 0.774537 0.098958 0.449074
