0 0.405208 0.073148 0.006250 0.051852
0 0.396875 0.072685 0.009375 0.045370
0 0.444531 0.074537 0.008854 0.047222
0 0.434375 0.082407 0.008333 0.053704
0 0.421094 0.077778 0.008854 0.057407
0 0.368490 0.187500 0.016146 0.132407
0 0.390885 0.191204 0.019271 0.141667
0 0.471354 0.131019 0.014583 0.095370
0 0.477083 0.145833 0.017708 0.082407
0 0.451562 0.139352 0.022917 0.091667
0 0.479687 0.202315 0.027083 0.143519
0 0.451823 0.212500 0.023438 0.147222
0 0.383333 0.219444 0.032292 0.159259
0 0.404687 0.216667 0.027083 0.162963
0 0.435417 0.228241 0.032292 0.171296
0 0.464323 0.235185 0.027604 0.153704
0 0.504687 0.243056 0.039583 0.195370
0 0.364583 0.266204 0.063542 0.134259
0 0.355469 0.284259 0.072396 0.153704
0 0.311458 0.468981 0.089583 0.282407
0 0.284635 0.502315 0.076563 0.273148
0 0.240104 0.623148 0.139583 0.312963
0 0.246615 0.750463 0.233854 0.415741
0 0.524740 0.463426 0.121354 0.217593
0 0.555729 0.567130 0.127083 0.284259
0 0.555469 0.596296 0.124479 0.251852
0 0.576302 0.698611 0.192188 0.337963
0 0.606771 0.810648 0.216667 0.337963
0 0.634896 0.777315 0.087500 0.443519
0 0.191406 0.822685 0.161979 0.352778
