0 0.408333 0.251389 0.029167 0.123148
0 0.494531 0.270370 0.028646 0.131481
0 0.527865 0.282870 0.038021 0.145370
0 0.556250 0.293519 0.027083 0.131481
0 0.541146 0.310648 0.037500 0.158333
0 0.540625 0.373148 0.036458 0.194444
0 0.488021 0.325000 0.030208 0.153704
0 0.469010 0.343981 0.040104 0.184259
0 0.515885 0.393981 0.043229 0.223148
0 0.423698 0.361111 0.046354 0.250000
0 0.464323 0.391667 0.043229 0.220370
0 0.443750 0.418981 0.043750 0.245370
0 0.458073 0.481481 0.046354 0.272222
0 0.507812 0.513426 0.051042 0.247222
0 0.470833 0.559722 0.063542 0.249074
0 0.543229 0.574074 0.071875 0.272222
0 0.525781 0.609722 0.065104 0.326852
0 0.501823 0.700000 0.093229 0.414815
0 0.410156 0.668056 0.076563 0.384259
0 0.440104 0.756019 0.097917 0.434259
0 0.523177 0.755556 0.081771 0.379630
0 0.624479 0.722222 0.090625 0.392593
0 0.689063 0.750463 0.097917 0.423148
0 0.270313 0.243981 0.026042 0.095370
0 0.217188 0.241204 0.026042 0.147222
0 0.111979 0.237963 0.029167 0.129630
0 0.522396 0.779167 0.088542 0.415741
0 0.463802 0.832407 0.105729 0.329630
0 0.439844 0.765278 0.079687 0.430556
