0 0.606510 0.762963 0.158854 0.390741
0 0.579948 0.705556 0.114062 0.303704
0 0.355990 0.490741 0.068229 0.370370
0 0.488802 0.269907 0.045312 0.199074
0 0.496094 0.244907 0.031771 0.184259
0 0.370833 0.216204 0.040625 0.186111
0 0.360677 0.243056 0.047396 0.102778
0 0.358594 0.220370 0.047396 0.101852
0 0.364583 0.196759 0.045833 0.117593
0 0.370573 0.182870 0.039062 0.095370
0 0.374479 0.162500 0.027083 0.075000
0 0.402083 0.205093 0.031250 0.163889
0 0.411979 0.251852 0.023958 0.111111
0 0.429688 0.258796 0.043750 0.193519
0 0.431510 0.210185 0.023438 0.153704
0 0.448177 0.186574 0.020313 0.141667
0 0.458594 0.207407 0.024479 0.151852
0 0.466927 0.218056 0.028646 0.182407
0 0.468750 0.170833 0.037500 0.058333
0 0.387240 0.151852 0.023438 0.137037
0 0.404167 0.085185 0.013542 0.059259
0 0.418490 0.098611 0.011979 0.082407
0 0.427604 0.096759 0.012500 0.093519
0 0.428125 0.071759 0.010417 0.015741
0 0.424740 0.125000 0.021354 0.094444
0 0.440365 0.088889 0.014063 0.064815
0 0.446615 0.086111 0.011979 0.068519
0 0.866146 0.517593 0.058333 0.238889
0 0.725000 0.863889 0.103125 0.270370
0 0.577604 0.751852 0.125000 0.494444
