0 0.227604 0.756944 0.171875 0.428704
0 0.269010 0.579630 0.122396 0.312963
0 0.580990 0.658333 0.167187 0.329630
0 0.575260 0.711574 0.194271 0.352778
0 0.611719 0.795833 0.165104 0.365741
0 0.425781 0.412963 0.074479 0.329630
0 0.362760 0.278704 0.041146 0.146296
0 0.358594 0.261111 0.064062 0.151852
0 0.365104 0.255556 0.053125 0.148148
0 0.375260 0.249074 0.042188 0.135185
0 0.358854 0.179630 0.023958 0.138889
0 0.394531 0.106481 0.020313 0.064815
0 0.373437 0.136111 0.012500 0.109259
0 0.472656 0.248148 0.022396 0.107407
0 0.456771 0.251389 0.033333 0.117593
0 0.474479 0.189815 0.034375 0.088889
0 0.458333 0.186111 0.016667 0.085185
0 0.464323 0.157870 0.021354 0.110185
0 0.396875 0.158796 0.021875 0.128704
0 0.426563 0.112500 0.017708 0.093519
0 0.426823 0.128241 0.023438 0.099074
0 0.441927 0.112037 0.011979 0.079630
0 0.454688 0.107870 0.011458 0.076852
0 0.419010 0.073148 0.015104 0.055556
0 0.442969 0.074537 0.008854 0.041667
