0 0.072135 0.126852 0.024479 0.124074
0 0.026562 0.176389 0.034375 0.156481
0 0.404427 0.408796 0.056771 0.312037
0 0.705990 0.081944 0.031771 0.143519
0 0.674219 0.225926 0.045312 0.238889
0 0.713021 0.254630 0.052083 0.255556
0 0.783594 0.239352 0.046354 0.287963
0 0.787500 0.332407 0.056250 0.287037
0 0.653125 0.401389 0.072917 0.345370
0 0.642188 0.481481 0.066667 0.350000
0 0.721615 0.548611 0.077604 0.380556
0 0.614844 0.711111 0.090104 0.472222
0 0.670833 0.713889 0.082292 0.403704
0 0.753646 0.083796 0.039583 0.160185
0 0.854688 0.785648 0.134375 0.425000
