0 0.766406 0.070833 0.030729 0.136111
0 0.711458 0.143981 0.026042 0.178704
0 0.736458 0.156019 0.033333 0.202778
0 0.677604 0.186111 0.033333 0.196296
0 0.796615 0.270833 0.047396 0.300926
0 0.755990 0.311111 0.054688 0.288889
0 0.732552 0.341204 0.032813 0.189815
0 0.649219 0.299537 0.053646 0.319444
0 0.640365 0.219907 0.025521 0.126852
0 0.882031 0.550463 0.085938 0.471296
0 0.641406 0.643981 0.065104 0.456481
0 0.659635 0.712500 0.077604 0.469444
0 0.536198 0.657870 0.078646 0.484259
0 0.720052 0.064352 0.031771 0.128704
0 0.409115 0.053704 0.022396 0.107407
0 0.435156 0.054167 0.028646 0.108333
0 0.486198 0.744444 0.115104 0.509259
0 0.896354 0.838426 0.089583 0.321296
0 0.845573 0.784722 0.197396 0.426852
0 0.700781 0.788426 0.109896 0.419444
0 0.596875 0.861574 0.141667 0.273148
