0 0.543490 0.275000 0.024479 0.125926
0 0.429948 0.288889 0.028646 0.155556
0 0.530990 0.349537 0.038021 0.173148
0 0.480208 0.417130 0.046875 0.241667
0 0.556250 0.447222 0.043750 0.229630
0 0.683854 0.718056 0.075000 0.362037
0 0.498698 0.332407 0.028646 0.159259
0 0.490104 0.344907 0.027083 0.154630
0 0.518750 0.386574 0.040625 0.186111
0 0.474219 0.358796 0.043229 0.169444
0 0.445573 0.413889 0.023438 0.114815
0 0.484896 0.294907 0.027083 0.149074
0 0.527344 0.535185 0.043229 0.270370
0 0.545573 0.331944 0.026562 0.141667
0 0.589323 0.717593 0.066146 0.401852
0 0.453385 0.309259 0.029687 0.148148
0 0.477604 0.222222 0.016667 0.087037
0 0.418750 0.329167 0.033333 0.160185
0 0.500781 0.227778 0.019271 0.087037
0 0.390885 0.166204 0.013021 0.058333
0 0.237760 0.562963 0.060937 0.312963
