0 0.472917 0.137037 0.011458 0.046296
0 0.500000 0.142130 0.011458 0.054630
0 0.467187 0.203241 0.015625 0.086111
0 0.483073 0.218981 0.017188 0.089815
0 0.504687 0.209259 0.026042 0.120370
0 0.511979 0.244444 0.023958 0.131481
0 0.497917 0.252315 0.033333 0.134259
0 0.482031 0.255556 0.018229 0.112963
0 0.458333 0.269444 0.030208 0.162963
0 0.461458 0.236111 0.019792 0.079630
0 0.458594 0.415741 0.065104 0.316667
0 0.553646 0.368519 0.036458 0.229630
0 0.528125 0.387500 0.051042 0.245370
0 0.421615 0.573148 0.065104 0.412963
