0 0.406250 0.519907 0.086458 0.391667
0 0.333594 0.587037 0.074479 0.427778
0 0.521615 0.314352 0.044271 0.254630
0 0.564844 0.350000 0.045312 0.248148
0 0.607292 0.390741 0.057292 0.322222
0 0.588802 0.330556 0.042188 0.233333
0 0.584115 0.267593 0.026562 0.224074
0 0.557552 0.198611 0.027604 0.160185
0 0.527604 0.162037 0.022917 0.177778
0 0.116406 0.752778 0.106771 0.366667
0 0.065365 0.778241 0.060937 0.310185
0 0.075260 0.476852 0.065104 0.207407
0 0.076302 0.446296 0.052604 0.244444
0 0.252083 0.431944 0.061458 0.208333
0 0.212240 0.407407 0.056771 0.231481
0 0.139844 0.435648 0.064062 0.223148
0 0.107031 0.387500 0.047396 0.234259
0 0.249219 0.292130 0.054688 0.167593
0 0.194531 0.273611 0.053646 0.160185
0 0.265885 0.247222 0.032813 0.131481
0 0.300521 0.280093 0.039583 0.173148
0 0.342969 0.281944 0.032813 0.187963
0 0.377083 0.302778 0.052083 0.188889
0 0.399219 0.286111 0.049479 0.172222
0 0.444792 0.175000 0.034375 0.120370
0 0.439323 0.197222 0.023438 0.120370
0 0.419010 0.231481 0.043229 0.138889
0 0.367708 0.210185 0.029167 0.114815
0 0.337760 0.211574 0.036979 0.128704
0 0.337500 0.180556 0.031250 0.118519
0 0.327083 0.148148 0.041667 0.135185
0 0.460156 0.071296 0.016146 0.085185
0 0.396615 0.132407 0.021354 0.098148
0 0.339844 0.077778 0.019271 0.103704
0 0.501823 0.080556 0.021354 0.114815
0 0.525521 0.069907 0.023958 0.093519
0 0.551042 0.096759 0.025000 0.117593
0 0.021615 0.388426 0.040104 0.262037
0 0.031250 0.470833 0.057292 0.206481
0 0.040365 0.861574 0.071354 0.265741
0 0.456510 0.735185 0.076563 0.522222
0 0.520052 0.752315 0.077604 0.487963
0 0.507812 0.815278 0.097917 0.347222
0 0.564063 0.843519 0.134375 0.309259
0 0.646875 0.800926 0.088542 0.387037
0 0.684375 0.848611 0.103125 0.293519
