0 0.123177 0.182870 0.023438 0.087963
0 0.145833 0.144444 0.018750 0.100000
0 0.512500 0.155093 0.010417 0.060185
0 0.500781 0.256944 0.019271 0.121296
0 0.510156 0.266667 0.021354 0.122222
0 0.527865 0.248611 0.020313 0.113889
0 0.484635 0.287963 0.026562 0.122222
0 0.495052 0.332407 0.035937 0.085185
0 0.558073 0.331944 0.034896 0.169444
0 0.411719 0.410648 0.035937 0.186111
0 0.464323 0.496759 0.052604 0.228704
0 0.491927 0.622222 0.059896 0.331481
0 0.571875 0.682407 0.054167 0.379630
0 0.443229 0.686574 0.061458 0.330556
0 0.223177 0.558333 0.054688 0.279630
0 0.128125 0.618519 0.061458 0.309259
0 0.405990 0.222685 0.017188 0.093519
0 0.534115 0.370370 0.032813 0.198148
0 0.489063 0.184722 0.017708 0.084259
0 0.490365 0.458333 0.044271 0.235185
0 0.390365 0.252315 0.026562 0.117593
0 0.439583 0.479167 0.022917 0.113889
0 0.477083 0.242593 0.020833 0.096296
0 0.399479 0.532407 0.056250 0.287037
0 0.540104 0.197685 0.014583 0.078704
0 0.540104 0.707407 0.089583 0.433333
0 0.386719 0.743056 0.073438 0.434259
0 0.533333 0.258333 0.021875 0.107407
0 0.421354 0.220833 0.016667 0.106481
0 0.489583 0.356019 0.033333 0.176852
0 0.554688 0.286111 0.019792 0.062963
0 0.042188 0.811574 0.060417 0.375000
0 0.115104 0.824074 0.090625 0.350000
0 0.331510 0.834722 0.106771 0.328704
0 0.384115 0.840278 0.073438 0.317593
0 0.466146 0.816204 0.091667 0.363889
0 0.644531 0.789815 0.070312 0.418519
