0 0.804167 0.179583 0.022917 0.112500
0 0.382552 0.793333 0.039062 0.155000
0 0.425521 0.745833 0.061458 0.230000
0 0.501823 0.725833 0.057813 0.270000
0 0.543490 0.737083 0.056771 0.229167
0 0.634896 0.644167 0.066667 0.248333
0 0.745573 0.710417 0.063021 0.269167
0 0.799219 0.710833 0.064062 0.280000
0 0.403125 0.232917 0.026042 0.114167
0 0.413281 0.241250 0.026562 0.134167
0 0.458073 0.222917 0.026562 0.105833
0 0.434115 0.219583 0.024479 0.115833
0 0.685677 0.204167 0.029687 0.133333
0 0.616927 0.099167 0.020313 0.073333
0 0.488021 0.089167 0.018750 0.095000
0 0.481510 0.101250 0.020313 0.092500
