0 0.426563 0.200000 0.031250 0.101852
0 0.381510 0.044444 0.019271 0.083333
0 0.438021 0.084722 0.030208 0.069444
0 0.425781 0.136111 0.033854 0.109259
0 0.392188 0.068519 0.012500 0.088889
0 0.322656 0.088426 0.019271 0.099074
0 0.346094 0.150926 0.031771 0.083333
0 0.384375 0.166204 0.022917 0.112037
0 0.431510 0.192130 0.033854 0.117593
0 0.462500 0.127778 0.028125 0.138889
0 0.513802 0.070370 0.010937 0.098148
0 0.566927 0.046296 0.010937 0.085185
0 0.561198 0.084722 0.018229 0.102778
0 0.548698 0.068519 0.019271 0.105556
0 0.525000 0.070370 0.016667 0.105556
0 0.537760 0.096759 0.023438 0.121296
0 0.505469 0.092593 0.023438 0.105556
0 0.331771 0.209722 0.030208 0.112037
0 0.407552 0.242130 0.053646 0.149074
0 0.265104 0.198148 0.042708 0.114815
0 0.248177 0.292593 0.033854 0.220370
0 0.337760 0.419444 0.070312 0.233333
0 0.327865 0.459722 0.066146 0.241667
0 0.262500 0.438889 0.057292 0.185185
0 0.202083 0.356019 0.046875 0.180556
0 0.184375 0.412500 0.056250 0.182407
0 0.091927 0.262500 0.040104 0.225000
0 0.050260 0.284259 0.039062 0.229630
0 0.096354 0.388889 0.046875 0.192593
0 0.072396 0.404630 0.055208 0.177778
0 0.459375 0.270370 0.030208 0.238889
0 0.481510 0.304167 0.052604 0.273148
0 0.594010 0.156019 0.032813 0.141667
0 0.610677 0.319444 0.046354 0.259259
0 0.592187 0.379167 0.043750 0.278704
0 0.501302 0.402778 0.089063 0.294444
0 0.423698 0.514352 0.070312 0.382407
0 0.451302 0.580556 0.077604 0.464815
0 0.190625 0.516204 0.078125 0.225000
0 0.249479 0.590741 0.094792 0.312963
0 0.179167 0.769444 0.103125 0.324074
0 0.070573 0.572222 0.069271 0.164815
0 0.021875 0.518519 0.043750 0.175926
0 0.118229 0.837037 0.128125 0.318519
0 0.681510 0.770833 0.199479 0.456481
0 0.675260 0.901852 0.120313 0.194444
0 0.353125 0.894444 0.144792 0.209259
