0 0.486458 0.406944 0.036458 0.193519
0 0.468750 0.382407 0.030208 0.198148
0 0.434635 0.324537 0.040104 0.193519
0 0.274219 0.235185 0.016146 0.094444
0 0.503646 0.212963 0.020833 0.116667
0 0.505729 0.386111 0.036458 0.203704
0 0.541667 0.349074 0.030208 0.170370
0 0.120833 0.160185 0.013542 0.081481
0 0.540885 0.656944 0.075521 0.378704
0 0.511458 0.167130 0.011458 0.071296
0 0.491146 0.191204 0.020833 0.095370
0 0.136198 0.242130 0.031771 0.121296
0 0.413802 0.237500 0.018229 0.113889
0 0.233073 0.249537 0.025521 0.136111
0 0.451562 0.343056 0.034375 0.199074
0 0.522396 0.316204 0.032292 0.187963
0 0.531250 0.246296 0.018750 0.107407
0 0.263542 0.231019 0.017708 0.117593
0 0.698438 0.723148 0.055208 0.353704
0 0.476562 0.626852 0.070833 0.375926
0 0.407813 0.421296 0.041667 0.227778
0 0.484635 0.184722 0.016146 0.086111
0 0.423958 0.166204 0.012500 0.078704
0 0.115885 0.189815 0.013021 0.096296
0 0.388281 0.183333 0.019271 0.105556
0 0.124219 0.150926 0.014063 0.087037
0 0.415365 0.193519 0.016146 0.087037
0 0.148438 0.569907 0.025000 0.106481
0 0.361198 0.796296 0.068229 0.403704
0 0.651302 0.788426 0.079687 0.419444
0 0.617708 0.834259 0.091667 0.329630
0 0.536719 0.908333 0.079687 0.166667
