0 0.522396 0.448611 0.111458 0.225000
0 0.579427 0.629167 0.142187 0.275000
0 0.604167 0.798148 0.137500 0.309259
0 0.462240 0.149074 0.022396 0.059259
0 0.477865 0.197222 0.034896 0.161111
0 0.471615 0.272222 0.043229 0.216667
0 0.421094 0.146296 0.023438 0.112963
0 0.414844 0.063426 0.005729 0.039815
0 0.396615 0.104167 0.015104 0.054630
0 0.379688 0.145370 0.016667 0.072222
0 0.365885 0.191204 0.047396 0.108333
0 0.359375 0.236574 0.046875 0.130556
0 0.377344 0.247685 0.049479 0.128704
0 0.288281 0.487500 0.078646 0.271296
