0 0.483854 0.225463 0.019792 0.115741
0 0.493750 0.191204 0.014583 0.080556
0 0.507552 0.227315 0.019271 0.091667
0 0.400000 0.242130 0.023958 0.128704
0 0.546094 0.744444 0.068229 0.375926
0 0.409635 0.717593 0.078646 0.394444
0 0.141927 0.164815 0.016146 0.077778
0 0.541146 0.455093 0.028125 0.123148
0 0.523177 0.631481 0.056771 0.335185
0 0.465885 0.852315 0.051562 0.273148
0 0.122135 0.166204 0.017188 0.087963
0 0.540365 0.261111 0.018229 0.096296
0 0.519792 0.412963 0.041667 0.209259
0 0.458073 0.415278 0.044271 0.212037
0 0.175521 0.251852 0.019792 0.114815
0 0.517969 0.314352 0.035937 0.162037
0 0.442448 0.584722 0.042188 0.265741
0 0.493750 0.441667 0.043750 0.190741
0 0.203385 0.251852 0.032813 0.122222
0 0.522656 0.366667 0.040104 0.177778
0 0.470052 0.650463 0.043229 0.249074
0 0.111719 0.198611 0.017188 0.115741
0 0.427604 0.161574 0.011458 0.067593
0 0.136458 0.661111 0.046875 0.283333
0 0.223177 0.805093 0.109896 0.387963
0 0.347656 0.829167 0.077604 0.337963
0 0.431771 0.796759 0.089583 0.404630
0 0.571615 0.831481 0.110937 0.335185
0 0.660417 0.808796 0.093750 0.380556
