0 0.116406 0.199074 0.021354 0.125926
0 0.134115 0.205093 0.015104 0.112037
0 0.147917 0.229630 0.017708 0.079630
0 0.388542 0.495833 0.035417 0.200926
0 0.425260 0.491667 0.047396 0.240741
0 0.394531 0.761111 0.082812 0.411111
0 0.483594 0.742130 0.058854 0.267593
0 0.482031 0.605093 0.056771 0.267593
0 0.516667 0.505556 0.037500 0.261111
0 0.550000 0.506481 0.040625 0.277778
0 0.541146 0.601389 0.076042 0.371296
0 0.539323 0.659259 0.075521 0.359259
0 0.465625 0.370833 0.042708 0.193519
0 0.545052 0.276389 0.028646 0.141667
0 0.541667 0.291667 0.027083 0.135185
0 0.490365 0.252315 0.022396 0.125000
0 0.527344 0.234259 0.020313 0.114815
0 0.555469 0.793519 0.095312 0.409259
0 0.472917 0.849074 0.086458 0.298148
0 0.346354 0.814352 0.093750 0.369444
