0 0.428385 0.076852 0.009896 0.057407
0 0.444010 0.075000 0.007812 0.057407
0 0.426563 0.078241 0.014583 0.062037
0 0.414323 0.075463 0.011979 0.071296
0 0.390625 0.135648 0.016667 0.073148
0 0.408073 0.119444 0.017188 0.085185
0 0.429427 0.115741 0.015104 0.103704
0 0.455990 0.123611 0.011979 0.095370
0 0.445833 0.152315 0.016667 0.108333
0 0.369010 0.174074 0.036979 0.087037
0 0.368490 0.183333 0.034896 0.083333
0 0.362760 0.192593 0.040104 0.090741
0 0.353385 0.200463 0.034896 0.082407
0 0.425781 0.172685 0.027604 0.126852
0 0.423698 0.192593 0.021354 0.109259
0 0.492708 0.239352 0.018750 0.115741
0 0.482292 0.226852 0.048958 0.166667
0 0.449740 0.220370 0.026562 0.164815
0 0.369271 0.247685 0.062500 0.147222
0 0.351562 0.262963 0.047917 0.155556
0 0.289062 0.363426 0.048958 0.291667
0 0.607031 0.479167 0.038021 0.291667
0 0.961719 0.680556 0.064062 0.337037
0 0.576302 0.658796 0.155729 0.293519
0 0.273177 0.584259 0.119271 0.329630
0 0.234115 0.745370 0.167187 0.394444
0 0.594010 0.511574 0.069271 0.367593
0 0.577344 0.710648 0.192188 0.339815
0 0.212760 0.922222 0.117188 0.151852
0 0.733854 0.881019 0.144792 0.236111
