0 0.558854 0.280093 0.053125 0.260185
0 0.567448 0.139815 0.022396 0.120370
0 0.404687 0.187963 0.037500 0.120370
0 0.358333 0.162500 0.030208 0.089815
0 0.339062 0.206944 0.028125 0.123148
0 0.181250 0.784722 0.084375 0.358333
0 0.102344 0.389352 0.038021 0.180556
0 0.611979 0.337037 0.047917 0.235185
0 0.204167 0.387500 0.053125 0.189815
0 0.289844 0.162963 0.030729 0.088889
0 0.359635 0.410648 0.071354 0.239815
0 0.500521 0.162037 0.028125 0.188889
0 0.175000 0.416204 0.069792 0.193519
0 0.342187 0.087963 0.029167 0.100000
0 0.119531 0.831019 0.109896 0.334259
0 0.376823 0.307870 0.043229 0.278704
0 0.195312 0.192593 0.030208 0.153704
0 0.328125 0.158333 0.003125 0.000000
0 0.455208 0.743519 0.085417 0.470370
0 0.281250 0.294907 0.029167 0.137963
0 0.462240 0.268981 0.034896 0.256481
0 0.430729 0.270370 0.051042 0.266667
0 0.256771 0.217593 0.041667 0.103704
0 0.325781 0.451389 0.061979 0.243519
0 0.269271 0.199074 0.033333 0.105556
0 0.544792 0.037037 0.013542 0.070370
0 0.484896 0.268981 0.034375 0.237963
0 0.525781 0.209722 0.035937 0.195370
0 0.469010 0.284722 0.053646 0.263889
0 0.247917 0.587500 0.089583 0.271296
0 0.066927 0.407407 0.064062 0.174074
0 0.227604 0.179630 0.025000 0.187037
0 0.258073 0.427315 0.060937 0.167593
0 0.030729 0.507870 0.052083 0.212037
0 0.505208 0.062963 0.012500 0.100000
0 0.220312 0.251852 0.035417 0.112963
0 0.159896 0.587500 0.056250 0.187963
0 0.322135 0.221759 0.038021 0.108333
0 0.251563 0.286111 0.040625 0.142593
0 0.311979 0.151852 0.035417 0.092593
0 0.031771 0.837963 0.060417 0.322222
0 0.350521 0.783333 0.144792 0.412963
0 0.355990 0.887500 0.121354 0.223148
0 0.630729 0.843056 0.143750 0.312037
