0 0.602083 0.776389 0.178125 0.356481
0 0.570833 0.709722 0.177083 0.349074
0 0.574219 0.650000 0.154688 0.298148
0 0.233854 0.757870 0.167708 0.415741
0 0.272135 0.577778 0.122396 0.324074
0 0.558594 0.523148 0.069271 0.405556
0 0.590885 0.505556 0.040104 0.374074
0 0.429948 0.288889 0.033854 0.137037
0 0.464583 0.258796 0.043750 0.200926
0 0.473438 0.178704 0.038542 0.066667
0 0.352083 0.260648 0.046875 0.162037
0 0.358333 0.243056 0.061458 0.123148
0 0.346875 0.181944 0.014583 0.110185
0 0.359635 0.194444 0.053646 0.070370
0 0.367969 0.179167 0.041146 0.076852
0 0.368750 0.164352 0.032292 0.067593
0 0.389844 0.136111 0.021354 0.072222
0 0.394271 0.111111 0.011458 0.074074
0 0.403125 0.128241 0.013542 0.089815
0 0.419271 0.157870 0.027083 0.136111
0 0.428125 0.150463 0.013542 0.121296
0 0.422917 0.119907 0.009375 0.097222
0 0.434896 0.120370 0.012500 0.088889
0 0.453646 0.118981 0.014583 0.087963
0 0.466146 0.121296 0.013542 0.088889
0 0.471354 0.151389 0.014583 0.102778
0 0.419271 0.071759 0.007292 0.049074
0 0.426823 0.062963 0.007812 0.046296
0 0.432552 0.081944 0.006771 0.058333
0 0.437500 0.076389 0.010417 0.062037
