0 0.308594 0.476852 0.108854 0.281481
0 0.289062 0.343056 0.055208 0.210185
0 0.556250 0.553704 0.076042 0.442593
0 0.514844 0.329630 0.057813 0.231481
0 0.468229 0.263889 0.045833 0.198148
0 0.363802 0.188426 0.039062 0.106481
0 0.423698 0.185648 0.040104 0.145370
0 0.425000 0.119907 0.009375 0.075000
0 0.438281 0.099537 0.017188 0.067593
0 0.422917 0.065741 0.010417 0.050000
0 0.413542 0.081019 0.012500 0.058333
0 0.407031 0.079167 0.017188 0.047222
0 0.286719 0.556481 0.140104 0.314815
0 0.430469 0.148148 0.023438 0.124074
0 0.405729 0.153704 0.025000 0.127778
0 0.307031 0.443519 0.102604 0.251852
0 0.380729 0.158796 0.025000 0.117593
0 0.561979 0.589815 0.063542 0.455556
0 0.407552 0.594907 0.107813 0.441667
0 0.448698 0.090741 0.015104 0.061111
0 0.430208 0.072222 0.009375 0.046296
0 0.419531 0.072685 0.007812 0.058333
0 0.370312 0.275000 0.092708 0.151852
0 0.473177 0.179167 0.025521 0.152778
0 0.615625 0.750463 0.136458 0.495370
0 0.223958 0.748611 0.094792 0.499074
