0 0.457813 0.153241 0.020833 0.100926
0 0.431771 0.070370 0.008333 0.044444
0 0.423958 0.204630 0.025000 0.120370
0 0.377865 0.159259 0.020313 0.085185
0 0.357292 0.216204 0.043750 0.104630
0 0.372396 0.481944 0.093750 0.413889
0 0.242969 0.637500 0.146354 0.362037
0 0.564844 0.560648 0.090104 0.247222
0 0.450781 0.177315 0.026562 0.125000
0 0.577865 0.701389 0.182812 0.339815
0 0.489063 0.202315 0.021875 0.112037
0 0.442448 0.071759 0.009896 0.049074
0 0.457813 0.114815 0.010417 0.066667
0 0.439323 0.107870 0.010937 0.076852
0 0.466406 0.144907 0.015104 0.106481
0 0.422135 0.074074 0.009896 0.062963
0 0.448958 0.262037 0.030208 0.203704
0 0.428385 0.095370 0.006771 0.038889
0 0.925781 0.643981 0.104688 0.341667
0 0.430990 0.166667 0.014063 0.101852
0 0.426302 0.179630 0.016146 0.103704
0 0.591406 0.797222 0.154688 0.379630
0 0.414583 0.157870 0.016667 0.121296
0 0.401823 0.132870 0.014063 0.076852
0 0.393490 0.170833 0.018229 0.095370
0 0.439063 0.082407 0.010417 0.048148
0 0.363021 0.183333 0.020833 0.135185
0 0.347656 0.179630 0.022396 0.135185
0 0.388021 0.124537 0.015625 0.080556
0 0.356771 0.247685 0.053125 0.108333
0 0.359115 0.272222 0.072396 0.131481
0 0.466927 0.520833 0.065104 0.275000
0 0.538281 0.470370 0.061979 0.353704
0 0.396094 0.539352 0.067187 0.447222
0 0.292969 0.459259 0.089063 0.281481
0 0.294010 0.529630 0.096354 0.279630
0 0.229687 0.767593 0.177083 0.377778
0 0.557292 0.603704 0.136458 0.279630
