0 0.126562 0.168056 0.020833 0.108333
0 0.192969 0.134722 0.010937 0.067593
0 0.550000 0.376852 0.048958 0.209259
0 0.477865 0.271296 0.027604 0.131481
0 0.425781 0.152778 0.008854 0.066667
0 0.405208 0.158796 0.012500 0.073148
0 0.480469 0.132407 0.013021 0.059259
0 0.405208 0.247222 0.027083 0.098148
0 0.519010 0.165741 0.014063 0.070370
0 0.491667 0.243519 0.023958 0.118519
0 0.388281 0.212963 0.020313 0.111111
0 0.241406 0.132407 0.011979 0.079630
0 0.503385 0.162037 0.010937 0.059259
0 0.484115 0.355093 0.035937 0.186111
0 0.489323 0.162037 0.015104 0.062963
0 0.523958 0.299074 0.030208 0.162963
0 0.504427 0.380556 0.028646 0.192593
0 0.412760 0.668981 0.066146 0.350926
0 0.485938 0.675926 0.058333 0.338889
0 0.522135 0.818056 0.077604 0.360185
0 0.454948 0.814815 0.078646 0.368519
