0 0.649740 0.846759 0.155729 0.304630
0 0.036198 0.820833 0.065104 0.202778
0 0.564583 0.066667 0.013542 0.081481
0 0.553646 0.043519 0.012500 0.079630
0 0.545833 0.048148 0.012500 0.074074
0 0.367708 0.833796 0.100000 0.330556
0 0.338281 0.181944 0.035937 0.121296
0 0.419271 0.179167 0.029167 0.069444
0 0.375521 0.189815 0.033333 0.053704
0 0.497396 0.235648 0.038542 0.202778
0 0.575781 0.193981 0.023438 0.058333
0 0.592187 0.257870 0.032292 0.104630
0 0.611979 0.375926 0.028125 0.266667
0 0.438281 0.241667 0.031771 0.137037
0 0.526042 0.305556 0.037500 0.238889
0 0.302083 0.224074 0.040625 0.070370
0 0.244531 0.253241 0.052604 0.119444
0 0.218490 0.212500 0.021354 0.073148
0 0.446875 0.315741 0.046875 0.161111
0 0.423958 0.486574 0.100000 0.336111
0 0.324479 0.427315 0.041667 0.145370
0 0.212500 0.344444 0.050000 0.088889
0 0.082292 0.377315 0.057292 0.125000
0 0.247656 0.593981 0.075521 0.291667
0 0.030208 0.431019 0.055208 0.117593
0 0.076042 0.662037 0.042708 0.109259
0 0.019271 0.622222 0.038542 0.174074
0 0.621615 0.402315 0.049479 0.273148
0 0.303646 0.171759 0.029167 0.060185
0 0.558073 0.364352 0.026562 0.276852
0 0.380729 0.232407 0.033333 0.055556
0 0.322917 0.274074 0.040625 0.103704
0 0.214844 0.131019 0.017188 0.067593
0 0.264583 0.223611 0.030208 0.056481
0 0.455729 0.212963 0.037500 0.188889
0 0.010937 0.312037 0.021875 0.174074
0 0.391146 0.129167 0.023958 0.037963
0 0.482812 0.338426 0.041667 0.282407
0 0.539323 0.178241 0.039062 0.102778
0 0.400000 0.350000 0.044792 0.222222
0 0.265885 0.132870 0.026562 0.104630
0 0.694010 0.767130 0.067187 0.365741
0 0.246354 0.380093 0.045833 0.112037
0 0.360156 0.118981 0.024479 0.037963
0 0.145313 0.381944 0.059375 0.123148
0 0.603125 0.186574 0.031250 0.060185
0 0.282813 0.449537 0.043750 0.128704
0 0.229167 0.130556 0.022917 0.085185
0 0.544010 0.797685 0.106771 0.402778
0 0.595052 0.346296 0.049479 0.242593
0 0.088542 0.538889 0.047917 0.166667
0 0.396354 0.163426 0.017708 0.060185
