0 0.255208 0.651389 0.130208 0.326852
0 0.385417 0.587037 0.109375 0.418519
0 0.476823 0.626389 0.085938 0.449074
0 0.632031 0.817130 0.110937 0.349074
0 0.557292 0.600463 0.061458 0.421296
0 0.524479 0.442593 0.113542 0.220370
0 0.498437 0.424074 0.050000 0.311111
0 0.303125 0.476389 0.120833 0.260185
0 0.408333 0.405093 0.064583 0.313889
0 0.420312 0.219444 0.023958 0.148148
0 0.447396 0.217593 0.027083 0.162963
0 0.478646 0.228704 0.026042 0.137037
0 0.465885 0.160648 0.023438 0.076852
0 0.473438 0.126852 0.011458 0.077778
0 0.351042 0.224537 0.037500 0.123148
0 0.359635 0.191204 0.036979 0.108333
0 0.375260 0.133333 0.015104 0.101852
0 0.389062 0.143519 0.016667 0.122222
0 0.428646 0.068519 0.009375 0.051852
0 0.149219 0.731019 0.107813 0.536111
