0 0.392188 0.268981 0.039583 0.134259
0 0.298177 0.120833 0.021354 0.119444
0 0.259635 0.118519 0.030729 0.137037
0 0.330990 0.111111 0.027604 0.120370
0 0.423177 0.200926 0.044271 0.098148
0 0.366406 0.167593 0.035937 0.092593
0 0.298958 0.160648 0.033333 0.084259
0 0.287500 0.167130 0.031250 0.080556
0 0.386458 0.045833 0.021875 0.076852
0 0.374740 0.057870 0.020313 0.075000
0 0.510156 0.066667 0.018229 0.085185
0 0.520573 0.074537 0.018229 0.080556
0 0.534375 0.056944 0.018750 0.078704
0 0.555990 0.056481 0.011979 0.090741
0 0.460677 0.195833 0.032813 0.195370
0 0.487240 0.181944 0.030729 0.152778
0 0.518490 0.171759 0.028646 0.169444
0 0.423958 0.316204 0.045833 0.256481
0 0.470833 0.321296 0.043750 0.253704
0 0.477604 0.241667 0.036458 0.194444
0 0.517969 0.276852 0.045312 0.214815
0 0.548438 0.250463 0.036458 0.212037
0 0.566667 0.174537 0.019792 0.147222
0 0.597396 0.193981 0.027083 0.139815
0 0.566667 0.328704 0.039583 0.244444
0 0.609375 0.337963 0.041667 0.266667
0 0.602865 0.409259 0.067187 0.275926
0 0.320312 0.231481 0.043750 0.116667
0 0.317969 0.281481 0.051562 0.159259
0 0.249219 0.238426 0.068229 0.150926
0 0.248698 0.282870 0.046354 0.165741
0 0.219792 0.177315 0.034375 0.160185
0 0.187240 0.192130 0.033854 0.182407
0 0.474740 0.402315 0.069271 0.325000
0 0.415104 0.443056 0.055208 0.304630
0 0.377865 0.499074 0.073438 0.372222
0 0.333333 0.411111 0.046875 0.179630
0 0.324740 0.441204 0.068229 0.217593
0 0.253646 0.383796 0.044792 0.187963
0 0.164583 0.402315 0.057292 0.184259
0 0.140625 0.427315 0.070833 0.197222
0 0.352083 0.683333 0.094792 0.466667
0 0.245312 0.569444 0.089583 0.274074
0 0.077344 0.490741 0.064062 0.237037
0 0.092448 0.584722 0.073438 0.413889
0 0.126302 0.760648 0.097396 0.287963
0 0.095833 0.839352 0.190625 0.319444
0 0.702604 0.795370 0.188542 0.412963
0 0.695312 0.854167 0.108333 0.293519
