0 0.537240 0.225926 0.019271 0.111111
0 0.500521 0.229630 0.020833 0.096296
0 0.146615 0.181019 0.021354 0.115741
0 0.204167 0.227315 0.040625 0.134259
0 0.515365 0.366667 0.044271 0.190741
0 0.514844 0.587037 0.063021 0.312963
0 0.465885 0.611574 0.033854 0.191667
0 0.498437 0.318981 0.027083 0.167593
0 0.404687 0.151852 0.022917 0.074074
0 0.119010 0.231944 0.025521 0.119444
0 0.426042 0.158796 0.022917 0.082407
0 0.462240 0.312037 0.031771 0.170370
0 0.517969 0.265278 0.025521 0.113889
0 0.488281 0.205093 0.019271 0.082407
0 0.474479 0.352315 0.040625 0.226852
0 0.251563 0.888889 0.128125 0.220370
