0 0.453385 0.215278 0.042188 0.154630
0 0.446875 0.306019 0.040625 0.230556
0 0.473438 0.187963 0.017708 0.114815
0 0.356771 0.251389 0.050000 0.143519
0 0.425781 0.092130 0.011979 0.063889
0 0.519271 0.421759 0.085417 0.208333
0 0.590365 0.727315 0.154688 0.347222
0 0.494792 0.324537 0.041667 0.226852
0 0.532813 0.460648 0.088542 0.230556
0 0.421354 0.173148 0.026042 0.114815
0 0.382812 0.145370 0.020833 0.062963
0 0.414323 0.061111 0.009896 0.044444
0 0.834375 0.499074 0.048958 0.238889
0 0.412500 0.093519 0.013542 0.055556
0 0.405469 0.290741 0.055729 0.220370
0 0.351042 0.273148 0.035417 0.207407
0 0.427604 0.062963 0.007292 0.037037
0 0.440104 0.091667 0.009375 0.061111
0 0.635417 0.856481 0.176042 0.285185
0 0.292708 0.504167 0.082292 0.269444
0 0.420312 0.828241 0.093750 0.339815
