0 0.343229 0.194444 0.016667 0.151852
0 0.352604 0.201389 0.031250 0.171296
0 0.368229 0.174074 0.015625 0.140741
0 0.400521 0.191204 0.026042 0.158333
0 0.401042 0.126389 0.031250 0.065741
0 0.403646 0.087963 0.016667 0.046296
0 0.410938 0.063426 0.006250 0.039815
0 0.425260 0.069907 0.006771 0.036111
0 0.421354 0.064352 0.007292 0.037963
0 0.431771 0.068981 0.009375 0.047222
0 0.423177 0.104167 0.016146 0.078704
0 0.436719 0.107870 0.018229 0.071296
0 0.444792 0.085185 0.013542 0.068519
0 0.436979 0.197685 0.026042 0.158333
0 0.449479 0.212500 0.016667 0.099074
0 0.461458 0.200000 0.023958 0.122222
0 0.473438 0.212037 0.030208 0.168519
0 0.535417 0.420833 0.072917 0.217593
0 0.863021 0.518519 0.052083 0.231481
0 0.284635 0.497222 0.094271 0.264815
