0 0.074479 0.142130 0.028125 0.160185
0 0.027083 0.158333 0.033333 0.168519
0 0.030729 0.117130 0.036458 0.067593
0 0.064323 0.132870 0.027604 0.143519
0 0.727604 0.093981 0.031250 0.141667
0 0.758594 0.137037 0.029687 0.187037
0 0.730208 0.172685 0.036458 0.206481
0 0.677083 0.255556 0.040625 0.212963
0 0.668229 0.393981 0.090625 0.376852
0 0.766667 0.551852 0.091667 0.440741
0 0.754167 0.064352 0.025000 0.121296
0 0.341927 0.359259 0.010937 0.101852
0 0.779167 0.133333 0.022917 0.168519
0 0.351042 0.347685 0.012500 0.080556
0 0.675260 0.125463 0.041146 0.213889
0 0.361458 0.048611 0.019792 0.080556
0 0.694271 0.272685 0.044792 0.260185
0 0.050000 0.519444 0.018750 0.124074
0 0.743750 0.266204 0.041667 0.254630
0 0.475781 0.430556 0.017188 0.079630
0 0.065104 0.537500 0.020833 0.113889
0 0.710677 0.067130 0.023438 0.123148
0 0.783594 0.755556 0.118229 0.487037
0 0.647135 0.757407 0.114062 0.483333
0 0.503906 0.750926 0.118229 0.481481
0 0.551562 0.699074 0.062500 0.481481
