0 0.638542 0.775926 0.094792 0.329630
0 0.290104 0.539352 0.084375 0.267593
0 0.083594 0.486574 0.090104 0.271296
0 0.515625 0.234722 0.043750 0.215741
0 0.424740 0.305556 0.058854 0.235185
0 0.504687 0.131481 0.023958 0.144444
0 0.185677 0.570370 0.068229 0.244444
0 0.344271 0.268981 0.038542 0.169444
0 0.303646 0.254630 0.048958 0.172222
0 0.353906 0.577778 0.085938 0.446296
0 0.539583 0.157870 0.023958 0.113889
0 0.113542 0.368519 0.063542 0.196296
0 0.477344 0.203704 0.032813 0.172222
0 0.596615 0.270833 0.041146 0.219444
0 0.554167 0.120833 0.027083 0.130556
0 0.286719 0.107407 0.036979 0.142593
0 0.586198 0.236574 0.027604 0.195370
0 0.210677 0.512037 0.090104 0.251852
0 0.471354 0.537963 0.084375 0.407407
0 0.567187 0.068981 0.018750 0.121296
0 0.559115 0.051852 0.013021 0.081481
0 0.514844 0.056019 0.016146 0.099074
0 0.534896 0.104630 0.025000 0.129630
0 0.400781 0.185648 0.021354 0.099074
0 0.375781 0.215278 0.033854 0.115741
0 0.340885 0.195833 0.044271 0.119444
0 0.320573 0.090741 0.031771 0.107407
0 0.372656 0.060648 0.020313 0.076852
0 0.440104 0.192593 0.037500 0.146296
0 0.258594 0.289815 0.039062 0.203704
0 0.489323 0.467593 0.078646 0.370370
0 0.628125 0.267130 0.058333 0.213889
0 0.622135 0.305093 0.058854 0.226852
0 0.209375 0.284722 0.053125 0.197222
0 0.194271 0.295370 0.041667 0.181481
0 0.221875 0.410648 0.054167 0.293519
0 0.254427 0.437500 0.068229 0.219444
0 0.143750 0.446759 0.058333 0.260185
0 0.131250 0.772222 0.092708 0.375926
0 0.068490 0.752315 0.068229 0.263889
0 0.107813 0.832407 0.129167 0.327778
0 0.519271 0.796296 0.101042 0.400000
