0 0.461719 0.119907 0.015104 0.073148
0 0.432031 0.069907 0.006771 0.047222
0 0.442969 0.081019 0.009896 0.052778
0 0.406510 0.063426 0.007812 0.047222
0 0.350260 0.168519 0.017188 0.129630
0 0.406771 0.171759 0.022917 0.130556
0 0.383333 0.205093 0.052083 0.184259
0 0.365885 0.201389 0.022396 0.162037
0 0.540625 0.653241 0.143750 0.276852
0 0.529948 0.700000 0.059896 0.222222
0 0.578646 0.762500 0.222917 0.349074
0 0.571094 0.496296 0.074479 0.190741
0 0.518229 0.476852 0.090625 0.220370
0 0.475781 0.196296 0.043229 0.088889
0 0.435156 0.156481 0.023438 0.142593
0 0.454167 0.300000 0.050000 0.220370
0 0.450000 0.441204 0.068750 0.365741
0 0.410417 0.368519 0.067708 0.296296
0 0.369531 0.430556 0.030729 0.168519
0 0.309635 0.414352 0.072396 0.228704
0 0.289583 0.468519 0.087500 0.261111
0 0.236979 0.680556 0.146875 0.355556
0 0.644271 0.891204 0.053125 0.213889
0 0.590365 0.867130 0.071354 0.262037
