0 0.222135 0.374537 0.016146 0.089815
0 0.363281 0.367593 0.016146 0.088889
0 0.354948 0.450926 0.019271 0.101852
0 0.237760 0.467593 0.020313 0.124074
0 0.066406 0.551852 0.042188 0.168519
0 0.094010 0.566667 0.021354 0.161111
0 0.350000 0.061574 0.026042 0.115741
0 0.740365 0.078241 0.027604 0.145370
0 0.698698 0.173611 0.035937 0.199074
0 0.718750 0.198148 0.043750 0.240741
0 0.772917 0.184722 0.042708 0.202778
0 0.747135 0.234722 0.039062 0.284259
0 0.774479 0.268056 0.051042 0.289815
0 0.765625 0.343056 0.060417 0.352778
0 0.637500 0.343519 0.060417 0.314815
0 0.683333 0.368519 0.054167 0.320370
0 0.746094 0.415278 0.064062 0.341667
0 0.790365 0.437037 0.075521 0.403704
0 0.690885 0.459259 0.067187 0.375926
0 0.643490 0.512500 0.074479 0.421296
0 0.607292 0.563889 0.087500 0.455556
0 0.711979 0.051852 0.028125 0.100000
0 0.527344 0.754630 0.114062 0.488889
0 0.609115 0.775463 0.121354 0.447222
