0 0.089063 0.745833 0.103125 0.421296
0 0.489844 0.175000 0.015104 0.075926
0 0.477083 0.230093 0.018750 0.110185
0 0.498698 0.325463 0.028646 0.167593
0 0.496094 0.213889 0.020313 0.112963
0 0.110677 0.564815 0.017188 0.101852
0 0.242188 0.224074 0.023958 0.120370
0 0.514844 0.475000 0.044271 0.233333
0 0.518750 0.220833 0.021875 0.108333
0 0.521615 0.631944 0.070312 0.319444
0 0.475000 0.150000 0.010417 0.064815
0 0.486979 0.127315 0.010417 0.050926
0 0.555729 0.472222 0.051042 0.257407
0 0.476042 0.412500 0.037500 0.219444
0 0.438542 0.406019 0.035417 0.215741
0 0.414062 0.136574 0.011458 0.063889
0 0.437760 0.446759 0.020313 0.076852
0 0.518750 0.298611 0.031250 0.165741
0 0.470313 0.330093 0.034375 0.156481
0 0.419010 0.612500 0.063021 0.328704
0 0.405990 0.150000 0.011979 0.079630
