0 0.611979 0.565741 0.051042 0.420370
0 0.552604 0.720833 0.108333 0.517593
0 0.534115 0.551852 0.054688 0.451852
0 0.565885 0.453704 0.056771 0.351852
0 0.444271 0.261111 0.037500 0.200000
0 0.471354 0.278704 0.034375 0.162963
0 0.466146 0.189815 0.020833 0.081481
0 0.487760 0.233333 0.041146 0.101852
0 0.431510 0.163889 0.025521 0.120370
0 0.406250 0.149537 0.022917 0.121296
0 0.397656 0.085185 0.007812 0.059259
0 0.419531 0.072222 0.007812 0.051852
0 0.441667 0.082870 0.008333 0.049074
0 0.446875 0.079630 0.007292 0.035185
0 0.350000 0.189815 0.020833 0.137037
0 0.378125 0.173148 0.022917 0.129630
0 0.391146 0.175463 0.018750 0.139815
0 0.364844 0.206481 0.018229 0.150000
0 0.364323 0.246296 0.050521 0.120370
0 0.365365 0.264352 0.067187 0.141667
0 0.352865 0.284259 0.065104 0.151852
0 0.416146 0.657870 0.092708 0.513889
0 0.278385 0.383333 0.042188 0.312963
0 0.300781 0.375000 0.045312 0.285185
0 0.278646 0.521296 0.111458 0.301852
0 0.261458 0.634259 0.160417 0.364815
0 0.234115 0.747685 0.188021 0.428704
0 0.631771 0.770833 0.090625 0.456481
0 0.478906 0.783796 0.120313 0.430556
