0 0.051562 0.121759 0.028125 0.136111
0 0.125000 0.575926 0.019792 0.105556
0 0.519010 0.362963 0.010937 0.077778
0 0.389062 0.383333 0.019792 0.098148
0 0.404948 0.388426 0.016146 0.097222
0 0.739844 0.085185 0.024479 0.122222
0 0.714063 0.079630 0.031250 0.146296
0 0.744271 0.148611 0.037500 0.189815
0 0.773958 0.133333 0.031250 0.168519
0 0.786198 0.153241 0.036979 0.202778
0 0.671354 0.130556 0.025000 0.131481
0 0.715104 0.210648 0.052083 0.236111
0 0.676302 0.193056 0.041146 0.191667
0 0.676823 0.262963 0.051562 0.257407
0 0.952344 0.665741 0.079687 0.477778
0 0.916406 0.595833 0.046354 0.217593
