0 0.488542 0.503241 0.050000 0.271296
0 0.434896 0.510648 0.045833 0.256481
0 0.563281 0.509259 0.052604 0.266667
0 0.509375 0.368519 0.041667 0.218519
0 0.478385 0.346296 0.031771 0.187037
0 0.441667 0.347685 0.051042 0.186111
0 0.546354 0.323611 0.023958 0.137963
0 0.531510 0.307870 0.025521 0.150926
0 0.501042 0.282407 0.018750 0.131481
0 0.479167 0.275463 0.029167 0.147222
0 0.530729 0.231944 0.026042 0.112037
0 0.502865 0.222222 0.023438 0.120370
0 0.490365 0.175926 0.014063 0.066667
0 0.504167 0.159722 0.010417 0.063889
0 0.493229 0.149537 0.015625 0.076852
0 0.389583 0.771759 0.118750 0.419444
0 0.425521 0.143981 0.012500 0.067593
0 0.408073 0.176389 0.010937 0.086111
0 0.396875 0.188889 0.018750 0.081481
0 0.230729 0.243519 0.020833 0.127778
0 0.128385 0.744907 0.066146 0.386111
0 0.220312 0.821759 0.102083 0.352778
0 0.470573 0.808796 0.075521 0.362037
