0 0.048958 0.136111 0.025000 0.161111
0 0.031250 0.147222 0.030208 0.162963
0 0.066927 0.143519 0.022396 0.140741
0 0.765365 0.239352 0.060937 0.212037
0 0.634375 0.340741 0.051042 0.325926
0 0.710677 0.593981 0.101562 0.508333
0 0.679948 0.224537 0.042188 0.245370
0 0.453906 0.405093 0.080729 0.339815
0 0.707812 0.303704 0.059375 0.253704
0 0.382552 0.417130 0.070312 0.371296
0 0.775521 0.406481 0.079167 0.342593
0 0.716406 0.069907 0.028646 0.139815
0 0.451042 0.837500 0.142708 0.323148
0 0.577865 0.796296 0.159896 0.407407
