0 0.239844 0.494907 0.031771 0.115741
0 0.107031 0.583333 0.020313 0.144444
0 0.344271 0.364352 0.012500 0.063889
0 0.624740 0.049074 0.030729 0.098148
0 0.729948 0.089815 0.021354 0.153704
0 0.751042 0.114815 0.029167 0.183333
0 0.672656 0.294907 0.060937 0.308333
0 0.624479 0.290278 0.046875 0.273148
0 0.794010 0.357870 0.058854 0.308333
0 0.779427 0.433796 0.067187 0.336111
0 0.723698 0.467130 0.055729 0.210185
0 0.344531 0.049537 0.026562 0.099074
0 0.440365 0.069907 0.031771 0.134259
0 0.011719 0.203241 0.023438 0.208333
0 0.802083 0.796296 0.127083 0.405556
