0 0.352865 0.168981 0.024479 0.073148
0 0.351302 0.211574 0.033854 0.115741
0 0.425260 0.143519 0.024479 0.098148
0 0.426823 0.219444 0.027604 0.174074
0 0.395573 0.231019 0.039062 0.200926
0 0.478906 0.276389 0.041146 0.208333
0 0.433333 0.265741 0.042708 0.235185
0 0.604427 0.773148 0.196354 0.385185
0 0.606250 0.725926 0.102083 0.396296
0 0.515885 0.462500 0.079687 0.295370
0 0.301563 0.444444 0.098958 0.240741
0 0.300260 0.486574 0.109896 0.275000
0 0.276823 0.550000 0.122396 0.322222
0 0.175781 0.848611 0.196354 0.302778
0 0.623958 0.795833 0.101042 0.404630
