0 0.071354 0.111574 0.020833 0.123148
0 0.069531 0.131019 0.016146 0.106481
0 0.231771 0.368519 0.018750 0.090741
0 0.702604 0.089352 0.029167 0.119444
0 0.926562 0.464352 0.063542 0.358333
0 0.862240 0.476852 0.068229 0.361111
0 0.913802 0.703704 0.080729 0.462963
0 0.816146 0.254630 0.031250 0.138889
0 0.794010 0.312963 0.061979 0.311111
0 0.792708 0.396759 0.048958 0.299074
0 0.719531 0.329630 0.058854 0.318519
0 0.680208 0.308796 0.048958 0.282407
0 0.634635 0.369444 0.047396 0.309259
0 0.694792 0.398148 0.055208 0.292593
0 0.636719 0.410648 0.049479 0.319444
0 0.628385 0.563426 0.094271 0.460185
0 0.716146 0.455093 0.077083 0.384259
0 0.774219 0.516204 0.088021 0.439815
0 0.727344 0.660648 0.111979 0.462037
0 0.727604 0.797685 0.131250 0.402778
0 0.729427 0.069907 0.027604 0.137963
0 0.757552 0.064352 0.028646 0.123148
0 0.361198 0.341204 0.021354 0.069444
