0 0.921615 0.678241 0.077604 0.412037
0 0.605208 0.756481 0.171875 0.331481
0 0.581771 0.716204 0.131250 0.319444
0 0.578125 0.641204 0.126042 0.323148
0 0.594792 0.468056 0.051042 0.252778
0 0.534375 0.458796 0.060417 0.345370
0 0.548698 0.504630 0.073438 0.368519
0 0.497135 0.483796 0.050521 0.360185
0 0.425521 0.081944 0.009375 0.052778
0 0.415104 0.081944 0.010417 0.058333
0 0.417969 0.102778 0.010937 0.062963
0 0.425781 0.119907 0.017188 0.086111
0 0.431510 0.077778 0.006771 0.038889
0 0.439323 0.101389 0.016146 0.071296
0 0.441406 0.081019 0.014063 0.060185
0 0.434896 0.113426 0.008333 0.050926
0 0.442188 0.141667 0.022917 0.118519
0 0.448177 0.193981 0.035937 0.173148
0 0.458594 0.155093 0.022396 0.123148
0 0.385417 0.131944 0.012500 0.063889
0 0.391146 0.124537 0.017708 0.047222
0 0.409115 0.143981 0.016146 0.084259
0 0.384896 0.146759 0.033333 0.075000
0 0.358854 0.192593 0.040625 0.112963
0 0.356250 0.237037 0.041667 0.109259
0 0.362500 0.293519 0.072917 0.159259
0 0.479427 0.176389 0.017188 0.093519
0 0.476562 0.270370 0.031250 0.155556
0 0.307292 0.432870 0.077083 0.249074
0 0.309635 0.477778 0.113021 0.266667
0 0.284896 0.518519 0.104167 0.268519
0 0.268490 0.544444 0.104688 0.290741
0 0.254948 0.613889 0.117188 0.338889
0 0.216927 0.642593 0.078646 0.561111
0 0.390365 0.734259 0.151562 0.524074
0 0.614323 0.832407 0.146354 0.312963
