0 0.494792 0.173611 0.015625 0.086111
0 0.492448 0.318981 0.023438 0.173148
0 0.479427 0.175000 0.014063 0.068519
0 0.431771 0.350926 0.040625 0.220370
0 0.624479 0.717593 0.057292 0.387037
0 0.115625 0.643056 0.028125 0.099074
0 0.412760 0.196759 0.015104 0.099074
0 0.412500 0.196759 0.019792 0.099074
0 0.682031 0.731019 0.074479 0.362037
0 0.553906 0.366667 0.036979 0.183333
0 0.506771 0.351389 0.034375 0.193519
0 0.468229 0.360185 0.033333 0.198148
0 0.243490 0.234722 0.021354 0.112037
0 0.536198 0.298148 0.038021 0.164815
0 0.399219 0.189815 0.016146 0.094444
0 0.400000 0.191204 0.015625 0.095370
0 0.672135 0.860648 0.108854 0.275000
0 0.319531 0.822685 0.115104 0.350926
