0 0.544271 0.233333 0.017708 0.107407
0 0.529167 0.235185 0.017708 0.107407
0 0.516146 0.271296 0.022917 0.100000
0 0.492708 0.277778 0.031250 0.157407
0 0.475521 0.311111 0.037500 0.151852
0 0.446615 0.311574 0.038021 0.162037
0 0.512500 0.379167 0.043750 0.219444
0 0.414844 0.152778 0.013021 0.068519
0 0.407813 0.152315 0.013542 0.073148
0 0.119271 0.162500 0.030208 0.091667
0 0.108073 0.162037 0.013021 0.094444
0 0.128646 0.163889 0.014583 0.096296
0 0.137500 0.199537 0.018750 0.117593
0 0.159635 0.215741 0.019271 0.125926
0 0.397135 0.490741 0.045312 0.168519
0 0.430469 0.569907 0.064062 0.325000
0 0.494271 0.555093 0.060417 0.280556
0 0.528906 0.616667 0.057813 0.329630
0 0.340885 0.744907 0.077604 0.445370
0 0.469271 0.731944 0.077083 0.397222
0 0.599219 0.720370 0.057813 0.379630
0 0.549479 0.871296 0.102083 0.255556
0 0.558073 0.762500 0.081771 0.189815
0 0.498958 0.889352 0.057292 0.219444
0 0.659635 0.788426 0.066146 0.404630
0 0.644531 0.833333 0.078646 0.331481
0 0.115885 0.829167 0.116146 0.330556
