0 0.088281 0.783333 0.071354 0.298148
0 0.069792 0.511574 0.046875 0.195370
0 0.129948 0.508333 0.064062 0.238889
0 0.211719 0.521759 0.050521 0.249074
0 0.272396 0.588889 0.100000 0.312963
0 0.308594 0.442593 0.067187 0.233333
0 0.212760 0.386111 0.039062 0.142593
0 0.131771 0.386111 0.094792 0.237037
0 0.195312 0.212500 0.034375 0.193519
0 0.210156 0.197222 0.022396 0.148148
0 0.240365 0.288889 0.055729 0.177778
0 0.266927 0.263426 0.041146 0.163889
0 0.264583 0.209259 0.036458 0.162963
0 0.234635 0.181944 0.039062 0.199074
0 0.257812 0.161111 0.028125 0.172222
0 0.288021 0.191204 0.025000 0.115741
0 0.297396 0.181481 0.020833 0.105556
0 0.329948 0.183796 0.036979 0.113889
0 0.316406 0.143519 0.027604 0.092593
0 0.337760 0.083796 0.010937 0.106481
0 0.334115 0.299537 0.047396 0.152778
0 0.347396 0.281944 0.034375 0.167593
0 0.403125 0.244907 0.035417 0.123148
0 0.435417 0.217130 0.048958 0.171296
0 0.388802 0.191667 0.029687 0.088889
0 0.383854 0.156944 0.028125 0.108333
0 0.381250 0.134722 0.023958 0.099074
0 0.421875 0.137500 0.022917 0.082407
0 0.453125 0.156944 0.023958 0.115741
0 0.426823 0.309259 0.028646 0.259259
0 0.396615 0.485648 0.069271 0.343519
0 0.469010 0.525463 0.074479 0.441667
0 0.597917 0.358796 0.070833 0.258333
0 0.618490 0.320370 0.038021 0.296296
0 0.590365 0.229630 0.023438 0.196296
0 0.584375 0.210185 0.031250 0.183333
0 0.566406 0.196759 0.023438 0.171296
0 0.546875 0.203241 0.037500 0.167593
0 0.531510 0.182870 0.029687 0.171296
0 0.503125 0.202778 0.033333 0.179630
0 0.484375 0.175000 0.022917 0.162963
0 0.484375 0.142593 0.029167 0.146296
0 0.563802 0.067130 0.015104 0.099074
0 0.553125 0.052315 0.010417 0.078704
0 0.540885 0.049074 0.013021 0.088889
0 0.523698 0.081481 0.022396 0.122222
0 0.401562 0.054630 0.017708 0.070370
0 0.048958 0.816667 0.088542 0.305556
