0 0.130729 0.158796 0.021875 0.093519
0 0.126823 0.183796 0.019271 0.100926
0 0.115625 0.232870 0.029167 0.149074
0 0.151562 0.196759 0.020833 0.112037
0 0.239323 0.223148 0.032813 0.125926
0 0.400260 0.147685 0.016146 0.069444
0 0.405990 0.162963 0.020313 0.077778
0 0.415625 0.178704 0.017708 0.087037
0 0.402344 0.225926 0.019271 0.098148
0 0.509375 0.116667 0.008333 0.044444
0 0.497917 0.131944 0.012500 0.054630
0 0.508854 0.187037 0.016667 0.077778
0 0.485156 0.192130 0.022396 0.084259
0 0.543229 0.229167 0.020833 0.099074
0 0.536458 0.240278 0.028125 0.100926
0 0.515885 0.272222 0.036979 0.125926
0 0.537760 0.300463 0.030729 0.091667
0 0.470052 0.309722 0.036979 0.162037
0 0.481771 0.327778 0.040625 0.185185
0 0.438281 0.337963 0.047396 0.192593
0 0.558333 0.408333 0.032292 0.203704
0 0.544010 0.459722 0.042188 0.243519
0 0.515104 0.472222 0.051042 0.300000
0 0.440885 0.426389 0.044271 0.230556
0 0.405990 0.442593 0.043229 0.201852
0 0.415885 0.686574 0.064062 0.284259
0 0.484635 0.637963 0.069271 0.383333
0 0.601823 0.673148 0.074479 0.401852
0 0.671094 0.704167 0.080729 0.356481
0 0.322135 0.736111 0.069271 0.444444
0 0.160677 0.552778 0.024479 0.116667
0 0.044010 0.773611 0.070312 0.450926
0 0.085677 0.805093 0.080729 0.387963
0 0.656510 0.860185 0.081771 0.277778
0 0.477344 0.865741 0.150521 0.266667
0 0.420312 0.918056 0.058333 0.162037
