0 0.550000 0.666204 0.086458 0.432407
0 0.409375 0.347685 0.045833 0.258333
0 0.421875 0.421296 0.058333 0.292593
0 0.453125 0.466667 0.058333 0.303704
0 0.489063 0.472685 0.047917 0.295370
0 0.473698 0.353241 0.040104 0.217593
0 0.495052 0.345833 0.032813 0.180556
0 0.530469 0.379167 0.049479 0.289815
0 0.489844 0.266204 0.029687 0.154630
0 0.508594 0.254167 0.024479 0.143519
0 0.492969 0.206481 0.019271 0.103704
0 0.453646 0.202778 0.021875 0.122222
0 0.466146 0.189352 0.018750 0.095370
0 0.474219 0.176852 0.010937 0.070370
0 0.498698 0.182870 0.015104 0.093519
0 0.480990 0.136111 0.008854 0.027778
0 0.472396 0.200926 0.015625 0.092593
