0 0.534896 0.419907 0.070833 0.223148
0 0.871615 0.521296 0.064062 0.238889
0 0.460677 0.190741 0.043229 0.087037
0 0.441406 0.075926 0.006771 0.044444
0 0.427604 0.073148 0.008333 0.042593
0 0.418490 0.078241 0.013021 0.052778
0 0.433333 0.101389 0.011458 0.071296
0 0.380729 0.136111 0.015625 0.081481
0 0.397656 0.138426 0.013021 0.054630
0 0.422917 0.186111 0.013542 0.090741
0 0.399219 0.183333 0.014063 0.098148
0 0.380208 0.144444 0.019792 0.098148
0 0.357812 0.187037 0.020833 0.144444
0 0.371094 0.195833 0.031771 0.139815
0 0.344792 0.205093 0.025000 0.163889
0 0.379948 0.212037 0.029687 0.148148
0 0.432031 0.385185 0.063021 0.322222
0 0.446875 0.323611 0.037500 0.158333
0 0.221094 0.813426 0.171354 0.306481
0 0.176302 0.847222 0.192188 0.301852
