0 0.549479 0.062500 0.014583 0.089815
0 0.552604 0.076389 0.015625 0.100926
0 0.502083 0.043981 0.015625 0.063889
0 0.486198 0.104630 0.017188 0.122222
0 0.482031 0.045370 0.014063 0.077778
0 0.401562 0.053241 0.011458 0.054630
0 0.377604 0.053704 0.013542 0.070370
0 0.389583 0.114352 0.018750 0.091667
0 0.375781 0.136111 0.033854 0.085185
0 0.444271 0.187500 0.034375 0.119444
0 0.398177 0.170833 0.041146 0.126852
0 0.510938 0.198148 0.030208 0.174074
0 0.383854 0.193981 0.033333 0.119444
0 0.348177 0.162037 0.038021 0.101852
0 0.318229 0.153241 0.023958 0.099074
0 0.285677 0.199537 0.030729 0.134259
0 0.268490 0.202315 0.036979 0.102778
0 0.401823 0.280556 0.039062 0.201852
0 0.596615 0.232870 0.047396 0.200926
0 0.601302 0.368519 0.045312 0.296296
0 0.444531 0.279630 0.055729 0.251852
0 0.261719 0.241667 0.039062 0.127778
0 0.246615 0.284722 0.050521 0.156481
0 0.306510 0.436574 0.071354 0.225000
0 0.196094 0.440278 0.068229 0.208333
0 0.079948 0.415741 0.069271 0.231481
0 0.271354 0.543981 0.056250 0.219444
0 0.151823 0.779630 0.118229 0.337037
0 0.036458 0.578704 0.054167 0.227778
0 0.561979 0.082407 0.015625 0.092593
0 0.371615 0.100926 0.022396 0.083333
0 0.333073 0.184259 0.036979 0.103704
0 0.534635 0.068519 0.020313 0.114815
0 0.296615 0.184722 0.024479 0.126852
0 0.364844 0.045833 0.016146 0.087963
0 0.263802 0.152315 0.033854 0.165741
0 0.499740 0.103704 0.015104 0.120370
0 0.328125 0.233333 0.036458 0.118519
0 0.523958 0.059722 0.012500 0.089815
0 0.614062 0.340741 0.043750 0.285185
0 0.340885 0.096296 0.026562 0.142593
0 0.467187 0.283333 0.045833 0.253704
0 0.492448 0.062963 0.017188 0.101852
0 0.350521 0.280093 0.058333 0.126852
0 0.584635 0.231019 0.028646 0.189815
0 0.299740 0.294907 0.063021 0.150926
0 0.515365 0.059259 0.011979 0.079630
0 0.212760 0.194444 0.033854 0.155556
0 0.454427 0.167130 0.032813 0.145370
0 0.208333 0.395370 0.052083 0.157407
0 0.191406 0.509259 0.080729 0.240741
0 0.506250 0.088889 0.017708 0.125926
0 0.227865 0.585648 0.078646 0.278704
0 0.487760 0.193056 0.030729 0.171296
0 0.114062 0.870370 0.098958 0.257407
0 0.422656 0.074537 0.020313 0.069444
0 0.559115 0.212500 0.034896 0.210185
0 0.646615 0.783796 0.118229 0.419444
0 0.663281 0.846759 0.113021 0.304630
