0 0.593490 0.609722 0.107813 0.213889
0 0.602604 0.667593 0.130208 0.261111
0 0.619792 0.720370 0.145833 0.261111
0 0.263021 0.568981 0.096875 0.287963
0 0.387240 0.531944 0.077604 0.267593
0 0.327344 0.517593 0.067187 0.337037
0 0.308073 0.462963 0.083854 0.246296
0 0.420833 0.364815 0.042708 0.301852
0 0.389583 0.256019 0.043750 0.191667
0 0.365365 0.268981 0.048438 0.145370
0 0.352344 0.239815 0.043229 0.081481
0 0.478385 0.200463 0.036979 0.095370
0 0.471615 0.189815 0.045312 0.092593
0 0.357031 0.200000 0.044271 0.083333
0 0.361198 0.180556 0.036979 0.072222
0 0.366406 0.157870 0.032813 0.056481
0 0.396354 0.141667 0.016667 0.088889
0 0.379167 0.126389 0.021875 0.054630
0 0.385677 0.131019 0.019271 0.112037
0 0.461719 0.118519 0.015104 0.105556
0 0.437760 0.142593 0.024479 0.112963
0 0.426042 0.113426 0.017708 0.082407
0 0.421354 0.106944 0.009375 0.056481
0 0.403385 0.087037 0.013021 0.037037
0 0.407031 0.070833 0.009896 0.047222
0 0.434896 0.069907 0.010417 0.039815
0 0.435156 0.055556 0.007812 0.035185
0 0.427344 0.061111 0.008854 0.042593
0 0.221875 0.712500 0.140625 0.350926
0 0.541406 0.758333 0.123438 0.474074
0 0.467969 0.735648 0.113021 0.519444
0 0.317188 0.784722 0.088542 0.428704
0 0.383073 0.803704 0.107813 0.390741
