0 0.117708 0.547685 0.016667 0.099074
0 0.147917 0.663889 0.058333 0.372222
0 0.140625 0.183796 0.015625 0.071296
0 0.491927 0.116667 0.006771 0.033333
0 0.480990 0.121759 0.010937 0.041667
0 0.426302 0.147222 0.013021 0.061111
0 0.398698 0.202778 0.019271 0.092593
0 0.415885 0.191204 0.020313 0.100926
0 0.484375 0.171296 0.014583 0.066667
0 0.497656 0.187500 0.008854 0.065741
0 0.526302 0.164352 0.013021 0.063889
0 0.523698 0.252778 0.021354 0.122222
0 0.483594 0.228241 0.022396 0.119444
0 0.685156 0.672685 0.053646 0.252778
0 0.474479 0.712963 0.087500 0.298148
0 0.542188 0.713889 0.055208 0.346296
0 0.567708 0.496759 0.054167 0.291667
0 0.514844 0.506944 0.040104 0.262037
0 0.491406 0.459259 0.035937 0.231481
0 0.434115 0.561111 0.072396 0.329630
0 0.190104 0.563426 0.051042 0.269444
0 0.191667 0.837037 0.091667 0.314815
0 0.255469 0.813426 0.164062 0.371296
0 0.485938 0.806944 0.133333 0.384259
0 0.673698 0.844907 0.079687 0.308333
0 0.578646 0.864815 0.092708 0.268519
