0 0.285156 0.629167 0.076563 0.502778
0 0.634635 0.635185 0.070312 0.462963
0 0.495573 0.614815 0.074479 0.531481
0 0.562760 0.585185 0.080729 0.453704
0 0.560156 0.564815 0.079687 0.401852
0 0.601562 0.493519 0.060417 0.379630
0 0.558854 0.460648 0.052083 0.345370
0 0.490365 0.454167 0.064062 0.293519
0 0.505990 0.425000 0.074479 0.331481
0 0.447656 0.425000 0.066146 0.307407
0 0.305208 0.429630 0.100000 0.251852
0 0.335938 0.449074 0.086458 0.398148
0 0.328125 0.406481 0.085417 0.312963
0 0.389583 0.316667 0.055208 0.259259
0 0.430208 0.316204 0.043750 0.208333
0 0.456771 0.273148 0.052083 0.227778
0 0.495573 0.249537 0.033854 0.195370
0 0.365625 0.273611 0.055208 0.173148
0 0.345313 0.249537 0.043750 0.119444
0 0.353385 0.212963 0.028646 0.092593
0 0.417708 0.204167 0.028125 0.136111
0 0.373958 0.172222 0.025000 0.098148
0 0.371875 0.158796 0.036458 0.052778
0 0.378646 0.131019 0.013542 0.076852
0 0.390625 0.114815 0.020833 0.066667
0 0.398438 0.097222 0.015625 0.042593
0 0.406510 0.076389 0.013021 0.039815
0 0.430208 0.072222 0.013542 0.053704
0 0.408073 0.765278 0.149479 0.467593
0 0.613281 0.799074 0.093229 0.398148
