0 0.441406 0.084259 0.010937 0.057407
0 0.490625 0.325926 0.031250 0.212963
0 0.427604 0.301389 0.046875 0.249074
0 0.476302 0.188889 0.032813 0.100000
0 0.365365 0.178704 0.039062 0.094444
0 0.400260 0.128241 0.011979 0.089815
0 0.451823 0.083796 0.013021 0.054630
0 0.377083 0.442130 0.086458 0.402778
0 0.483333 0.161111 0.012500 0.075926
0 0.588021 0.731944 0.195833 0.330556
0 0.357552 0.245833 0.052604 0.126852
0 0.561979 0.633333 0.145833 0.281481
0 0.364323 0.191204 0.044271 0.087963
0 0.516146 0.424074 0.097917 0.203704
0 0.553906 0.590741 0.127604 0.277778
0 0.386979 0.148148 0.015625 0.109259
0 0.460417 0.359722 0.037500 0.254630
0 0.283594 0.501389 0.084896 0.278704
0 0.427604 0.114815 0.017708 0.083333
