0 0.590104 0.689815 0.091667 0.475926
0 0.755990 0.602778 0.073438 0.450000
0 0.794271 0.751852 0.130208 0.494444
0 0.874479 0.747685 0.084375 0.500926
0 0.676042 0.192593 0.047917 0.250000
0 0.638542 0.248611 0.054167 0.262037
0 0.660937 0.303241 0.056250 0.280556
0 0.713021 0.306944 0.056250 0.265741
0 0.748437 0.204167 0.054167 0.265741
0 0.785156 0.212037 0.040104 0.227778
0 0.803906 0.756481 0.111979 0.485185
0 0.640104 0.737500 0.102083 0.523148
0 0.578646 0.738426 0.182292 0.517593
0 0.372135 0.732870 0.124479 0.532407
