0 0.257812 0.586111 0.110417 0.329630
0 0.288021 0.512037 0.111458 0.300000
0 0.317188 0.470370 0.140625 0.277778
0 0.281771 0.312500 0.020833 0.234259
0 0.358594 0.187963 0.035937 0.109259
0 0.356250 0.219907 0.045833 0.125000
0 0.353125 0.238426 0.039583 0.139815
0 0.449740 0.154167 0.023438 0.121296
0 0.452344 0.128704 0.017188 0.094444
0 0.435417 0.130556 0.018750 0.094444
0 0.419792 0.128704 0.016667 0.090741
0 0.395573 0.113889 0.013021 0.079630
0 0.419792 0.066667 0.010417 0.048148
0 0.413021 0.062037 0.006250 0.033333
0 0.431510 0.068519 0.009896 0.027778
0 0.562760 0.603704 0.139063 0.296296
0 0.626563 0.786574 0.164583 0.380556
0 0.445312 0.067593 0.008333 0.042593
0 0.551302 0.812037 0.110937 0.372222
