0 0.431510 0.283796 0.027604 0.160185
0 0.504167 0.416204 0.065625 0.297222
0 0.445573 0.681019 0.104688 0.500926
0 0.544531 0.698611 0.107813 0.504630
0 0.456771 0.168981 0.009375 0.049074
0 0.460417 0.196759 0.014583 0.095370
0 0.472135 0.192130 0.016146 0.087963
0 0.481510 0.230093 0.024479 0.125000
0 0.485677 0.199537 0.011979 0.086111
0 0.505729 0.233333 0.021875 0.135185
0 0.482812 0.171759 0.015625 0.075000
0 0.496615 0.192130 0.017188 0.087963
0 0.477344 0.148148 0.013021 0.064815
0 0.492708 0.150926 0.011458 0.064815
0 0.496615 0.136574 0.005729 0.037963
