0 0.445833 0.069444 0.008333 0.055556
0 0.446094 0.085185 0.010937 0.064815
0 0.433333 0.063889 0.007292 0.029630
0 0.421615 0.062037 0.009896 0.040741
0 0.423958 0.071296 0.009375 0.046296
0 0.408333 0.067130 0.007292 0.036111
0 0.402604 0.082870 0.010417 0.060185
0 0.410156 0.102778 0.009896 0.048148
0 0.433594 0.093056 0.011979 0.063889
0 0.439844 0.124074 0.021354 0.088889
0 0.460677 0.190741 0.046354 0.087037
0 0.447396 0.203241 0.035417 0.139815
0 0.388281 0.186111 0.024479 0.146296
0 0.346875 0.188426 0.018750 0.137963
0 0.399219 0.189352 0.023438 0.154630
0 0.377083 0.205556 0.026042 0.148148
0 0.351823 0.202315 0.031771 0.171296
0 0.352604 0.237037 0.055208 0.133333
0 0.862240 0.522685 0.049479 0.239815
0 0.452083 0.343981 0.051042 0.250926
0 0.409896 0.348611 0.045833 0.247222
0 0.538021 0.424537 0.076042 0.230556
0 0.511458 0.725000 0.093750 0.533333
0 0.423438 0.722222 0.131250 0.516667
0 0.287760 0.387500 0.031771 0.282407
0 0.301042 0.708333 0.131250 0.581481
