0 0.356250 0.642593 0.078125 0.461111
0 0.450781 0.648148 0.059896 0.392593
0 0.523177 0.642130 0.069271 0.408333
0 0.433594 0.347685 0.042188 0.202778
0 0.508594 0.343519 0.044271 0.229630
0 0.453385 0.254630 0.027604 0.151852
0 0.464323 0.224537 0.023438 0.149074
0 0.479167 0.234722 0.019792 0.132407
0 0.464062 0.179630 0.020833 0.083333
0 0.453646 0.138426 0.009375 0.052778
0 0.457292 0.147222 0.010417 0.066667
0 0.469010 0.146296 0.010937 0.066667
0 0.478125 0.156944 0.010417 0.063889
0 0.486979 0.146296 0.008333 0.061111
0 0.495312 0.155556 0.010417 0.075926
