0 0.428385 0.088889 0.025521 0.094444
0 0.361719 0.169444 0.034896 0.107407
0 0.389844 0.136111 0.025521 0.153704
0 0.413542 0.187037 0.016667 0.088889
0 0.456510 0.081019 0.021354 0.054630
0 0.450260 0.389815 0.073438 0.324074
0 0.277604 0.555556 0.129167 0.331481
0 0.588281 0.718056 0.118229 0.515741
0 0.464844 0.161574 0.025521 0.132407
0 0.508854 0.452315 0.044792 0.356481
0 0.362500 0.268519 0.092708 0.164815
0 0.315104 0.470370 0.128125 0.305556
0 0.546615 0.354167 0.030729 0.195370
0 0.557552 0.469907 0.074479 0.293519
0 0.426563 0.173148 0.019792 0.098148
0 0.167448 0.845833 0.180729 0.306481
0 0.588021 0.762500 0.138542 0.476852
