0 0.557813 0.656944 0.089583 0.293519
0 0.560156 0.611111 0.107813 0.320370
0 0.510938 0.505093 0.094792 0.415741
0 0.441667 0.537037 0.094792 0.483333
0 0.327083 0.624074 0.103125 0.231481
0 0.265885 0.565741 0.110937 0.312963
0 0.326042 0.464352 0.101042 0.280556
0 0.339062 0.451389 0.043750 0.295370
0 0.393490 0.314815 0.041146 0.242593
0 0.355729 0.236574 0.046875 0.117593
0 0.361719 0.256481 0.068229 0.151852
0 0.422396 0.204630 0.029167 0.155556
0 0.487240 0.211111 0.033854 0.185185
0 0.464844 0.228704 0.030729 0.124074
0 0.438542 0.190741 0.016667 0.114815
0 0.372656 0.182407 0.030729 0.090741
0 0.358333 0.168981 0.014583 0.102778
0 0.347917 0.163889 0.015625 0.118519
0 0.349479 0.181944 0.019792 0.119444
0 0.377344 0.169907 0.029687 0.163889
0 0.385417 0.139815 0.019792 0.088889
0 0.458854 0.141667 0.032292 0.079630
0 0.432292 0.137500 0.015625 0.086111
0 0.391667 0.136574 0.010417 0.067593
0 0.392448 0.109722 0.017188 0.056481
0 0.404687 0.112500 0.015625 0.086111
0 0.414062 0.075926 0.011458 0.053704
0 0.420573 0.075463 0.009896 0.058333
0 0.421354 0.062500 0.009375 0.047222
0 0.430990 0.071759 0.009896 0.052778
0 0.442708 0.071296 0.011458 0.051852
0 0.638021 0.795370 0.126042 0.396296
0 0.563542 0.872222 0.096875 0.244444
0 0.321875 0.796296 0.175000 0.394444
