0 0.446354 0.066204 0.008333 0.039815
0 0.603125 0.643056 0.065625 0.430556
0 0.590104 0.497685 0.067708 0.384259
0 0.316667 0.471759 0.139583 0.271296
0 0.392969 0.140741 0.022396 0.107407
0 0.393750 0.131944 0.021875 0.050926
0 0.426563 0.064352 0.008333 0.043519
0 0.433333 0.066667 0.008333 0.018519
0 0.298698 0.515278 0.128646 0.306481
0 0.473438 0.308333 0.035417 0.216667
0 0.362500 0.193056 0.045833 0.112037
0 0.257292 0.585185 0.106250 0.327778
0 0.406771 0.080556 0.011458 0.053704
0 0.431771 0.067130 0.007292 0.028704
0 0.534896 0.779630 0.084375 0.438889
0 0.581510 0.818519 0.120313 0.361111
