0 0.435677 0.177778 0.023438 0.098148
0 0.482552 0.246759 0.044271 0.206481
0 0.491927 0.395370 0.085938 0.324074
0 0.558333 0.180556 0.031250 0.162963
0 0.598437 0.203241 0.023958 0.158333
0 0.613281 0.342130 0.043229 0.275000
0 0.382031 0.194444 0.030729 0.129630
0 0.404427 0.247222 0.041146 0.159259
0 0.269271 0.199074 0.033333 0.107407
0 0.348958 0.294444 0.046875 0.151852
0 0.282031 0.295833 0.040104 0.149074
0 0.224740 0.257870 0.033854 0.125000
0 0.233854 0.171296 0.028125 0.168519
0 0.164323 0.192130 0.038021 0.176852
0 0.337240 0.423611 0.068229 0.230556
0 0.206771 0.373148 0.045833 0.205556
0 0.122917 0.372222 0.053125 0.138889
0 0.188542 0.515741 0.068750 0.237037
0 0.177604 0.793981 0.095833 0.362037
0 0.291406 0.270370 0.048438 0.155556
0 0.530208 0.201389 0.038542 0.182407
0 0.403125 0.149074 0.019792 0.081481
0 0.446875 0.123148 0.036458 0.116667
0 0.202604 0.279630 0.042708 0.125926
0 0.590885 0.192593 0.039062 0.155556
0 0.219271 0.191667 0.027083 0.153704
0 0.477604 0.159722 0.026042 0.191667
0 0.391146 0.461111 0.073958 0.368519
0 0.328125 0.460648 0.068750 0.228704
0 0.067708 0.402778 0.050000 0.166667
0 0.250260 0.574537 0.101562 0.313889
0 0.282031 0.188889 0.032813 0.120370
0 0.092448 0.545833 0.051562 0.200926
0 0.500781 0.218056 0.024479 0.130556
0 0.093750 0.841667 0.133333 0.305556
0 0.349740 0.189815 0.028646 0.133333
0 0.518490 0.052778 0.019271 0.088889
0 0.319010 0.223611 0.045312 0.119444
0 0.448177 0.250000 0.039062 0.224074
0 0.545052 0.050926 0.021354 0.090741
0 0.283594 0.097685 0.026562 0.130556
0 0.252083 0.287963 0.036458 0.157407
0 0.640365 0.798611 0.104688 0.400926
0 0.707292 0.857870 0.175000 0.276852
0 0.509375 0.833333 0.139583 0.333333
