0 0.421354 0.068981 0.009375 0.047222
0 0.428906 0.071759 0.006771 0.049074
0 0.461979 0.121296 0.017708 0.087037
0 0.438281 0.156944 0.029687 0.136111
0 0.389062 0.134259 0.013542 0.105556
0 0.400260 0.156481 0.018229 0.122222
0 0.370052 0.178704 0.032813 0.088889
0 0.363802 0.194907 0.033854 0.102778
0 0.361979 0.221759 0.051042 0.117593
0 0.362240 0.250463 0.053646 0.132407
0 0.476302 0.198148 0.036979 0.101852
0 0.581510 0.750000 0.082812 0.487037
0 0.569271 0.628704 0.150000 0.272222
0 0.555729 0.444444 0.066667 0.287037
0 0.573177 0.472685 0.054688 0.302778
0 0.511198 0.419444 0.038021 0.301852
0 0.494792 0.440741 0.041667 0.329630
0 0.469531 0.518981 0.064062 0.382407
0 0.438281 0.480556 0.045312 0.374074
0 0.390104 0.393056 0.056250 0.326852
0 0.767969 0.859722 0.123438 0.276852
0 0.696615 0.856944 0.117188 0.278704
0 0.611458 0.812500 0.138542 0.373148
