0 0.594531 0.779630 0.200521 0.379630
0 0.582292 0.705093 0.178125 0.347222
0 0.577865 0.657407 0.156771 0.309259
0 0.228646 0.741204 0.171875 0.415741
0 0.262500 0.561574 0.128125 0.345370
0 0.309375 0.535185 0.085417 0.253704
0 0.380469 0.593519 0.105729 0.162963
0 0.307031 0.381481 0.068229 0.307407
0 0.528906 0.500000 0.069271 0.377778
0 0.472917 0.190741 0.046875 0.096296
0 0.479427 0.274074 0.045312 0.233333
0 0.358333 0.175926 0.028125 0.088889
0 0.367188 0.192130 0.037500 0.082407
0 0.353906 0.259259 0.042188 0.125926
0 0.364063 0.273148 0.037500 0.138889
0 0.386719 0.255093 0.041146 0.178704
0 0.405208 0.250000 0.063542 0.198148
0 0.378125 0.133796 0.028125 0.086111
0 0.404167 0.119444 0.015625 0.062963
0 0.412500 0.130556 0.014583 0.072222
0 0.430990 0.181944 0.030729 0.160185
0 0.438281 0.125926 0.018229 0.107407
0 0.460677 0.118981 0.017188 0.100926
0 0.111458 0.894444 0.136458 0.209259
0 0.727083 0.885648 0.133333 0.226852
