0 0.252865 0.625926 0.047396 0.238889
0 0.139844 0.211574 0.028646 0.125000
0 0.242188 0.191667 0.013542 0.062963
0 0.248698 0.229167 0.020313 0.134259
0 0.416406 0.264815 0.017188 0.116667
0 0.402604 0.154167 0.011458 0.067593
0 0.414062 0.158333 0.015625 0.081481
0 0.425000 0.164815 0.011458 0.079630
0 0.395313 0.242130 0.020833 0.147222
0 0.529948 0.192593 0.017188 0.088889
0 0.497656 0.158333 0.008854 0.068519
0 0.494531 0.183333 0.016146 0.088889
0 0.479948 0.229630 0.021354 0.120370
0 0.540365 0.240741 0.016146 0.118519
0 0.531771 0.264352 0.022917 0.145370
0 0.479687 0.280556 0.021875 0.135185
0 0.506510 0.293056 0.027604 0.125000
0 0.552865 0.321759 0.034896 0.165741
0 0.559375 0.350926 0.038542 0.168519
0 0.455208 0.327315 0.036458 0.173148
0 0.465104 0.346759 0.034375 0.184259
0 0.425781 0.357870 0.033854 0.195370
0 0.466667 0.400463 0.039583 0.210185
0 0.507292 0.410648 0.046875 0.228704
0 0.549479 0.565278 0.061458 0.339815
0 0.464062 0.534259 0.052083 0.257407
0 0.419531 0.638426 0.077604 0.391667
0 0.461458 0.698611 0.077083 0.369444
0 0.154427 0.656481 0.047396 0.181481
0 0.637500 0.841204 0.087500 0.315741
