0 0.079687 0.562963 0.033333 0.188889
0 0.709635 0.092593 0.025521 0.157407
0 0.642708 0.202315 0.041667 0.208333
0 0.699740 0.203241 0.040104 0.206481
0 0.741667 0.280093 0.051042 0.280556
0 0.730990 0.219907 0.029687 0.143519
0 0.635417 0.325000 0.058333 0.298148
0 0.692448 0.403241 0.076563 0.367593
0 0.783594 0.393981 0.069271 0.349074
0 0.843490 0.515741 0.065104 0.387037
0 0.756771 0.551389 0.083333 0.439815
0 0.666146 0.680093 0.129167 0.578704
0 0.597135 0.679630 0.069271 0.475926
0 0.447917 0.807407 0.114583 0.392593
0 0.564844 0.769907 0.113021 0.458333
0 0.632292 0.819444 0.105208 0.364815
0 0.774219 0.780093 0.133854 0.436111
0 0.869010 0.770833 0.104688 0.456481
