0 0.456771 0.181481 0.038542 0.087037
0 0.469792 0.190278 0.040625 0.086111
0 0.415885 0.060185 0.006771 0.040741
0 0.421094 0.065741 0.007812 0.040741
0 0.428646 0.067130 0.007292 0.037963
0 0.408854 0.068519 0.010417 0.053704
0 0.414583 0.111574 0.012500 0.067593
0 0.439844 0.093056 0.013021 0.062037
0 0.434896 0.114815 0.013542 0.075926
0 0.426823 0.134722 0.013021 0.086111
0 0.405729 0.139815 0.017708 0.090741
0 0.416667 0.174537 0.028125 0.110185
0 0.416406 0.214352 0.033854 0.117593
0 0.385417 0.205556 0.012500 0.090741
0 0.364323 0.183796 0.026562 0.087963
0 0.355990 0.208796 0.030729 0.100926
0 0.350260 0.250463 0.032813 0.112037
0 0.369792 0.341667 0.044792 0.172222
0 0.415625 0.309722 0.043750 0.230556
0 0.517188 0.414352 0.058333 0.217593
