0 0.439063 0.328704 0.050000 0.261111
0 0.512240 0.043981 0.014063 0.078704
0 0.549740 0.349074 0.029687 0.174074
0 0.402083 0.295370 0.043750 0.250000
0 0.215365 0.171759 0.047396 0.165741
0 0.238281 0.580093 0.106771 0.262037
0 0.043750 0.308333 0.035417 0.253704
0 0.441146 0.185648 0.021875 0.100926
0 0.319010 0.140278 0.020313 0.075000
0 0.471875 0.235648 0.035417 0.206481
0 0.338542 0.166204 0.027083 0.100926
0 0.491406 0.282407 0.040104 0.250000
0 0.371615 0.058333 0.022396 0.088889
0 0.401562 0.158796 0.029167 0.106481
0 0.586979 0.339815 0.076042 0.255556
0 0.371875 0.159259 0.036458 0.144444
0 0.526302 0.313426 0.040104 0.213889
0 0.029427 0.546296 0.042188 0.166667
0 0.476562 0.352778 0.033333 0.227778
0 0.128906 0.854630 0.067187 0.233333
0 0.492708 0.242130 0.037500 0.212037
0 0.365104 0.234722 0.031250 0.137963
0 0.330729 0.230556 0.039583 0.131481
0 0.262760 0.195370 0.025521 0.085185
0 0.344792 0.291204 0.040625 0.158333
0 0.306771 0.288426 0.041667 0.150926
0 0.290625 0.228704 0.040625 0.129630
0 0.565365 0.075463 0.013021 0.095370
0 0.260156 0.261574 0.043229 0.154630
0 0.247135 0.290278 0.051562 0.175000
0 0.325000 0.413426 0.069792 0.254630
0 0.450781 0.162500 0.026562 0.132407
0 0.218229 0.399074 0.045833 0.159259
0 0.200000 0.424074 0.058333 0.190741
0 0.193490 0.525463 0.069271 0.258333
0 0.608333 0.313426 0.057292 0.256481
0 0.138542 0.412963 0.071875 0.255556
0 0.098437 0.366204 0.048958 0.173148
0 0.062760 0.409259 0.049479 0.190741
0 0.430729 0.197222 0.030208 0.124074
0 0.088802 0.572222 0.093229 0.259259
