0 0.614062 0.815741 0.183333 0.325926
0 0.563802 0.731019 0.157812 0.343519
0 0.569271 0.597685 0.144792 0.265741
0 0.564844 0.551389 0.108854 0.263889
0 0.241146 0.623148 0.142708 0.312963
0 0.216667 0.752315 0.175000 0.423148
0 0.524740 0.459722 0.118229 0.217593
0 0.320312 0.486574 0.089583 0.271296
0 0.295833 0.512037 0.095833 0.257407
0 0.361458 0.270833 0.072917 0.156481
0 0.355729 0.282870 0.068750 0.149074
0 0.369792 0.215741 0.019792 0.120370
0 0.386719 0.212037 0.023438 0.150000
0 0.376563 0.110648 0.013542 0.050926
0 0.372917 0.127778 0.014583 0.070370
0 0.357292 0.143519 0.015625 0.072222
0 0.347135 0.152315 0.016146 0.071296
0 0.352083 0.164815 0.018750 0.085185
0 0.374479 0.128704 0.015625 0.074074
0 0.391667 0.125926 0.016667 0.074074
0 0.409896 0.154167 0.020833 0.134259
0 0.466406 0.124074 0.017188 0.096296
0 0.456771 0.116667 0.010417 0.103704
0 0.448958 0.122685 0.015625 0.093519
0 0.447135 0.087500 0.015104 0.054630
0 0.443750 0.158333 0.021875 0.125926
0 0.404427 0.097222 0.008854 0.053704
0 0.424740 0.112963 0.019271 0.087037
0 0.446615 0.082407 0.013021 0.046296
0 0.437500 0.075926 0.007292 0.059259
0 0.431250 0.072222 0.006250 0.048148
0 0.415625 0.081019 0.008333 0.052778
0 0.420312 0.067130 0.009375 0.047222
0 0.615885 0.856019 0.106771 0.280556
