0 0.446094 0.185648 0.027604 0.137963
0 0.426042 0.203241 0.021875 0.102778
0 0.439323 0.096759 0.013021 0.063889
0 0.446094 0.109259 0.015104 0.079630
0 0.454688 0.111574 0.009375 0.058333
0 0.441927 0.062037 0.006771 0.031481
0 0.426042 0.106481 0.012500 0.072222
0 0.414583 0.089352 0.009375 0.058333
0 0.406250 0.114815 0.010417 0.059259
0 0.382552 0.123611 0.015104 0.086111
0 0.393490 0.135648 0.016146 0.097222
0 0.400260 0.175463 0.022396 0.145370
0 0.394792 0.192130 0.020833 0.130556
0 0.378125 0.168981 0.014583 0.128704
0 0.349219 0.164815 0.018229 0.109259
0 0.356250 0.169444 0.019792 0.137037
0 0.370833 0.178704 0.017708 0.146296
0 0.359635 0.197685 0.025521 0.152778
0 0.356250 0.224537 0.038542 0.112037
0 0.394010 0.445370 0.061979 0.301852
0 0.474479 0.205556 0.028125 0.131481
0 0.428125 0.276389 0.033333 0.178704
0 0.384896 0.308333 0.048958 0.229630
0 0.514323 0.277778 0.042188 0.214815
0 0.443490 0.340278 0.035937 0.234259
0 0.449479 0.462500 0.066667 0.354630
0 0.320052 0.296296 0.044271 0.192593
0 0.300781 0.355556 0.045312 0.255556
0 0.329948 0.400000 0.046354 0.279630
0 0.355208 0.473148 0.059375 0.340741
0 0.392448 0.500926 0.063021 0.340741
0 0.471354 0.491204 0.046875 0.332407
0 0.492448 0.540278 0.084896 0.450926
0 0.555208 0.512963 0.072917 0.385185
0 0.767448 0.528704 0.057813 0.324074
0 0.303906 0.473148 0.061979 0.303704
0 0.249219 0.499074 0.069271 0.433333
0 0.284115 0.553241 0.072396 0.393519
0 0.385156 0.656019 0.116146 0.512037
0 0.498177 0.695370 0.107813 0.388889
0 0.552083 0.656019 0.047917 0.247222
0 0.567448 0.657407 0.110937 0.322222
0 0.588542 0.757870 0.202083 0.356481
0 0.607292 0.751389 0.138542 0.495370
0 0.430208 0.725926 0.137500 0.540741
0 0.133854 0.801389 0.132292 0.395370
