0 0.579688 0.642130 0.131250 0.310185
0 0.522396 0.450926 0.113542 0.225926
0 0.469792 0.221296 0.038542 0.166667
0 0.438021 0.224074 0.028125 0.131481
0 0.463281 0.118981 0.014063 0.052778
0 0.440885 0.098148 0.018229 0.064815
0 0.440625 0.070370 0.007292 0.042593
0 0.435156 0.069907 0.007812 0.049074
0 0.426823 0.099537 0.008854 0.069444
0 0.408854 0.099074 0.011458 0.072222
0 0.397396 0.137500 0.016667 0.108333
0 0.374219 0.111111 0.008854 0.057407
0 0.380208 0.123611 0.014583 0.086111
0 0.373958 0.153241 0.023958 0.056481
0 0.416927 0.352315 0.045312 0.241667
0 0.373177 0.328241 0.048438 0.263889
0 0.413281 0.265278 0.047396 0.169444
0 0.364844 0.205556 0.031771 0.098148
0 0.359115 0.175926 0.036979 0.075926
0 0.353385 0.249537 0.040104 0.123148
0 0.292448 0.487500 0.065104 0.280556
0 0.241406 0.645833 0.110937 0.334259
0 0.599219 0.830556 0.161979 0.337037
