0 0.626563 0.700463 0.101042 0.280556
0 0.437500 0.089815 0.016667 0.066667
0 0.404948 0.096759 0.010937 0.075000
0 0.482031 0.197685 0.024479 0.084259
0 0.515365 0.450000 0.039062 0.311111
0 0.548958 0.748611 0.095833 0.493519
0 0.422396 0.097222 0.013542 0.072222
0 0.389844 0.150926 0.013021 0.107407
0 0.446615 0.189815 0.031771 0.157407
0 0.347135 0.179167 0.021354 0.095370
0 0.673177 0.868056 0.147396 0.262037
0 0.371094 0.154167 0.025521 0.063889
0 0.604688 0.585185 0.070833 0.194444
0 0.511719 0.279167 0.052604 0.215741
0 0.574219 0.460648 0.111979 0.299074
0 0.368490 0.201852 0.024479 0.075926
0 0.590625 0.410185 0.046875 0.246296
0 0.361719 0.250000 0.055729 0.137037
0 0.429167 0.173148 0.021875 0.125926
0 0.250521 0.690741 0.158333 0.333333
0 0.379948 0.139815 0.013021 0.090741
