0 0.561719 0.465278 0.040104 0.249074
0 0.492448 0.147222 0.008854 0.057407
0 0.392708 0.152778 0.010417 0.072222
0 0.403385 0.151852 0.009896 0.072222
0 0.523958 0.504167 0.060417 0.308333
0 0.449479 0.371296 0.035417 0.187037
0 0.441146 0.501389 0.055208 0.286111
0 0.216406 0.235648 0.025521 0.126852
0 0.133333 0.223148 0.025000 0.135185
0 0.490365 0.308796 0.035937 0.171296
0 0.483333 0.268056 0.032292 0.145370
0 0.515625 0.294907 0.026042 0.147222
0 0.516667 0.262500 0.026042 0.145370
0 0.551823 0.357870 0.029687 0.165741
0 0.515365 0.293056 0.026562 0.137963
0 0.480469 0.386574 0.040104 0.189815
0 0.416146 0.152778 0.011458 0.068519
0 0.561458 0.419444 0.040625 0.242593
0 0.542708 0.208333 0.016667 0.092593
0 0.483333 0.448611 0.036458 0.232407
0 0.155990 0.193981 0.017188 0.102778
0 0.545052 0.290278 0.029687 0.162037
0 0.408854 0.243056 0.029167 0.115741
0 0.440625 0.302778 0.025000 0.146296
0 0.451302 0.321759 0.031771 0.147222
0 0.523438 0.386574 0.041667 0.186111
0 0.414062 0.415278 0.040625 0.206481
0 0.391927 0.455093 0.030729 0.160185
0 0.412240 0.485648 0.035937 0.195370
0 0.389323 0.643981 0.058854 0.302778
0 0.272917 0.243519 0.014583 0.081481
0 0.487240 0.340741 0.041146 0.174074
0 0.145573 0.159259 0.010937 0.064815
0 0.113542 0.185648 0.012500 0.075000
0 0.353906 0.793981 0.070312 0.408333
0 0.400521 0.818519 0.070833 0.355556
0 0.422656 0.855556 0.118229 0.287037
0 0.551823 0.880556 0.101562 0.237037
