0 0.468750 0.132870 0.017708 0.082407
0 0.463021 0.119907 0.016667 0.086111
0 0.453385 0.117593 0.013021 0.096296
0 0.441927 0.083333 0.011979 0.062963
0 0.434635 0.096759 0.009896 0.060185
0 0.417187 0.103704 0.008333 0.059259
0 0.427604 0.102315 0.013542 0.076852
0 0.408333 0.110185 0.014583 0.085185
0 0.398177 0.088889 0.005729 0.048148
0 0.385156 0.135185 0.010937 0.083333
0 0.417187 0.151852 0.028125 0.112963
0 0.408854 0.166667 0.027083 0.079630
0 0.388021 0.133796 0.017708 0.100926
0 0.380469 0.153704 0.029687 0.070370
0 0.443490 0.165278 0.023438 0.093519
0 0.473177 0.199074 0.038021 0.100000
0 0.479687 0.287500 0.052083 0.226852
0 0.403906 0.274537 0.046354 0.212037
0 0.353125 0.275000 0.035417 0.200000
0 0.361979 0.244444 0.054167 0.150000
0 0.370052 0.181019 0.040104 0.100926
0 0.343750 0.175926 0.014583 0.101852
0 0.569010 0.633796 0.146354 0.262037
0 0.577344 0.732870 0.199479 0.337963
0 0.563021 0.743981 0.089583 0.493519
0 0.585938 0.518981 0.046875 0.426852
0 0.547917 0.516667 0.043750 0.377778
0 0.250781 0.681944 0.153646 0.345370
0 0.451562 0.778241 0.140625 0.439815
0 0.665625 0.826389 0.129167 0.339815
