0 0.513802 0.506019 0.056771 0.297222
0 0.549740 0.328704 0.024479 0.155556
0 0.411198 0.185648 0.019271 0.110185
0 0.435156 0.427315 0.042188 0.252778
0 0.486979 0.145833 0.010417 0.073148
0 0.623958 0.712500 0.068750 0.371296
0 0.521875 0.766667 0.113542 0.455556
0 0.496354 0.288889 0.036458 0.146296
0 0.684375 0.717593 0.066667 0.364815
0 0.142187 0.226852 0.015625 0.068519
0 0.456510 0.556481 0.070312 0.320370
0 0.479167 0.469444 0.056250 0.288889
0 0.398438 0.606944 0.056250 0.326852
0 0.551823 0.537963 0.056771 0.272222
0 0.496094 0.155093 0.015104 0.063889
0 0.543490 0.331944 0.033854 0.156481
0 0.438802 0.679630 0.043229 0.274074
0 0.125000 0.156944 0.019792 0.084259
0 0.462500 0.279167 0.023958 0.095370
0 0.541146 0.215278 0.013542 0.075000
0 0.327083 0.833796 0.130208 0.330556
0 0.244271 0.851852 0.096875 0.294444
