0 0.400000 0.148611 0.013542 0.078704
0 0.425260 0.153241 0.013021 0.082407
0 0.393750 0.204630 0.019792 0.105556
0 0.409375 0.151389 0.012500 0.078704
0 0.529687 0.321759 0.026042 0.152778
0 0.476042 0.285648 0.025000 0.145370
0 0.478385 0.479630 0.059896 0.235185
0 0.399740 0.504167 0.047396 0.280556
0 0.425521 0.734722 0.086458 0.428704
0 0.614844 0.704630 0.070312 0.381481
0 0.114583 0.647222 0.027083 0.105556
0 0.529167 0.368981 0.047917 0.210185
0 0.441927 0.504167 0.035937 0.287963
0 0.482292 0.143519 0.011458 0.061111
0 0.484115 0.628704 0.071354 0.392593
0 0.494010 0.145833 0.014063 0.058333
0 0.686198 0.722222 0.063021 0.331481
0 0.506771 0.319444 0.030208 0.166667
0 0.495312 0.279167 0.023958 0.141667
0 0.534375 0.237963 0.025000 0.122222
0 0.102604 0.537963 0.015625 0.094444
0 0.512240 0.231944 0.019271 0.134259
0 0.270052 0.687037 0.036979 0.314815
0 0.661979 0.854167 0.088542 0.287963
