0 0.105469 0.538426 0.010937 0.097222
0 0.497656 0.131944 0.009896 0.049074
0 0.505729 0.217593 0.014583 0.081481
0 0.535156 0.215278 0.015104 0.100926
0 0.514062 0.268519 0.018750 0.109259
0 0.495052 0.240278 0.019271 0.104630
0 0.481771 0.297222 0.013542 0.129630
0 0.450521 0.298148 0.020833 0.140741
0 0.522917 0.312037 0.023958 0.155556
0 0.503906 0.349537 0.036979 0.195370
0 0.436719 0.318981 0.030729 0.176852
0 0.424740 0.145833 0.011979 0.050926
0 0.415104 0.211574 0.020833 0.102778
0 0.552083 0.605093 0.050000 0.269444
0 0.501823 0.717593 0.081771 0.451852
0 0.143490 0.501389 0.010937 0.073148
0 0.133854 0.541204 0.012500 0.065741
0 0.522135 0.220370 0.019271 0.087037
0 0.462760 0.331944 0.041146 0.171296
0 0.476042 0.175000 0.010417 0.057407
0 0.542448 0.234722 0.013021 0.102778
0 0.415104 0.142130 0.010417 0.054630
0 0.400000 0.154630 0.009375 0.068519
0 0.511198 0.161574 0.008854 0.060185
0 0.477083 0.237500 0.015625 0.095370
0 0.381250 0.554167 0.016667 0.280556
0 0.497917 0.161574 0.012500 0.065741
0 0.513021 0.573148 0.055208 0.303704
0 0.466927 0.307407 0.026562 0.150000
0 0.424740 0.670833 0.073438 0.365741
0 0.482552 0.201852 0.019271 0.087037
0 0.491667 0.306944 0.023958 0.145370
0 0.486198 0.160185 0.011979 0.066667
0 0.161979 0.693056 0.092708 0.395370
0 0.549740 0.315741 0.027604 0.153704
0 0.180208 0.595370 0.064583 0.338889
0 0.419792 0.778241 0.088542 0.436111
0 0.238802 0.863889 0.075521 0.270370
