0 0.473698 0.140278 0.019271 0.093519
0 0.463021 0.157870 0.026042 0.062037
0 0.472917 0.198611 0.035417 0.110185
0 0.430990 0.122222 0.018229 0.081481
0 0.448698 0.085185 0.011979 0.057407
0 0.437240 0.083796 0.009896 0.056481
0 0.434115 0.070370 0.009896 0.038889
0 0.422135 0.060648 0.009896 0.039815
0 0.417187 0.086574 0.015625 0.065741
0 0.401823 0.088889 0.010937 0.055556
0 0.387500 0.110648 0.014583 0.047222
0 0.392708 0.104630 0.016667 0.051852
0 0.378906 0.183796 0.024479 0.137963
0 0.409115 0.160185 0.021354 0.111111
0 0.432031 0.167593 0.023438 0.127778
0 0.407292 0.199537 0.031250 0.136111
0 0.396615 0.199537 0.020313 0.149074
0 0.355990 0.199074 0.023438 0.170370
0 0.342969 0.193981 0.023438 0.150926
0 0.370312 0.211574 0.027083 0.173148
0 0.453906 0.204630 0.027604 0.166667
0 0.472396 0.264815 0.019792 0.088889
0 0.524219 0.452315 0.106771 0.230556
0 0.567187 0.437963 0.050000 0.314815
0 0.566667 0.554167 0.103125 0.282407
0 0.604167 0.776852 0.170833 0.387037
0 0.308594 0.413889 0.078646 0.218519
0 0.299219 0.466667 0.099479 0.253704
0 0.280990 0.554630 0.126562 0.298148
0 0.250781 0.688889 0.178646 0.375926
0 0.947656 0.580556 0.041146 0.248148
