0 0.484115 0.194907 0.035937 0.171296
0 0.549740 0.223611 0.028646 0.186111
0 0.067187 0.429167 0.044792 0.197222
0 0.273698 0.389352 0.049479 0.212037
0 0.161979 0.596759 0.063542 0.247222
0 0.401823 0.531019 0.068229 0.384259
0 0.548438 0.338426 0.040625 0.134259
0 0.276042 0.122685 0.023958 0.141667
0 0.601823 0.386574 0.052604 0.321296
0 0.264062 0.223148 0.036458 0.168519
0 0.451562 0.306944 0.061458 0.289815
0 0.322135 0.294907 0.065104 0.213889
0 0.491667 0.368981 0.052083 0.310185
0 0.190625 0.256944 0.046875 0.219444
0 0.515625 0.205556 0.029167 0.190741
0 0.296615 0.201389 0.025521 0.149074
0 0.102604 0.305556 0.044792 0.233333
0 0.200781 0.440741 0.069271 0.231481
0 0.092188 0.388426 0.032292 0.200926
0 0.381510 0.300926 0.054688 0.187037
0 0.120313 0.453241 0.060417 0.265741
0 0.105208 0.575463 0.055208 0.258333
0 0.041406 0.570370 0.053646 0.255556
0 0.218750 0.263889 0.031250 0.138889
0 0.345052 0.425926 0.052604 0.259259
0 0.318750 0.473148 0.068750 0.272222
0 0.200781 0.550926 0.073438 0.300000
0 0.142187 0.254167 0.046875 0.237963
0 0.054688 0.793056 0.091667 0.352778
0 0.141667 0.768056 0.096875 0.363889
0 0.106771 0.853241 0.093750 0.282407
0 0.405990 0.168056 0.041146 0.123148
0 0.576042 0.298148 0.042708 0.218519
0 0.510417 0.266204 0.037500 0.202778
0 0.607292 0.341667 0.048958 0.194444
0 0.418750 0.035648 0.016667 0.047222
0 0.372917 0.060648 0.016667 0.069444
0 0.328385 0.172685 0.032813 0.080556
0 0.407292 0.165278 0.036458 0.112037
0 0.369792 0.157407 0.031250 0.085185
0 0.488021 0.046759 0.016667 0.076852
0 0.457813 0.029630 0.018750 0.059259
0 0.506771 0.063889 0.021875 0.088889
0 0.524219 0.066667 0.018229 0.085185
0 0.539583 0.054630 0.012500 0.059259
0 0.543490 0.047222 0.016146 0.075926
0 0.561458 0.054630 0.018750 0.092593
0 0.433073 0.101389 0.023438 0.110185
0 0.597396 0.201389 0.031250 0.139815
0 0.674219 0.843519 0.168229 0.311111
0 0.704688 0.761574 0.156250 0.478704
