0 0.147396 0.192593 0.014583 0.077778
0 0.411979 0.189815 0.011458 0.096296
0 0.421354 0.203704 0.017708 0.074074
0 0.495573 0.168519 0.016146 0.048148
0 0.497135 0.241667 0.015104 0.107407
0 0.519010 0.217130 0.024479 0.112037
0 0.463542 0.282870 0.036458 0.086111
0 0.452604 0.361111 0.014583 0.061111
0 0.474219 0.314815 0.025521 0.109259
0 0.416667 0.411111 0.043750 0.237037
0 0.394792 0.494444 0.047917 0.250000
0 0.562760 0.459259 0.044271 0.222222
0 0.535156 0.356019 0.036979 0.136111
0 0.493229 0.407870 0.037500 0.226852
0 0.458854 0.442593 0.033333 0.161111
0 0.509375 0.487963 0.050000 0.248148
0 0.536979 0.536574 0.058333 0.273148
0 0.351562 0.865278 0.114583 0.299074
