0 0.075260 0.422685 0.050521 0.204630
0 0.339323 0.118981 0.018229 0.145370
0 0.622396 0.313426 0.030208 0.221296
0 0.600000 0.256019 0.029167 0.186111
0 0.584635 0.232870 0.025521 0.199074
0 0.549479 0.261574 0.037500 0.206481
0 0.469792 0.239815 0.033333 0.227778
0 0.455469 0.257407 0.034896 0.222222
0 0.396615 0.563889 0.078646 0.400000
0 0.242969 0.621296 0.101562 0.424074
0 0.217969 0.529167 0.075521 0.267593
0 0.089844 0.564352 0.074479 0.237963
0 0.026823 0.490278 0.053646 0.262037
0 0.029687 0.258333 0.031250 0.192593
0 0.063021 0.262037 0.035417 0.224074
0 0.127083 0.431481 0.067708 0.307407
0 0.212240 0.390278 0.055729 0.182407
0 0.261458 0.267130 0.041667 0.163889
0 0.312760 0.256944 0.058854 0.173148
0 0.397917 0.281944 0.044792 0.171296
0 0.420052 0.228704 0.042188 0.142593
0 0.373177 0.204630 0.029687 0.116667
0 0.386979 0.157407 0.022917 0.090741
0 0.365104 0.146296 0.023958 0.105556
0 0.559635 0.083333 0.011979 0.098148
0 0.501563 0.175926 0.036458 0.192593
0 0.475521 0.196296 0.030208 0.116667
0 0.490885 0.107870 0.030729 0.143519
0 0.534115 0.134259 0.025521 0.135185
0 0.093750 0.827778 0.094792 0.335185
