0 0.419531 0.075926 0.011979 0.044444
0 0.447396 0.083333 0.011458 0.051852
0 0.434635 0.080556 0.010937 0.053704
0 0.447135 0.112500 0.015104 0.069444
0 0.440104 0.109259 0.015625 0.077778
0 0.412500 0.102778 0.017708 0.079630
0 0.420573 0.113426 0.015104 0.069444
0 0.392188 0.130556 0.014583 0.103704
0 0.398698 0.147222 0.024479 0.105556
0 0.379427 0.148148 0.031771 0.081481
0 0.368750 0.186111 0.043750 0.094444
0 0.363542 0.287500 0.063542 0.139815
0 0.556250 0.435185 0.058333 0.322222
0 0.518750 0.450463 0.050000 0.339815
0 0.475521 0.412963 0.061458 0.333333
0 0.308073 0.473611 0.121354 0.287963
0 0.555990 0.716667 0.066146 0.533333
0 0.604167 0.742593 0.091667 0.512963
0 0.174219 0.849537 0.198437 0.299074
