0 0.265885 0.224537 0.034896 0.128704
0 0.482031 0.349537 0.033854 0.180556
0 0.532292 0.277315 0.027083 0.134259
0 0.493750 0.175926 0.019792 0.072222
0 0.424219 0.186574 0.016146 0.082407
0 0.263281 0.225463 0.027604 0.123148
0 0.423958 0.407870 0.039583 0.223148
0 0.510938 0.236111 0.019792 0.137037
0 0.452344 0.366204 0.025521 0.191667
0 0.475521 0.188889 0.015625 0.094444
0 0.558333 0.568519 0.078125 0.342593
0 0.472656 0.656944 0.086979 0.402778
0 0.403385 0.225000 0.024479 0.116667
0 0.397656 0.699074 0.068229 0.368519
0 0.498177 0.272685 0.026562 0.117593
0 0.113281 0.642130 0.025521 0.091667
0 0.434115 0.830556 0.107813 0.337037
0 0.608854 0.847685 0.085417 0.302778
