0 0.432812 0.063889 0.009375 0.044444
0 0.588021 0.705093 0.166667 0.343519
0 0.421354 0.217130 0.027083 0.126852
0 0.420833 0.064815 0.008333 0.048148
0 0.434635 0.081944 0.013021 0.060185
0 0.405208 0.093519 0.008333 0.066667
0 0.403125 0.151389 0.028125 0.134259
0 0.450000 0.131019 0.012500 0.087963
0 0.384375 0.204167 0.017708 0.147222
0 0.469531 0.157870 0.019271 0.121296
0 0.286979 0.530093 0.131250 0.275000
0 0.558073 0.492593 0.070312 0.377778
0 0.350260 0.281481 0.059896 0.151852
0 0.568229 0.627778 0.129167 0.325926
0 0.411198 0.200463 0.023438 0.112037
0 0.239063 0.750463 0.167708 0.415741
0 0.440885 0.215278 0.025521 0.167593
0 0.549479 0.581019 0.101042 0.282407
0 0.370573 0.210185 0.031771 0.155556
0 0.449219 0.161574 0.019271 0.130556
0 0.360677 0.266204 0.064062 0.143519
0 0.617708 0.788426 0.144792 0.350926
0 0.292187 0.450463 0.083333 0.260185
0 0.487500 0.241204 0.043750 0.125000
0 0.244792 0.650000 0.140625 0.385185
0 0.350000 0.181944 0.027083 0.139815
0 0.427865 0.162037 0.022396 0.125926
0 0.386979 0.125926 0.013542 0.088889
0 0.163281 0.789815 0.109896 0.418519
0 0.359896 0.618981 0.100000 0.441667
0 0.482292 0.723148 0.137500 0.538889
