0 0.152344 0.180093 0.016146 0.102778
0 0.138281 0.174537 0.015104 0.091667
0 0.397917 0.173148 0.014583 0.085185
0 0.411719 0.210185 0.019271 0.125926
0 0.445052 0.351852 0.032813 0.214815
0 0.452083 0.295370 0.020833 0.088889
0 0.551562 0.377315 0.043750 0.182407
0 0.535417 0.335185 0.030208 0.164815
0 0.505729 0.362500 0.036458 0.193519
0 0.470052 0.385185 0.039062 0.201852
0 0.434375 0.397685 0.036458 0.206481
0 0.419531 0.428241 0.048438 0.256481
0 0.514323 0.405093 0.039062 0.195370
0 0.544010 0.418056 0.040104 0.213889
0 0.576302 0.447222 0.046354 0.253704
0 0.556510 0.514352 0.060937 0.271296
0 0.485156 0.487037 0.053646 0.272222
0 0.396094 0.505093 0.063021 0.312037
0 0.646615 0.851852 0.063021 0.294444
0 0.292448 0.799537 0.096354 0.354630
