0 0.475781 0.175000 0.027604 0.135185
0 0.441406 0.163426 0.026562 0.119444
0 0.433594 0.342130 0.053646 0.312037
0 0.384115 0.039815 0.014063 0.074074
0 0.358073 0.071759 0.018229 0.087963
0 0.356771 0.142130 0.019792 0.082407
0 0.332292 0.171296 0.023958 0.103704
0 0.328125 0.234259 0.026042 0.088889
0 0.268490 0.213426 0.032813 0.126852
0 0.340885 0.413426 0.052604 0.199074
0 0.227344 0.384722 0.045312 0.176852
0 0.138021 0.579167 0.056250 0.278704
0 0.100521 0.875463 0.079167 0.243519
0 0.473958 0.200926 0.027083 0.142593
0 0.535937 0.053241 0.014583 0.076852
0 0.492708 0.111574 0.023958 0.134259
0 0.426302 0.204167 0.035937 0.158333
0 0.544531 0.041204 0.015104 0.080556
0 0.588281 0.130093 0.023438 0.137963
0 0.614062 0.371296 0.043750 0.272222
0 0.515885 0.080556 0.017188 0.096296
0 0.479948 0.356019 0.058854 0.304630
0 0.459635 0.035648 0.013021 0.047222
0 0.531510 0.726852 0.088021 0.440741
0 0.600000 0.244907 0.033333 0.225000
0 0.403385 0.058796 0.016146 0.073148
0 0.468229 0.038889 0.017708 0.051852
0 0.392708 0.034259 0.014583 0.068519
0 0.565625 0.240741 0.036458 0.225926
0 0.396094 0.118981 0.022396 0.082407
0 0.502604 0.075926 0.016667 0.068519
0 0.392188 0.125463 0.023958 0.067593
0 0.382812 0.093056 0.018750 0.076852
0 0.522135 0.142593 0.019271 0.090741
0 0.341667 0.069907 0.019792 0.084259
0 0.339062 0.087500 0.018750 0.089815
0 0.391406 0.203241 0.030729 0.110185
0 0.375781 0.204630 0.026562 0.096296
0 0.367188 0.126852 0.039583 0.083333
0 0.366146 0.170833 0.028125 0.087963
0 0.581510 0.142593 0.024479 0.131481
0 0.341406 0.127315 0.019271 0.089815
0 0.301823 0.102778 0.021354 0.116667
0 0.456250 0.221759 0.040625 0.184259
0 0.326302 0.189815 0.022396 0.111111
0 0.302344 0.177778 0.025521 0.133333
0 0.300521 0.232870 0.025000 0.137963
0 0.590625 0.212963 0.036458 0.192593
0 0.392448 0.280093 0.040104 0.143519
0 0.381771 0.300000 0.055208 0.170370
0 0.321615 0.296296 0.046354 0.170370
0 0.530729 0.323611 0.055208 0.239815
0 0.252344 0.229167 0.044271 0.158333
0 0.213542 0.264815 0.035417 0.129630
0 0.235417 0.284259 0.048958 0.185185
0 0.319010 0.444444 0.073438 0.233333
0 0.370833 0.597222 0.089583 0.444444
0 0.280729 0.531944 0.075000 0.260185
0 0.624740 0.774074 0.118229 0.444444
0 0.116406 0.262963 0.043229 0.227778
0 0.210938 0.609722 0.094792 0.469444
0 0.138021 0.492593 0.057292 0.222222
0 0.541406 0.108333 0.026562 0.112963
0 0.104948 0.560648 0.042188 0.215741
0 0.243490 0.686574 0.084896 0.454630
0 0.185417 0.783796 0.125000 0.408333
0 0.416146 0.052315 0.013542 0.045370
0 0.059375 0.593519 0.107292 0.411111
0 0.078646 0.382870 0.043750 0.195370
0 0.099740 0.381481 0.038021 0.162963
0 0.547917 0.213889 0.035417 0.220370
0 0.275781 0.882407 0.117188 0.231481
0 0.607812 0.851389 0.102083 0.293519
0 0.692187 0.861574 0.095833 0.273148
0 0.665104 0.864815 0.047917 0.257407
