0 0.478906 0.243981 0.016146 0.063889
0 0.537240 0.246759 0.019271 0.073148
0 0.397396 0.193056 0.016667 0.095370
0 0.145833 0.168981 0.018750 0.091667
0 0.257031 0.230556 0.029687 0.125926
0 0.489323 0.365278 0.039062 0.143519
0 0.416406 0.397222 0.033854 0.112963
0 0.501823 0.540741 0.051562 0.294444
0 0.397135 0.513426 0.056771 0.200926
0 0.560677 0.536574 0.054688 0.262037
0 0.683594 0.720833 0.066146 0.356481
0 0.495833 0.173148 0.016667 0.053704
0 0.439844 0.312500 0.041146 0.117593
0 0.519531 0.163426 0.015104 0.062037
0 0.456510 0.392130 0.060937 0.171296
0 0.509635 0.174074 0.017188 0.057407
0 0.540625 0.496296 0.031250 0.209259
0 0.415104 0.167593 0.013542 0.066667
0 0.452604 0.529630 0.076042 0.203704
0 0.516927 0.289815 0.027604 0.133333
0 0.406771 0.733333 0.068750 0.411111
0 0.608594 0.676852 0.071354 0.385185
0 0.536458 0.313426 0.022917 0.099074
0 0.131510 0.164352 0.017188 0.099074
0 0.575521 0.807407 0.092708 0.377778
0 0.453906 0.797685 0.109896 0.402778
0 0.363542 0.807407 0.095833 0.377778
0 0.239583 0.791204 0.053125 0.410185
0 0.111979 0.207407 0.014583 0.124074
0 0.112760 0.159722 0.017188 0.093519
