0 0.642448 0.814352 0.207813 0.369444
0 0.233073 0.732870 0.157812 0.430556
0 0.583854 0.704167 0.187500 0.352778
0 0.587240 0.768056 0.115104 0.428704
0 0.615104 0.527315 0.055208 0.341667
0 0.554427 0.536574 0.125521 0.299074
0 0.458333 0.645833 0.097917 0.575000
0 0.363542 0.624537 0.096875 0.513889
0 0.380208 0.536111 0.051042 0.329630
0 0.289844 0.488426 0.083854 0.293519
0 0.415625 0.384722 0.057292 0.276852
0 0.375260 0.363889 0.069271 0.253704
0 0.478646 0.312037 0.048958 0.250000
0 0.438021 0.296759 0.048958 0.267593
0 0.383594 0.266667 0.033854 0.098148
0 0.353385 0.266667 0.029687 0.109259
0 0.496094 0.248611 0.022396 0.143519
0 0.485417 0.179630 0.027083 0.124074
0 0.467187 0.188889 0.036458 0.100000
0 0.467448 0.152315 0.018229 0.126852
0 0.368490 0.177315 0.034896 0.093519
0 0.366146 0.185185 0.040625 0.090741
0 0.361719 0.175926 0.044271 0.109259
0 0.453385 0.121296 0.014063 0.088889
0 0.442969 0.120833 0.011979 0.093519
0 0.444792 0.099537 0.019792 0.086111
0 0.427865 0.106944 0.017188 0.075000
0 0.379688 0.124074 0.021875 0.053704
0 0.387240 0.137500 0.019271 0.097222
0 0.396354 0.137500 0.018750 0.095370
0 0.398438 0.106944 0.018750 0.054630
0 0.410677 0.118519 0.014063 0.092593
0 0.402604 0.079167 0.022917 0.045370
0 0.402865 0.083333 0.006771 0.033333
0 0.440365 0.079167 0.011979 0.060185
0 0.412500 0.069444 0.008333 0.048148
0 0.407031 0.062037 0.005729 0.048148
0 0.423438 0.065741 0.008333 0.050000
0 0.428385 0.073611 0.007812 0.060185
0 0.440365 0.079167 0.010937 0.058333
0 0.428385 0.067593 0.010937 0.046296
0 0.412500 0.065741 0.007292 0.038889
0 0.407552 0.058796 0.007812 0.037963
0 0.423177 0.062963 0.008854 0.042593
0 0.174219 0.745370 0.104688 0.507407
