0 0.054427 0.544444 0.033854 0.159259
0 0.029948 0.520370 0.033854 0.157407
0 0.234635 0.375926 0.026562 0.103704
0 0.360156 0.377315 0.021354 0.121296
0 0.845052 0.679630 0.118229 0.468519
0 0.754427 0.655556 0.111979 0.479630
0 0.876042 0.607870 0.101042 0.495370
0 0.805469 0.589815 0.079687 0.470370
0 0.753646 0.564352 0.061458 0.419444
0 0.747917 0.574074 0.062500 0.412963
0 0.634635 0.597685 0.094271 0.449074
0 0.665365 0.462963 0.073438 0.374074
0 0.772396 0.367593 0.072917 0.331481
0 0.673438 0.155556 0.046875 0.214815
0 0.682031 0.176389 0.043229 0.221296
0 0.787240 0.186574 0.043229 0.206481
0 0.752604 0.208796 0.034375 0.165741
0 0.652865 0.206944 0.055729 0.243519
0 0.682031 0.086574 0.026562 0.123148
0 0.700781 0.084259 0.018229 0.105556
0 0.756771 0.078241 0.030208 0.149074
0 0.740365 0.068056 0.023438 0.132407
0 0.716667 0.072222 0.030208 0.140741
0 0.533854 0.761111 0.146875 0.472222
