0 0.550000 0.377778 0.041667 0.224074
0 0.477865 0.295370 0.036979 0.148148
0 0.213281 0.593056 0.055729 0.332407
0 0.395833 0.182407 0.026042 0.098148
0 0.248698 0.231944 0.019271 0.121296
0 0.427604 0.405093 0.048958 0.223148
0 0.513542 0.692593 0.067708 0.344444
0 0.440365 0.648611 0.078646 0.393519
0 0.479427 0.572222 0.046354 0.312963
0 0.515625 0.382870 0.039583 0.206481
0 0.472396 0.407870 0.043750 0.187963
0 0.159375 0.542593 0.015625 0.094444
0 0.501563 0.313889 0.017708 0.098148
0 0.255469 0.225000 0.028646 0.125926
0 0.392708 0.781019 0.086458 0.434259
0 0.494792 0.261111 0.014583 0.111111
0 0.477604 0.193519 0.013542 0.079630
0 0.524219 0.168056 0.010937 0.071296
0 0.519792 0.291204 0.026042 0.169444
0 0.159896 0.582870 0.012500 0.099074
0 0.419010 0.186574 0.018229 0.100926
0 0.416146 0.247222 0.014583 0.092593
0 0.145313 0.527315 0.013542 0.076852
0 0.417708 0.169907 0.014583 0.043519
0 0.476302 0.271759 0.022396 0.126852
0 0.122656 0.611111 0.011979 0.064815
0 0.679688 0.726389 0.070833 0.365741
0 0.497656 0.214815 0.018229 0.111111
