0 0.353125 0.281481 0.069792 0.153704
0 0.349219 0.180556 0.021354 0.120370
0 0.365885 0.239815 0.053646 0.125926
0 0.382552 0.165741 0.035937 0.087037
0 0.399740 0.083333 0.005729 0.040741
0 0.421875 0.117130 0.011458 0.086111
0 0.443750 0.078704 0.010417 0.064815
0 0.459115 0.118056 0.011979 0.084259
0 0.235156 0.647222 0.113021 0.375926
0 0.282031 0.507407 0.074479 0.248148
0 0.369271 0.204167 0.014583 0.139815
0 0.216667 0.767130 0.173958 0.437963
0 0.388802 0.151389 0.033854 0.069444
0 0.457031 0.692593 0.071354 0.600000
0 0.380990 0.122685 0.009896 0.076852
0 0.394792 0.134722 0.019792 0.071296
0 0.530729 0.475926 0.094792 0.246296
0 0.407552 0.117130 0.015104 0.095370
0 0.437240 0.125000 0.024479 0.107407
0 0.595573 0.615741 0.081771 0.464815
0 0.433073 0.083796 0.008854 0.067593
0 0.305469 0.457407 0.074479 0.227778
0 0.355729 0.256481 0.058333 0.129630
0 0.448177 0.095370 0.008854 0.068519
0 0.448958 0.137037 0.007292 0.051852
0 0.366146 0.236574 0.061458 0.128704
0 0.315885 0.714815 0.071354 0.540741
0 0.376823 0.691667 0.094271 0.583333
0 0.368490 0.163889 0.013021 0.103704
0 0.685417 0.790278 0.142708 0.417593
0 0.520573 0.779630 0.111979 0.438889
0 0.429688 0.821759 0.092708 0.354630
