0 0.136458 0.185185 0.015625 0.081481
0 0.153646 0.223611 0.038542 0.143519
0 0.112500 0.642130 0.022917 0.097222
0 0.403385 0.156019 0.016146 0.075000
0 0.500000 0.150926 0.012500 0.068519
0 0.486198 0.217130 0.018229 0.102778
0 0.503125 0.216667 0.020833 0.111111
0 0.536458 0.244444 0.019792 0.090741
0 0.480990 0.306019 0.036979 0.184259
0 0.500260 0.333796 0.025521 0.086111
0 0.529167 0.310648 0.033333 0.143519
0 0.501563 0.417130 0.038542 0.223148
0 0.532292 0.419444 0.033333 0.220370
0 0.448177 0.551389 0.071354 0.299074
0 0.688281 0.719907 0.072396 0.365741
0 0.616927 0.705093 0.068229 0.356481
0 0.464062 0.804167 0.051042 0.389815
0 0.532292 0.793981 0.102083 0.408333
0 0.625781 0.854630 0.073438 0.288889
0 0.399740 0.792130 0.121354 0.412037
