0 0.517969 0.513889 0.082812 0.398148
0 0.388281 0.458796 0.071354 0.356481
0 0.500781 0.213889 0.023438 0.137037
0 0.493229 0.243519 0.028125 0.179630
0 0.470573 0.175000 0.034896 0.074074
0 0.466927 0.187037 0.017188 0.070370
0 0.460417 0.186111 0.015625 0.144444
0 0.440365 0.167593 0.033854 0.138889
0 0.449219 0.196759 0.036979 0.167593
0 0.416667 0.195370 0.026042 0.153704
0 0.404687 0.216667 0.023958 0.174074
0 0.383594 0.207870 0.025521 0.173148
0 0.362500 0.206019 0.027083 0.178704
0 0.349219 0.157870 0.018229 0.123148
0 0.373698 0.163426 0.017188 0.126852
0 0.387760 0.120370 0.023438 0.057407
0 0.393490 0.109259 0.021354 0.055556
0 0.401823 0.077315 0.015104 0.062037
0 0.419792 0.068056 0.007292 0.043519
0 0.428646 0.072685 0.010417 0.052778
0 0.872656 0.514815 0.063021 0.233333
