0 0.414062 0.064815 0.009375 0.046296
0 0.396615 0.081944 0.009896 0.056481
0 0.404687 0.090741 0.008333 0.050000
0 0.398958 0.103241 0.015625 0.036111
0 0.396354 0.131944 0.027083 0.052778
0 0.396354 0.104167 0.016667 0.039815
0 0.393229 0.112500 0.021875 0.047222
0 0.394531 0.125463 0.028646 0.060185
0 0.389583 0.140741 0.027083 0.072222
0 0.386979 0.147685 0.030208 0.073148
0 0.455990 0.107870 0.021354 0.093519
0 0.375521 0.174537 0.019792 0.147222
0 0.358333 0.190278 0.025000 0.139815
0 0.362760 0.205556 0.027604 0.150000
0 0.444792 0.183796 0.028125 0.154630
0 0.355469 0.228704 0.045312 0.101852
0 0.364063 0.263426 0.055208 0.117593
0 0.361979 0.268056 0.077083 0.152778
0 0.351823 0.291667 0.070312 0.162963
0 0.486458 0.242130 0.048958 0.125000
0 0.459635 0.245833 0.029687 0.149074
0 0.428125 0.243519 0.033333 0.190741
0 0.539844 0.574074 0.104688 0.274074
0 0.591927 0.598611 0.093229 0.249074
0 0.626302 0.563889 0.082812 0.394444
0 0.580729 0.709259 0.188542 0.344444
0 0.623698 0.809722 0.168229 0.386111
0 0.295573 0.367130 0.039062 0.275000
0 0.286719 0.377778 0.063021 0.305556
0 0.274219 0.522222 0.129688 0.320370
0 0.260417 0.640741 0.169792 0.364815
0 0.232031 0.754630 0.198437 0.453704
0 0.433854 0.722685 0.095833 0.489815
0 0.669010 0.777315 0.153646 0.443519
0 0.208333 0.742130 0.102083 0.510185
