0 0.416927 0.081019 0.006771 0.045370
0 0.430729 0.075000 0.009375 0.044444
0 0.440104 0.062500 0.008333 0.037963
0 0.443750 0.089815 0.011458 0.051852
0 0.426302 0.092130 0.013021 0.073148
0 0.465885 0.161111 0.026562 0.079630
0 0.456510 0.127315 0.019271 0.086111
0 0.435677 0.126852 0.019271 0.087037
0 0.419010 0.132407 0.016146 0.064815
0 0.408073 0.123611 0.014063 0.087963
0 0.385156 0.145833 0.034896 0.075000
0 0.398438 0.158796 0.017708 0.119444
0 0.379167 0.151389 0.017708 0.108333
0 0.364844 0.190741 0.047396 0.107407
0 0.350521 0.224537 0.038542 0.113889
0 0.538542 0.681481 0.080208 0.533333
0 0.522656 0.474074 0.070312 0.200000
0 0.469792 0.333796 0.045833 0.239815
0 0.310417 0.467593 0.132292 0.277778
0 0.266667 0.653704 0.139583 0.320370
0 0.247656 0.711574 0.171354 0.362037
0 0.562500 0.755093 0.088542 0.486111
0 0.172656 0.843981 0.197396 0.310185
