0 0.412240 0.075000 0.010937 0.066667
0 0.405729 0.088889 0.011458 0.053704
0 0.427604 0.087963 0.010417 0.061111
0 0.433073 0.093056 0.013021 0.062037
0 0.437240 0.070370 0.009896 0.042593
0 0.444010 0.073611 0.014063 0.049074
0 0.377865 0.147222 0.026562 0.077778
0 0.366667 0.192593 0.048958 0.116667
0 0.361979 0.198148 0.029167 0.116667
0 0.352604 0.253704 0.044792 0.125926
0 0.498177 0.244907 0.024479 0.163889
0 0.421875 0.304167 0.043750 0.249074
0 0.439323 0.440741 0.068229 0.329630
0 0.503646 0.451852 0.050000 0.270370
0 0.514844 0.438889 0.072396 0.205556
0 0.289062 0.437500 0.087500 0.206481
0 0.249219 0.539815 0.069271 0.233333
0 0.314063 0.535648 0.083333 0.213889
0 0.246875 0.651389 0.133333 0.337963
0 0.563281 0.636111 0.163021 0.303704
0 0.864844 0.510185 0.070312 0.224074
0 0.625521 0.837500 0.173958 0.323148
0 0.340625 0.735648 0.094792 0.526852
0 0.175521 0.826852 0.134375 0.344444
0 0.633073 0.851852 0.148438 0.294444
