0 0.627865 0.817130 0.165104 0.358333
0 0.577344 0.700463 0.182812 0.343519
0 0.596615 0.581944 0.088021 0.449074
0 0.539323 0.466667 0.070312 0.218519
0 0.210677 0.732407 0.150521 0.431481
0 0.240625 0.655556 0.138542 0.370370
0 0.241146 0.582870 0.062500 0.258333
0 0.238802 0.500926 0.047396 0.359259
0 0.280729 0.497685 0.092708 0.260185
0 0.309375 0.470833 0.079167 0.276852
0 0.519010 0.458796 0.066146 0.326852
0 0.498958 0.474074 0.071875 0.377778
0 0.433854 0.466667 0.060417 0.340741
0 0.444792 0.515278 0.088542 0.376852
0 0.379688 0.499074 0.069792 0.455556
0 0.531510 0.339815 0.053646 0.275926
0 0.352344 0.279167 0.064062 0.143519
0 0.354948 0.260185 0.049479 0.144444
0 0.364583 0.246759 0.052083 0.130556
0 0.350781 0.185185 0.035937 0.127778
0 0.347135 0.205556 0.028646 0.146296
0 0.369792 0.213426 0.027083 0.152778
0 0.393229 0.206944 0.026042 0.150926
0 0.505469 0.235185 0.035937 0.177778
0 0.494531 0.229630 0.034896 0.168519
0 0.476302 0.197222 0.025521 0.155556
0 0.460677 0.251852 0.044271 0.211111
0 0.432552 0.246759 0.040104 0.187963
0 0.428906 0.219907 0.027604 0.163889
0 0.424219 0.186111 0.025521 0.144444
0 0.454167 0.121759 0.015625 0.089815
0 0.397917 0.129630 0.017708 0.055556
0 0.408333 0.141667 0.014583 0.053704
0 0.393490 0.101852 0.014063 0.057407
0 0.429948 0.072685 0.010937 0.052778
0 0.637500 0.848611 0.146875 0.300926
0 0.188542 0.817130 0.139583 0.356481
