0 0.406250 0.162037 0.010417 0.087037
0 0.401302 0.161111 0.008854 0.085185
0 0.393229 0.156944 0.008333 0.076852
0 0.388281 0.224537 0.015104 0.147222
0 0.407031 0.247222 0.022396 0.146296
0 0.477083 0.256019 0.016667 0.117593
0 0.502083 0.285648 0.027083 0.147222
0 0.482552 0.318519 0.033854 0.164815
0 0.505208 0.325463 0.020833 0.136111
0 0.456250 0.308796 0.027083 0.150926
0 0.444792 0.334722 0.026042 0.176852
0 0.524479 0.323611 0.023958 0.158333
0 0.524740 0.395370 0.036979 0.200000
0 0.539323 0.412037 0.043229 0.216667
0 0.553906 0.439815 0.044271 0.259259
0 0.502865 0.366667 0.026562 0.174074
0 0.486979 0.390278 0.027083 0.204630
0 0.442448 0.367130 0.021354 0.137963
0 0.414062 0.405093 0.042708 0.232407
0 0.425000 0.429630 0.046875 0.235185
0 0.469010 0.449537 0.041146 0.260185
0 0.443490 0.509722 0.048438 0.265741
0 0.500260 0.520370 0.061979 0.300000
0 0.569010 0.493056 0.041146 0.250926
0 0.687240 0.716667 0.073438 0.366667
0 0.383854 0.732407 0.079167 0.405556
0 0.241146 0.151389 0.010417 0.067593
0 0.162500 0.220370 0.020833 0.122222
0 0.143229 0.213426 0.025000 0.126852
0 0.194010 0.228704 0.010937 0.094444
0 0.179948 0.247685 0.021354 0.128704
0 0.143490 0.241204 0.025521 0.119444
0 0.390365 0.795370 0.106771 0.403704
0 0.537760 0.803704 0.115104 0.388889
