0 0.407813 0.211111 0.018750 0.096296
0 0.478646 0.127315 0.011458 0.043519
0 0.497917 0.186574 0.013542 0.082407
0 0.512500 0.183796 0.015625 0.084259
0 0.619271 0.703704 0.066667 0.370370
0 0.489844 0.619907 0.056771 0.328704
0 0.484635 0.186111 0.017188 0.094444
0 0.677344 0.730556 0.060937 0.312963
0 0.540625 0.205556 0.013542 0.077778
0 0.513802 0.623148 0.039062 0.246296
0 0.508594 0.238426 0.024479 0.125000
0 0.475781 0.198148 0.016146 0.096296
0 0.488802 0.131944 0.014063 0.063889
0 0.138281 0.193056 0.022396 0.106481
0 0.666406 0.849537 0.080729 0.299074
0 0.448958 0.792593 0.093750 0.412963
0 0.337240 0.823611 0.081771 0.350926
