0 0.494531 0.152315 0.010937 0.052778
0 0.483594 0.139815 0.008854 0.042593
0 0.478385 0.169907 0.013021 0.063889
0 0.400000 0.151389 0.016667 0.076852
0 0.494531 0.187500 0.016146 0.065741
0 0.423177 0.157870 0.014063 0.080556
0 0.523438 0.292593 0.022917 0.140741
0 0.411458 0.181019 0.013542 0.082407
0 0.429948 0.333333 0.049479 0.187037
0 0.452344 0.516667 0.044271 0.283333
0 0.509896 0.231019 0.017708 0.097222
0 0.384896 0.550463 0.027083 0.300926
0 0.681771 0.718519 0.073958 0.342593
0 0.533854 0.212500 0.019792 0.093519
0 0.414583 0.552778 0.056250 0.338889
0 0.485677 0.267130 0.028646 0.134259
0 0.500521 0.314815 0.038542 0.148148
0 0.542969 0.294907 0.025521 0.139815
0 0.477083 0.236574 0.016667 0.099074
0 0.463021 0.333333 0.027083 0.162963
0 0.482812 0.465278 0.047917 0.278704
0 0.557552 0.514815 0.035937 0.174074
0 0.535937 0.455556 0.033333 0.240741
0 0.529427 0.167593 0.010937 0.068519
0 0.503906 0.561574 0.067187 0.284259
0 0.516667 0.637500 0.056250 0.352778
0 0.124219 0.162037 0.018229 0.103704
0 0.259115 0.226389 0.033854 0.126852
0 0.675781 0.849074 0.072396 0.300000
0 0.496875 0.870370 0.056250 0.251852
