0 0.271875 0.130556 0.027083 0.168519
0 0.253125 0.185648 0.033333 0.171296
0 0.216146 0.170370 0.036458 0.168519
0 0.202604 0.520833 0.060417 0.284259
0 0.126042 0.855093 0.137500 0.256481
0 0.503125 0.178241 0.031250 0.175000
0 0.518750 0.255556 0.035417 0.209259
0 0.530469 0.403241 0.055729 0.317593
0 0.137240 0.268056 0.045312 0.217593
0 0.299740 0.361111 0.060937 0.224074
0 0.180990 0.274537 0.042188 0.232407
0 0.141146 0.425926 0.051042 0.194444
0 0.241146 0.294907 0.055208 0.206481
0 0.029167 0.474074 0.056250 0.253704
0 0.185938 0.179630 0.035417 0.164815
0 0.086198 0.504630 0.051562 0.224074
0 0.065365 0.283333 0.036979 0.237037
0 0.172917 0.584722 0.063542 0.243519
0 0.308073 0.302315 0.053646 0.217593
0 0.276042 0.542593 0.087500 0.301852
0 0.261458 0.605556 0.065625 0.240741
0 0.149479 0.769907 0.100000 0.358333
0 0.312240 0.453704 0.072396 0.248148
0 0.596354 0.154630 0.026042 0.166667
0 0.569531 0.226852 0.034896 0.203704
0 0.580208 0.254167 0.040625 0.226852
0 0.032292 0.591204 0.057292 0.267593
0 0.477083 0.203241 0.037500 0.175000
0 0.488021 0.226389 0.041667 0.191667
0 0.526302 0.200463 0.029687 0.176852
0 0.331771 0.237037 0.036458 0.148148
0 0.564844 0.343519 0.043229 0.294444
0 0.582031 0.355093 0.047396 0.313889
0 0.452604 0.403704 0.061458 0.309259
0 0.417187 0.345833 0.066667 0.302778
0 0.605469 0.378704 0.049479 0.322222
0 0.541406 0.465741 0.045312 0.281481
0 0.648698 0.771759 0.079687 0.439815
0 0.088281 0.583333 0.051562 0.246296
0 0.158594 0.399537 0.040104 0.202778
0 0.617448 0.844444 0.072396 0.307407
0 0.428385 0.778241 0.115104 0.439815
