0 0.495833 0.049537 0.015625 0.060185
0 0.442708 0.036111 0.018750 0.055556
0 0.483594 0.099537 0.021354 0.093519
0 0.434115 0.103241 0.021354 0.102778
0 0.378646 0.075926 0.019792 0.103704
0 0.422656 0.134722 0.022396 0.084259
0 0.385417 0.113426 0.021875 0.086111
0 0.339323 0.082407 0.023438 0.129630
0 0.356510 0.152315 0.031771 0.099074
0 0.451562 0.153704 0.035417 0.103704
0 0.408333 0.163426 0.035417 0.110185
0 0.363802 0.172685 0.029687 0.119444
0 0.400521 0.185185 0.019792 0.109259
0 0.424479 0.230093 0.026042 0.136111
0 0.377604 0.196759 0.028125 0.186111
0 0.327604 0.184259 0.033333 0.144444
0 0.295833 0.172685 0.030208 0.119444
0 0.409375 0.240741 0.047917 0.159259
0 0.285156 0.200000 0.029687 0.133333
0 0.273698 0.241204 0.049479 0.149074
0 0.230469 0.186111 0.026562 0.190741
0 0.327865 0.278241 0.049479 0.180556
0 0.382031 0.298611 0.057813 0.180556
0 0.322135 0.291204 0.044271 0.165741
0 0.243490 0.291204 0.057813 0.189815
0 0.175781 0.283333 0.030729 0.220370
0 0.143229 0.250463 0.051042 0.228704
0 0.354167 0.400463 0.065625 0.237963
0 0.264844 0.399537 0.057813 0.236111
0 0.216927 0.381944 0.051562 0.187963
0 0.196354 0.437037 0.056250 0.203704
0 0.152344 0.381481 0.049479 0.166667
0 0.143750 0.431481 0.054167 0.200000
0 0.099479 0.387963 0.048958 0.194444
0 0.068229 0.279630 0.040625 0.166667
0 0.064844 0.419907 0.051562 0.158333
0 0.284635 0.523611 0.077604 0.289815
0 0.203906 0.517593 0.072396 0.248148
0 0.236979 0.626852 0.053125 0.225926
0 0.174219 0.587037 0.071354 0.246296
0 0.088021 0.577778 0.058333 0.250000
0 0.041146 0.572685 0.051042 0.267593
0 0.152083 0.783333 0.086458 0.375926
0 0.112500 0.862500 0.088542 0.269444
0 0.466667 0.122222 0.025000 0.127778
0 0.569271 0.069907 0.010417 0.084259
0 0.511198 0.055556 0.018229 0.070370
0 0.561719 0.054167 0.011979 0.080556
0 0.540365 0.065741 0.024479 0.111111
0 0.520312 0.052778 0.017708 0.088889
0 0.504427 0.085185 0.018229 0.088889
0 0.526823 0.102315 0.017188 0.093519
0 0.502604 0.159722 0.035417 0.167593
0 0.503646 0.179630 0.044792 0.150000
0 0.550260 0.189352 0.027604 0.178704
0 0.573438 0.208796 0.019792 0.143519
0 0.594271 0.227315 0.028125 0.221296
0 0.561719 0.264815 0.032813 0.170370
0 0.589583 0.237037 0.039583 0.205556
0 0.531250 0.266667 0.030208 0.238889
0 0.503385 0.283333 0.045312 0.220370
0 0.446354 0.267593 0.040625 0.229630
0 0.607031 0.372685 0.040104 0.293519
0 0.638802 0.765741 0.080729 0.459259
0 0.312760 0.659722 0.076563 0.425000
0 0.314063 0.755093 0.089583 0.482407
0 0.030208 0.779167 0.059375 0.275000
0 0.357292 0.812037 0.137500 0.372222
0 0.519271 0.827315 0.144792 0.341667
