0 0.543750 0.131481 0.020833 0.122222
0 0.557292 0.137500 0.019792 0.125000
0 0.576042 0.196759 0.036458 0.173148
0 0.571094 0.151852 0.030729 0.157407
0 0.600521 0.232407 0.029167 0.190741
0 0.529427 0.188889 0.029687 0.114815
0 0.517708 0.154630 0.032292 0.164815
0 0.488802 0.155556 0.028646 0.155556
0 0.359115 0.146759 0.028646 0.089815
0 0.338281 0.127315 0.030729 0.110185
0 0.284115 0.116667 0.028646 0.129630
0 0.301042 0.181944 0.029167 0.117593
0 0.434375 0.190741 0.027083 0.129630
0 0.458594 0.207407 0.029687 0.216667
0 0.373958 0.238426 0.035417 0.163889
0 0.337240 0.235648 0.040104 0.165741
0 0.374740 0.300926 0.042188 0.168519
0 0.343229 0.282870 0.040625 0.187963
0 0.325000 0.299074 0.042708 0.161111
0 0.311979 0.270370 0.050000 0.196296
0 0.285417 0.226852 0.032292 0.155556
0 0.248177 0.249537 0.036979 0.137963
0 0.244531 0.285648 0.049479 0.167593
0 0.601562 0.331481 0.064583 0.250000
0 0.611458 0.343056 0.043750 0.269444
0 0.216406 0.216667 0.043229 0.227778
0 0.128646 0.285648 0.040625 0.241667
0 0.090625 0.269907 0.047917 0.241667
0 0.616927 0.378704 0.038021 0.325926
0 0.507292 0.346759 0.061458 0.291667
0 0.433333 0.637963 0.127083 0.464815
0 0.467708 0.416204 0.070833 0.319444
0 0.407813 0.423611 0.063542 0.306481
0 0.345573 0.551389 0.073438 0.400926
0 0.339844 0.423148 0.056771 0.262963
0 0.269010 0.445833 0.053646 0.278704
0 0.239583 0.451389 0.073958 0.276852
0 0.214062 0.427315 0.040625 0.221296
0 0.109896 0.399074 0.069792 0.257407
0 0.072917 0.431481 0.051042 0.225926
0 0.208073 0.539352 0.073438 0.302778
0 0.100000 0.586574 0.084375 0.293519
0 0.115104 0.774074 0.100000 0.368519
0 0.057031 0.750463 0.068229 0.263889
0 0.501302 0.090741 0.021354 0.103704
0 0.406250 0.063889 0.020833 0.079630
0 0.364323 0.068519 0.018229 0.107407
0 0.033594 0.545370 0.064062 0.233333
0 0.077865 0.843981 0.150521 0.310185
0 0.199219 0.816667 0.111979 0.364815
0 0.625000 0.784259 0.097917 0.429630
0 0.678125 0.804167 0.094792 0.389815
