0 0.451302 0.089815 0.006771 0.038889
0 0.389583 0.141204 0.013542 0.113889
0 0.463542 0.158796 0.020833 0.106481
0 0.433854 0.075926 0.006250 0.040741
0 0.399479 0.141667 0.018750 0.066667
0 0.361458 0.252315 0.053125 0.132407
0 0.440885 0.087037 0.006771 0.042593
0 0.364063 0.236574 0.060417 0.125000
0 0.411458 0.101852 0.017708 0.074074
0 0.363802 0.209259 0.043229 0.096296
0 0.585677 0.725000 0.199479 0.314815
0 0.424219 0.189815 0.029687 0.142593
0 0.442708 0.166204 0.021875 0.125000
0 0.517448 0.423611 0.097396 0.199074
0 0.470052 0.207870 0.030729 0.163889
0 0.573177 0.620370 0.130729 0.250000
0 0.282292 0.498148 0.083333 0.272222
0 0.452604 0.130093 0.018750 0.102778
0 0.558594 0.587963 0.141146 0.274074
0 0.425000 0.085185 0.010417 0.061111
0 0.414062 0.150926 0.012500 0.096296
0 0.401823 0.791667 0.198437 0.414815
