0 0.456510 0.116204 0.018229 0.099074
0 0.432812 0.070833 0.010417 0.047222
0 0.426042 0.116667 0.015625 0.096296
0 0.399219 0.143981 0.021354 0.123148
0 0.469271 0.137963 0.022917 0.096296
0 0.435677 0.142130 0.018229 0.091667
0 0.466667 0.177315 0.030208 0.104630
0 0.367969 0.179167 0.039062 0.084259
0 0.367188 0.191667 0.035417 0.081481
0 0.362500 0.207870 0.052083 0.095370
0 0.364844 0.246296 0.043229 0.140741
0 0.404687 0.238889 0.039583 0.190741
0 0.426302 0.275000 0.044271 0.227778
0 0.459115 0.235185 0.029687 0.166667
0 0.486719 0.272685 0.043229 0.234259
0 0.290104 0.490278 0.093750 0.275000
0 0.259375 0.557870 0.126042 0.334259
0 0.400260 0.688426 0.110937 0.569444
0 0.476302 0.784259 0.076563 0.379630
0 0.576823 0.647222 0.147396 0.300000
0 0.574479 0.709722 0.168750 0.352778
0 0.600521 0.778241 0.180208 0.356481
0 0.954427 0.693056 0.075521 0.349074
0 0.728125 0.883796 0.137500 0.230556
0 0.214062 0.747222 0.128125 0.503704
0 0.111458 0.892593 0.134375 0.212963
