0 0.141406 0.162500 0.015104 0.086111
0 0.249219 0.132407 0.011979 0.031481
0 0.265104 0.134722 0.009375 0.039815
0 0.194010 0.224074 0.027604 0.120370
0 0.232292 0.222222 0.020833 0.122222
0 0.238281 0.194907 0.013021 0.049074
0 0.426302 0.131481 0.009896 0.048148
0 0.404948 0.180556 0.011979 0.057407
0 0.394010 0.192593 0.017188 0.072222
0 0.422135 0.194907 0.016146 0.089815
0 0.413281 0.227778 0.017188 0.081481
0 0.484896 0.176389 0.009375 0.069444
0 0.499219 0.186111 0.014063 0.077778
0 0.515365 0.164815 0.015104 0.077778
0 0.480729 0.276852 0.023958 0.129630
0 0.548177 0.297685 0.025521 0.137963
0 0.533854 0.305093 0.019792 0.121296
0 0.515365 0.286111 0.024479 0.146296
0 0.497396 0.303704 0.021875 0.094444
0 0.434375 0.486111 0.046875 0.266667
0 0.403385 0.533796 0.055729 0.317593
0 0.467969 0.534259 0.058854 0.338889
0 0.475781 0.694907 0.074479 0.336111
0 0.569792 0.728241 0.085417 0.437963
0 0.509635 0.771296 0.078646 0.379630
0 0.364844 0.773148 0.104688 0.374074
0 0.548438 0.855093 0.087500 0.282407
0 0.471875 0.858796 0.086458 0.271296
0 0.311979 0.808333 0.087500 0.372222
