0 0.600521 0.338426 0.044792 0.273148
0 0.551562 0.339352 0.065625 0.299074
0 0.569010 0.240278 0.042188 0.175000
0 0.589844 0.228241 0.040104 0.202778
0 0.596354 0.145370 0.029167 0.148148
0 0.519531 0.079630 0.022396 0.107407
0 0.505469 0.070833 0.014063 0.099074
0 0.565365 0.077778 0.017188 0.105556
0 0.554167 0.076852 0.018750 0.107407
0 0.542708 0.068519 0.011458 0.107407
0 0.538542 0.075926 0.016667 0.114815
0 0.513281 0.156481 0.034896 0.164815
0 0.469531 0.158333 0.032813 0.172222
0 0.456771 0.173148 0.045833 0.170370
0 0.413281 0.238426 0.033854 0.117593
0 0.298177 0.256481 0.033854 0.153704
0 0.274740 0.289352 0.052604 0.173148
0 0.221354 0.256481 0.041667 0.129630
0 0.445312 0.383333 0.068750 0.314815
0 0.389844 0.388889 0.063021 0.335185
0 0.335156 0.406019 0.060937 0.228704
0 0.326302 0.458796 0.069271 0.239815
0 0.261198 0.428241 0.053646 0.173148
0 0.207813 0.378704 0.048958 0.179630
0 0.184115 0.412037 0.053646 0.194444
0 0.060677 0.400463 0.070312 0.178704
0 0.073177 0.255556 0.032813 0.222222
0 0.058073 0.278241 0.050521 0.237963
0 0.248438 0.593056 0.084375 0.258333
0 0.180469 0.571759 0.068229 0.212037
0 0.124740 0.523611 0.070312 0.260185
0 0.101302 0.542593 0.074479 0.233333
0 0.178125 0.766204 0.095833 0.413889
0 0.116146 0.816204 0.138542 0.358333
0 0.634635 0.821296 0.113021 0.355556
0 0.661198 0.843056 0.148438 0.312037
0 0.329948 0.853704 0.107813 0.290741
