0 0.137760 0.157407 0.011979 0.079630
0 0.150000 0.147222 0.008333 0.057407
0 0.115625 0.134722 0.008333 0.047222
0 0.399479 0.756019 0.090625 0.430556
0 0.490625 0.734259 0.089583 0.405556
0 0.502604 0.553704 0.040625 0.198148
0 0.507552 0.624074 0.057813 0.333333
0 0.632552 0.717130 0.064062 0.367593
0 0.690885 0.739815 0.075521 0.398148
0 0.424740 0.374537 0.051562 0.208333
0 0.465104 0.398148 0.047917 0.231481
0 0.500781 0.457407 0.046354 0.231481
0 0.533594 0.461574 0.029687 0.184259
0 0.489844 0.378241 0.032813 0.193519
0 0.514583 0.340741 0.028125 0.142593
0 0.535417 0.365741 0.023958 0.142593
0 0.553646 0.441204 0.034375 0.195370
0 0.421875 0.064352 0.006250 0.039815
0 0.426042 0.104630 0.010417 0.062963
0 0.414062 0.137037 0.010417 0.057407
0 0.407813 0.165741 0.014583 0.079630
0 0.404167 0.150463 0.011458 0.069444
0 0.394010 0.164815 0.013021 0.077778
0 0.419010 0.160648 0.014063 0.078704
0 0.427083 0.207870 0.015625 0.126852
0 0.409635 0.199537 0.015104 0.089815
0 0.394271 0.199537 0.017708 0.095370
0 0.392448 0.235648 0.017188 0.112037
0 0.411979 0.241204 0.021875 0.113889
0 0.549740 0.201389 0.014063 0.078704
0 0.508854 0.071759 0.008333 0.034259
0 0.515885 0.074074 0.006771 0.033333
0 0.478385 0.293981 0.025521 0.147222
0 0.501042 0.281019 0.022917 0.128704
0 0.526042 0.265278 0.028125 0.139815
0 0.485938 0.245833 0.019792 0.102778
0 0.507552 0.161111 0.010937 0.081481
0 0.488802 0.183333 0.014063 0.083333
0 0.499479 0.193056 0.015625 0.093519
0 0.475260 0.169444 0.009896 0.072222
0 0.476823 0.137963 0.011979 0.051852
0 0.484115 0.138426 0.011979 0.062037
0 0.507292 0.119907 0.007292 0.043519
0 0.503385 0.109722 0.008854 0.047222
0 0.584115 0.836111 0.073438 0.316667
0 0.371875 0.870370 0.091667 0.255556
0 0.368229 0.799074 0.090625 0.387037
