0 0.460938 0.576852 0.081250 0.327778
0 0.498958 0.393519 0.025000 0.164815
0 0.403125 0.594907 0.058333 0.345370
0 0.497396 0.173611 0.016667 0.087963
0 0.483854 0.154630 0.009375 0.068519
0 0.410156 0.185185 0.018229 0.092593
0 0.411458 0.217130 0.027083 0.100926
0 0.475000 0.335648 0.036458 0.169444
0 0.503906 0.162037 0.009896 0.064815
0 0.442969 0.329630 0.035937 0.170370
0 0.475000 0.141667 0.009375 0.062963
0 0.393229 0.185185 0.018750 0.087037
0 0.515625 0.272222 0.027083 0.116667
0 0.517708 0.168056 0.012500 0.073148
0 0.513281 0.402778 0.048438 0.242593
0 0.480990 0.204167 0.017188 0.097222
0 0.392448 0.230093 0.017188 0.080556
0 0.540365 0.386111 0.032813 0.201852
0 0.428125 0.138426 0.011458 0.063889
0 0.487760 0.167593 0.009896 0.074074
0 0.146094 0.162500 0.018229 0.087963
0 0.408073 0.154630 0.014063 0.072222
0 0.471615 0.850463 0.149479 0.297222
