0 0.460677 0.339815 0.040104 0.196296
0 0.152865 0.147222 0.014063 0.083333
0 0.213021 0.223148 0.029167 0.138889
0 0.157031 0.217130 0.025521 0.123148
0 0.315625 0.777778 0.061458 0.442593
0 0.459375 0.289815 0.030208 0.129630
0 0.507812 0.296296 0.025000 0.155556
0 0.684115 0.719907 0.067187 0.354630
0 0.240365 0.225463 0.034896 0.136111
0 0.479687 0.157870 0.015625 0.073148
0 0.403125 0.585185 0.056250 0.320370
0 0.495833 0.146296 0.013542 0.062963
0 0.444271 0.484259 0.045833 0.272222
0 0.482031 0.298148 0.025521 0.151852
0 0.527604 0.283796 0.028125 0.137963
0 0.415625 0.199537 0.021875 0.093519
0 0.407031 0.156944 0.009896 0.067593
0 0.394531 0.153704 0.011979 0.077778
0 0.194792 0.222685 0.025000 0.125000
0 0.265365 0.812500 0.075521 0.362037
