0 0.952344 0.549074 0.068229 0.324074
0 0.276562 0.579167 0.087500 0.341667
0 0.308073 0.503241 0.149479 0.291667
0 0.318490 0.471759 0.134896 0.271296
0 0.357292 0.193056 0.035417 0.112037
0 0.354427 0.219444 0.035937 0.109259
0 0.388281 0.118981 0.015104 0.045370
0 0.370052 0.176852 0.026562 0.100000
0 0.385937 0.185648 0.012500 0.086111
0 0.396094 0.166667 0.029687 0.122222
0 0.414323 0.060648 0.007812 0.037963
0 0.433073 0.069444 0.010937 0.051852
0 0.445833 0.146296 0.020833 0.111111
0 0.465625 0.245370 0.038542 0.177778
0 0.429167 0.388426 0.070833 0.260185
0 0.563542 0.617593 0.131250 0.314815
0 0.601302 0.756481 0.189062 0.301852
0 0.579427 0.817593 0.115104 0.362963
