0 0.154688 0.155093 0.014583 0.091667
0 0.120833 0.197222 0.025000 0.118519
0 0.278906 0.243519 0.027604 0.144444
0 0.138021 0.142130 0.019792 0.099074
0 0.476302 0.168519 0.010937 0.064815
0 0.505469 0.167593 0.018229 0.083333
0 0.483854 0.222222 0.022917 0.103704
0 0.505729 0.227778 0.015625 0.088889
0 0.526302 0.244907 0.030729 0.123148
0 0.433073 0.343056 0.033854 0.206481
0 0.451823 0.411111 0.035937 0.198148
0 0.509896 0.395370 0.040625 0.179630
0 0.539844 0.557870 0.056771 0.358333
0 0.388281 0.537963 0.038021 0.327778
0 0.494271 0.230556 0.026042 0.105556
0 0.520833 0.218056 0.023958 0.115741
0 0.394271 0.181944 0.023958 0.097222
0 0.481250 0.367130 0.042708 0.182407
0 0.416667 0.195833 0.023958 0.099074
0 0.422917 0.392130 0.047917 0.236111
0 0.546354 0.388426 0.043750 0.199074
0 0.392708 0.230093 0.018750 0.099074
0 0.495573 0.578241 0.059896 0.323148
