0 0.422135 0.062500 0.006771 0.041667
0 0.430469 0.063426 0.008854 0.043519
0 0.437240 0.082407 0.007812 0.050000
0 0.444531 0.083796 0.008854 0.050926
0 0.388542 0.126852 0.018750 0.090741
0 0.379948 0.151852 0.018229 0.111111
0 0.466667 0.155093 0.029167 0.073148
0 0.466667 0.224074 0.030208 0.146296
0 0.432031 0.200463 0.030729 0.139815
0 0.398698 0.204167 0.033854 0.150926
0 0.365365 0.191667 0.047396 0.111111
0 0.353125 0.218519 0.033333 0.098148
0 0.540365 0.561574 0.075521 0.221296
0 0.495052 0.386574 0.058854 0.282407
0 0.433594 0.386111 0.048438 0.318519
0 0.348438 0.408796 0.051042 0.362037
0 0.262760 0.649537 0.140104 0.315741
0 0.246615 0.707870 0.176563 0.363889
0 0.176823 0.846296 0.199479 0.303704
