0 0.516667 0.313889 0.070833 0.166667
0 0.126823 0.237500 0.028646 0.115741
0 0.527083 0.442593 0.035417 0.177778
0 0.487240 0.446296 0.041146 0.179630
0 0.555990 0.505093 0.056771 0.267593
0 0.511719 0.633333 0.070312 0.329630
0 0.398438 0.467130 0.037500 0.237963
0 0.388542 0.535648 0.047917 0.297222
0 0.403646 0.414815 0.034375 0.175926
0 0.494271 0.568056 0.076042 0.343519
0 0.431771 0.481019 0.044792 0.237963
0 0.410677 0.614815 0.034896 0.177778
0 0.448437 0.419907 0.050000 0.213889
0 0.485417 0.158796 0.011458 0.069444
0 0.542448 0.332407 0.017188 0.116667
0 0.503646 0.324537 0.047917 0.150926
0 0.402865 0.240278 0.020313 0.141667
0 0.364063 0.867593 0.094792 0.262963
0 0.483333 0.852778 0.101042 0.292593
0 0.564063 0.923611 0.093750 0.150926
