0 0.061198 0.143519 0.031771 0.153704
0 0.033073 0.529630 0.048438 0.140741
0 0.370052 0.375000 0.019271 0.101852
0 0.381250 0.377315 0.017708 0.106481
0 0.765104 0.150463 0.043750 0.202778
0 0.737760 0.140741 0.029687 0.188889
0 0.702604 0.155556 0.052083 0.207407
0 0.666406 0.164815 0.030729 0.166667
0 0.744792 0.329630 0.063542 0.335185
0 0.690885 0.304167 0.047396 0.243519
0 0.806250 0.351389 0.057292 0.293519
0 0.672656 0.378241 0.060937 0.328704
0 0.675000 0.468981 0.071875 0.380556
0 0.630469 0.597222 0.095312 0.488889
0 0.918750 0.490741 0.096875 0.379630
0 0.717969 0.058333 0.026562 0.116667
0 0.752083 0.057870 0.030208 0.115741
0 0.732812 0.843981 0.117708 0.312037
