0 0.603646 0.774074 0.192708 0.366667
0 0.476042 0.686574 0.090625 0.426852
0 0.371875 0.615741 0.102083 0.538889
0 0.276562 0.550000 0.121875 0.312963
0 0.294271 0.483796 0.103125 0.276852
0 0.310417 0.455556 0.091667 0.277778
0 0.355990 0.212037 0.046354 0.114815
0 0.366146 0.194444 0.047917 0.109259
0 0.383854 0.144907 0.034375 0.069444
0 0.400521 0.123148 0.011458 0.075926
0 0.391146 0.134259 0.012500 0.079630
0 0.417448 0.121759 0.022396 0.086111
0 0.428906 0.074074 0.011979 0.053704
0 0.433333 0.070370 0.007292 0.046296
0 0.638021 0.797685 0.130208 0.402778
0 0.414844 0.754630 0.111979 0.488889
0 0.179427 0.847685 0.192188 0.302778
