0 0.710417 0.064352 0.025000 0.128704
0 0.728125 0.093981 0.034375 0.162037
0 0.725521 0.134259 0.039583 0.166667
0 0.677604 0.083333 0.027083 0.155556
0 0.792188 0.192593 0.027083 0.155556
0 0.727344 0.254630 0.047396 0.227778
0 0.703906 0.270370 0.036979 0.177778
0 0.657813 0.230556 0.041667 0.212963
0 0.636458 0.272222 0.048958 0.264815
0 0.733333 0.350463 0.061458 0.341667
0 0.651563 0.389815 0.062500 0.338889
0 0.458333 0.386574 0.056250 0.276852
0 0.076302 0.144444 0.024479 0.138889
0 0.042969 0.161574 0.046354 0.178704
0 0.019792 0.156481 0.026042 0.144444
0 0.756510 0.043519 0.028646 0.085185
0 0.072135 0.128704 0.029687 0.168519
0 0.481510 0.071759 0.025521 0.134259
0 0.678125 0.789352 0.140625 0.417593
