0 0.222917 0.678241 0.100000 0.284259
0 0.202865 0.778704 0.124479 0.368519
0 0.635156 0.691667 0.091146 0.214815
0 0.555208 0.755556 0.116667 0.398148
0 0.500260 0.415741 0.035937 0.083333
0 0.513021 0.636574 0.071875 0.362037
0 0.410938 0.478704 0.083333 0.194444
0 0.464844 0.563426 0.055729 0.382407
0 0.297135 0.638889 0.096354 0.392593
0 0.300781 0.422222 0.060937 0.125926
0 0.242188 0.464815 0.052083 0.157407
0 0.300260 0.342593 0.049479 0.203704
0 0.346094 0.384722 0.038021 0.249074
0 0.387500 0.373148 0.077083 0.233333
0 0.430469 0.350463 0.040104 0.215741
0 0.456510 0.293519 0.041146 0.246296
0 0.497917 0.277778 0.041667 0.192593
0 0.337500 0.253704 0.027083 0.148148
0 0.384375 0.202315 0.029167 0.099074
0 0.403385 0.161574 0.014063 0.123148
0 0.415365 0.162037 0.018229 0.116667
0 0.427604 0.133796 0.014583 0.089815
0 0.450260 0.133796 0.022396 0.095370
0 0.535417 0.425463 0.033333 0.075000
0 0.680208 0.456944 0.050000 0.276852
0 0.420833 0.064815 0.009375 0.044444
0 0.430208 0.066204 0.007292 0.039815
0 0.428646 0.088426 0.009375 0.030556
0 0.413802 0.073611 0.006771 0.045370
0 0.119531 0.778704 0.109896 0.440741
0 0.420312 0.766667 0.085417 0.462963
0 0.287240 0.883796 0.105729 0.230556
0 0.359896 0.223611 0.026042 0.091667
0 0.338021 0.780556 0.137500 0.437037
0 0.436719 0.075463 0.007812 0.047222
0 0.356510 0.192130 0.030729 0.134259
0 0.444531 0.118981 0.010937 0.086111
0 0.632552 0.860185 0.076563 0.277778
0 0.389062 0.181481 0.019792 0.125926
0 0.974740 0.600000 0.049479 0.155556
0 0.811458 0.492130 0.060417 0.354630
0 0.842187 0.546759 0.051042 0.269444
0 0.445052 0.074074 0.010937 0.055556
