0 0.466667 0.512037 0.113542 0.422222
0 0.532031 0.418056 0.099479 0.156481
0 0.471875 0.217130 0.033333 0.167593
0 0.437240 0.170833 0.024479 0.134259
0 0.411979 0.176852 0.018750 0.116667
0 0.426042 0.139352 0.018750 0.099074
0 0.433333 0.093056 0.013542 0.067593
0 0.419271 0.090278 0.009375 0.056481
0 0.373437 0.105093 0.007292 0.043519
0 0.379688 0.134259 0.018750 0.107407
0 0.371094 0.215278 0.040104 0.115741
0 0.360677 0.251389 0.058854 0.128704
0 0.282552 0.482407 0.072396 0.283333
0 0.241927 0.644444 0.108854 0.331481
0 0.607812 0.750463 0.151042 0.497222
