0 0.563542 0.571759 0.089583 0.145370
0 0.459635 0.168056 0.017188 0.073148
0 0.425521 0.146759 0.022917 0.108333
0 0.402344 0.125926 0.016146 0.094444
0 0.371354 0.202778 0.044792 0.092593
0 0.487500 0.236574 0.032292 0.173148
0 0.461458 0.252315 0.027083 0.145370
0 0.306250 0.469907 0.108333 0.284259
0 0.285417 0.518981 0.106250 0.269444
0 0.610417 0.766204 0.171875 0.360185
0 0.559635 0.638889 0.165104 0.325926
0 0.418490 0.071296 0.013021 0.064815
0 0.433854 0.071296 0.011458 0.062963
0 0.620052 0.865741 0.122396 0.266667
0 0.630990 0.841667 0.120313 0.312963
0 0.385156 0.133333 0.013021 0.072222
0 0.360417 0.259722 0.043750 0.128704
0 0.278385 0.808333 0.107813 0.379630
0 0.255469 0.595370 0.117188 0.325926
