0 0.317188 0.128704 0.035417 0.051852
0 0.514062 0.039815 0.013542 0.066667
0 0.536458 0.039815 0.016667 0.062963
0 0.390365 0.273148 0.046354 0.131481
0 0.169792 0.173148 0.029167 0.146296
0 0.363542 0.440278 0.076042 0.321296
0 0.140885 0.432870 0.063021 0.141667
0 0.050000 0.530093 0.058333 0.123148
0 0.412760 0.237037 0.049479 0.137037
0 0.309375 0.242130 0.042708 0.119444
0 0.202344 0.243981 0.054688 0.113889
0 0.317708 0.410185 0.056250 0.198148
0 0.205729 0.415278 0.060417 0.162037
0 0.160677 0.788889 0.099479 0.348148
0 0.114062 0.328241 0.056250 0.132407
0 0.109115 0.525000 0.074479 0.161111
0 0.038021 0.433333 0.058333 0.103704
0 0.265625 0.258333 0.034375 0.144444
0 0.568750 0.181944 0.022917 0.173148
0 0.397656 0.134722 0.027604 0.054630
0 0.225521 0.215278 0.040625 0.078704
0 0.597135 0.178704 0.021354 0.157407
0 0.547917 0.056944 0.016667 0.093519
0 0.228125 0.373611 0.033333 0.123148
0 0.367188 0.209259 0.028125 0.062963
0 0.490625 0.143519 0.019792 0.146296
0 0.358073 0.128704 0.022396 0.051852
0 0.144271 0.859722 0.079167 0.250926
0 0.577344 0.198148 0.028646 0.161111
0 0.328385 0.213426 0.031771 0.099074
0 0.090104 0.383796 0.058333 0.115741
0 0.522396 0.128241 0.028125 0.143519
0 0.258854 0.174074 0.018750 0.050000
0 0.347135 0.068056 0.015104 0.065741
0 0.031250 0.276389 0.042708 0.189815
0 0.449479 0.166204 0.031250 0.128704
0 0.672135 0.837037 0.115104 0.324074
