0 0.412760 0.073611 0.011979 0.052778
0 0.449479 0.101389 0.017708 0.084259
0 0.459375 0.161111 0.032292 0.081481
0 0.473438 0.158796 0.021875 0.123148
0 0.397917 0.155093 0.029167 0.121296
0 0.380208 0.151852 0.015625 0.107407
0 0.359115 0.189352 0.021354 0.145370
0 0.347396 0.218519 0.037500 0.103704
0 0.418750 0.188889 0.033333 0.159259
0 0.484635 0.234259 0.033854 0.168519
0 0.514062 0.447685 0.128125 0.234259
0 0.474219 0.429630 0.054688 0.324074
0 0.292448 0.481944 0.093229 0.280556
0 0.249740 0.645370 0.118229 0.318519
0 0.170313 0.840278 0.172917 0.317593
