0 0.407292 0.186111 0.014583 0.098148
0 0.388542 0.197222 0.017708 0.114815
0 0.403646 0.224537 0.019792 0.115741
0 0.084375 0.754630 0.087500 0.461111
0 0.414323 0.711111 0.071354 0.401852
0 0.466406 0.739815 0.078646 0.318519
0 0.679948 0.729630 0.068229 0.368519
0 0.515104 0.498148 0.078125 0.305556
0 0.420833 0.463426 0.061458 0.276852
0 0.405469 0.409722 0.034896 0.199074
0 0.450000 0.397685 0.038542 0.206481
0 0.488281 0.381019 0.043229 0.186111
0 0.533073 0.437037 0.046354 0.205556
0 0.522917 0.364815 0.036458 0.201852
0 0.478385 0.306944 0.029687 0.162037
0 0.518750 0.337037 0.033333 0.192593
0 0.539062 0.309259 0.023958 0.142593
0 0.504427 0.293981 0.025521 0.132407
0 0.552604 0.341204 0.034375 0.175000
0 0.490104 0.245370 0.016667 0.096296
0 0.477344 0.237963 0.017188 0.096296
0 0.524219 0.246759 0.019271 0.097222
0 0.520312 0.226852 0.014583 0.081481
0 0.505208 0.222222 0.014583 0.083333
0 0.491667 0.190278 0.016667 0.075000
0 0.495052 0.814352 0.108854 0.345370
0 0.471875 0.881944 0.088542 0.234259
0 0.610677 0.877315 0.105729 0.243519
0 0.276562 0.822222 0.086458 0.353704
