0 0.282292 0.091667 0.028125 0.125926
0 0.306771 0.086111 0.017708 0.109259
0 0.028125 0.299537 0.046875 0.213889
0 0.519010 0.093519 0.015104 0.107407
0 0.339844 0.423148 0.077604 0.237037
0 0.203646 0.399074 0.053125 0.225926
0 0.072917 0.293981 0.044792 0.202778
0 0.070833 0.386111 0.042708 0.144444
0 0.486719 0.109259 0.021354 0.098148
0 0.616146 0.354630 0.041667 0.281481
0 0.163542 0.411111 0.041667 0.155556
0 0.506771 0.239352 0.029167 0.180556
0 0.408854 0.251852 0.030208 0.161111
0 0.316406 0.225000 0.031771 0.120370
0 0.221615 0.246296 0.027604 0.105556
0 0.180729 0.250000 0.041667 0.161111
0 0.232031 0.145370 0.027604 0.151852
0 0.548438 0.100000 0.016667 0.114815
0 0.435156 0.100000 0.026562 0.051852
0 0.595833 0.186574 0.034375 0.167593
0 0.337760 0.106481 0.021354 0.074074
0 0.581250 0.152778 0.027083 0.150000
0 0.652604 0.794444 0.093750 0.387037
0 0.536719 0.258333 0.043229 0.181481
0 0.177865 0.729167 0.102604 0.278704
0 0.479948 0.243981 0.025521 0.212037
0 0.165625 0.303704 0.030208 0.116667
0 0.394010 0.275000 0.030729 0.161111
0 0.601823 0.753704 0.109896 0.450000
0 0.094271 0.558796 0.057292 0.193519
0 0.255990 0.265278 0.039062 0.112037
0 0.404427 0.696296 0.076563 0.527778
0 0.107292 0.369444 0.040625 0.166667
0 0.554167 0.229167 0.035417 0.167593
0 0.180990 0.171296 0.031771 0.151852
0 0.147135 0.560648 0.064062 0.208333
0 0.326823 0.462037 0.066146 0.235185
0 0.399219 0.128704 0.021354 0.083333
0 0.351823 0.290741 0.045312 0.150000
0 0.359115 0.185185 0.036979 0.138889
0 0.443750 0.250463 0.042708 0.223148
0 0.252344 0.426852 0.073438 0.294444
0 0.028646 0.539815 0.057292 0.231481
0 0.297917 0.257407 0.030208 0.162963
0 0.088021 0.847222 0.135417 0.303704
0 0.512500 0.823611 0.128125 0.350926
0 0.605729 0.399537 0.060417 0.293519
0 0.697135 0.825463 0.123438 0.347222
0 0.564844 0.045833 0.021354 0.091667
