0 0.484635 0.181944 0.011979 0.071296
0 0.498958 0.136111 0.011458 0.059259
0 0.494792 0.129167 0.010417 0.058333
0 0.486458 0.135185 0.012500 0.066667
0 0.475000 0.209722 0.017708 0.112037
0 0.490104 0.207870 0.018750 0.080556
0 0.499479 0.182870 0.016667 0.087963
0 0.515365 0.166204 0.018229 0.073148
0 0.495052 0.259259 0.028646 0.142593
0 0.496094 0.238426 0.023438 0.076852
0 0.476823 0.266204 0.022396 0.123148
0 0.517448 0.261574 0.019271 0.125000
0 0.534375 0.276389 0.031250 0.139815
0 0.503906 0.409259 0.035937 0.235185
0 0.536458 0.411111 0.051042 0.224074
0 0.488802 0.452778 0.053646 0.283333
0 0.414844 0.442593 0.055729 0.264815
0 0.429688 0.477315 0.051042 0.267593
0 0.413542 0.500926 0.072917 0.253704
0 0.472656 0.519907 0.073438 0.334259
0 0.412760 0.570833 0.057813 0.362037
0 0.673438 0.720370 0.075000 0.355556
0 0.402083 0.152778 0.012500 0.068519
0 0.402344 0.183333 0.013021 0.070370
0 0.407292 0.192130 0.014583 0.069444
0 0.423177 0.172685 0.017188 0.084259
0 0.418229 0.236574 0.017708 0.095370
0 0.403125 0.233796 0.022917 0.106481
0 0.130729 0.158796 0.019792 0.106481
0 0.121354 0.187500 0.021875 0.110185
0 0.146615 0.147685 0.018229 0.089815
0 0.146094 0.175463 0.017188 0.060185
0 0.241667 0.222685 0.026042 0.128704
0 0.256771 0.220833 0.026042 0.143519
0 0.557813 0.837963 0.087500 0.322222
0 0.495312 0.788426 0.103125 0.421296
0 0.361979 0.847685 0.100000 0.287963
0 0.289583 0.831481 0.091667 0.335185
