0 0.438281 0.630093 0.076563 0.339815
0 0.130729 0.526389 0.020833 0.076852
0 0.138542 0.629167 0.042708 0.163889
0 0.402344 0.151389 0.014063 0.082407
0 0.413281 0.196296 0.016146 0.098148
0 0.534896 0.246296 0.027083 0.144444
0 0.494010 0.230556 0.015104 0.120370
0 0.502865 0.296759 0.033854 0.150926
0 0.527604 0.381944 0.038542 0.212037
0 0.445833 0.372685 0.048958 0.225000
0 0.147135 0.168056 0.019271 0.080556
0 0.523177 0.160185 0.015104 0.055556
0 0.128646 0.166204 0.017708 0.095370
0 0.426302 0.158333 0.015104 0.070370
0 0.484896 0.209259 0.022917 0.096296
0 0.115104 0.180093 0.014583 0.062037
0 0.388802 0.158333 0.009896 0.070370
0 0.479167 0.267593 0.025000 0.129630
0 0.397135 0.195833 0.018229 0.102778
0 0.536719 0.325926 0.033854 0.164815
