0 0.362500 0.292593 0.072917 0.164815
0 0.356510 0.238426 0.048438 0.080556
0 0.359115 0.216204 0.046354 0.075000
0 0.361979 0.182407 0.030208 0.090741
0 0.367448 0.171296 0.029687 0.087037
0 0.385156 0.147222 0.033854 0.075926
0 0.410938 0.087037 0.011458 0.048148
0 0.442969 0.118519 0.019271 0.096296
0 0.423177 0.081019 0.013021 0.060185
0 0.486458 0.220370 0.040625 0.146296
0 0.420052 0.357870 0.063021 0.312037
0 0.492969 0.369444 0.068229 0.300000
0 0.304688 0.407870 0.096875 0.208333
0 0.302083 0.478704 0.102083 0.270370
0 0.276823 0.500000 0.074479 0.218519
0 0.271354 0.518519 0.100000 0.255556
0 0.259115 0.583796 0.110937 0.275000
0 0.213542 0.635648 0.088542 0.565741
0 0.413542 0.605556 0.172917 0.455556
0 0.504687 0.500926 0.051042 0.303704
0 0.569271 0.504167 0.088542 0.349074
0 0.579167 0.637963 0.126042 0.316667
0 0.588281 0.695833 0.105729 0.287963
0 0.606250 0.753704 0.170833 0.331481
0 0.621615 0.837500 0.161979 0.323148
0 0.369792 0.645833 0.087500 0.343519
0 0.732812 0.519907 0.061458 0.341667
0 0.790104 0.549537 0.043750 0.278704
0 0.276823 0.819444 0.194271 0.359259
