0 0.425521 0.071296 0.007292 0.022222
0 0.408333 0.090278 0.014583 0.062037
0 0.432812 0.061111 0.007292 0.040741
0 0.410417 0.072222 0.014583 0.057407
0 0.450781 0.073611 0.008854 0.049074
0 0.437500 0.077778 0.012500 0.057407
0 0.456771 0.109722 0.016667 0.071296
0 0.449740 0.105093 0.015104 0.067593
0 0.429427 0.105556 0.016146 0.072222
0 0.438281 0.144444 0.015104 0.103704
0 0.452083 0.159722 0.022917 0.117593
0 0.475000 0.166204 0.028125 0.160185
0 0.473698 0.201852 0.047396 0.098148
0 0.406250 0.174537 0.023958 0.115741
0 0.387240 0.176852 0.020313 0.162963
0 0.434115 0.186111 0.031771 0.155556
0 0.421875 0.196759 0.025000 0.165741
0 0.397917 0.188889 0.027083 0.181481
0 0.357552 0.192593 0.025521 0.144444
0 0.369531 0.207870 0.026562 0.160185
0 0.355990 0.247685 0.050521 0.115741
0 0.340885 0.206019 0.020313 0.160185
0 0.578906 0.761574 0.220312 0.356481
0 0.542708 0.637963 0.145833 0.296296
0 0.539323 0.702778 0.039062 0.220370
0 0.404167 0.716204 0.056250 0.312037
0 0.574219 0.525463 0.081771 0.219444
0 0.514323 0.470370 0.082812 0.231481
0 0.314844 0.415741 0.092188 0.229630
0 0.290885 0.468519 0.084896 0.264815
0 0.237760 0.676852 0.147396 0.338889
0 0.635677 0.870370 0.247396 0.259259
0 0.423698 0.866204 0.065104 0.260185
0 0.297656 0.829630 0.193229 0.338889
