0 0.419792 0.064352 0.007292 0.039815
0 0.425781 0.059259 0.005729 0.035185
0 0.429167 0.062037 0.006250 0.038889
0 0.432292 0.069907 0.007292 0.047222
0 0.444271 0.069444 0.007292 0.038889
0 0.420052 0.062963 0.006771 0.038889
0 0.404948 0.072222 0.007812 0.046296
0 0.410156 0.071296 0.011979 0.055556
0 0.423958 0.083333 0.008333 0.038889
0 0.436198 0.079630 0.016146 0.057407
0 0.382031 0.139352 0.021354 0.076852
0 0.358333 0.518981 0.082292 0.393519
0 0.446875 0.520370 0.086458 0.418519
0 0.834375 0.607407 0.114583 0.322222
