0 0.383594 0.047083 0.013021 0.062500
0 0.439583 0.052917 0.014583 0.074167
0 0.446615 0.053333 0.011979 0.070000
0 0.451302 0.054167 0.014063 0.071667
0 0.407552 0.079583 0.019271 0.082500
0 0.365625 0.098333 0.016667 0.081667
0 0.367969 0.124167 0.021354 0.090000
0 0.418490 0.098333 0.019271 0.086667
0 0.499479 0.065417 0.015625 0.077500
0 0.616146 0.098333 0.019792 0.071667
0 0.705469 0.233750 0.029687 0.129167
0 0.131771 0.630417 0.048958 0.235833
0 0.173177 0.615833 0.066146 0.213333
0 0.224740 0.634583 0.066146 0.247500
0 0.371875 0.525417 0.046875 0.190833
0 0.544010 0.802083 0.072396 0.264167
