0 0.018490 0.179630 0.029687 0.170370
0 0.114583 0.570833 0.021875 0.130556
0 0.084896 0.568981 0.029167 0.137963
0 0.233333 0.359722 0.014583 0.076852
0 0.344792 0.443981 0.016667 0.100926
0 0.375000 0.433333 0.011458 0.090741
0 0.415625 0.456481 0.068750 0.350000
0 0.706250 0.093056 0.027083 0.150926
0 0.656510 0.112037 0.036979 0.164815
0 0.685417 0.137037 0.038542 0.188889
0 0.671094 0.197222 0.027604 0.200000
0 0.763802 0.133333 0.032813 0.196296
0 0.750521 0.168981 0.035417 0.189815
0 0.783854 0.186574 0.052083 0.232407
0 0.720052 0.214352 0.050521 0.219444
0 0.653906 0.241204 0.047396 0.237963
0 0.749740 0.341204 0.047396 0.273148
0 0.726302 0.365741 0.078646 0.329630
0 0.670052 0.419907 0.078646 0.349074
0 0.785417 0.544907 0.081250 0.389815
0 0.735156 0.596296 0.093229 0.420370
0 0.911198 0.479630 0.080729 0.359259
0 0.847135 0.631481 0.061979 0.275926
0 0.471615 0.785648 0.109896 0.426852
0 0.559635 0.801852 0.076563 0.394444
0 0.671354 0.756019 0.096875 0.486111
0 0.702344 0.778241 0.114062 0.439815
0 0.731771 0.044444 0.019792 0.083333
0 0.754167 0.040741 0.017708 0.075926
