0 0.484635 0.227315 0.023438 0.089815
0 0.402344 0.158333 0.010937 0.070370
0 0.409635 0.229167 0.015104 0.112037
0 0.538021 0.213889 0.015625 0.098148
0 0.145833 0.193519 0.016667 0.127778
0 0.540625 0.615741 0.057292 0.338889
0 0.414323 0.146759 0.009896 0.069444
0 0.505729 0.215741 0.017708 0.096296
0 0.153906 0.209259 0.027604 0.129630
0 0.515625 0.368056 0.039583 0.204630
0 0.447396 0.523148 0.058333 0.290741
0 0.460938 0.775000 0.083333 0.288889
0 0.190885 0.571296 0.056771 0.294444
0 0.496354 0.307870 0.033333 0.156481
0 0.504427 0.286574 0.021354 0.126852
0 0.427083 0.223148 0.016667 0.129630
0 0.780729 0.585185 0.017708 0.001852
0 0.569531 0.524537 0.055729 0.313889
0 0.502604 0.506481 0.043750 0.246296
0 0.408073 0.530093 0.051562 0.297222
0 0.532031 0.271296 0.018229 0.068519
0 0.117969 0.151852 0.019271 0.088889
0 0.523438 0.682870 0.071875 0.347222
0 0.471875 0.785648 0.042708 0.217593
0 0.428125 0.148148 0.011458 0.064815
0 0.475781 0.192130 0.014063 0.063889
0 0.539062 0.301389 0.027083 0.147222
0 0.466667 0.274537 0.022917 0.099074
0 0.471094 0.306019 0.032813 0.173148
0 0.614062 0.831481 0.095833 0.335185
0 0.369531 0.808796 0.115104 0.380556
