0 0.246094 0.643056 0.124479 0.337963
0 0.517708 0.450463 0.123958 0.232407
0 0.460938 0.434722 0.052083 0.337963
0 0.450521 0.224537 0.030208 0.167593
0 0.457552 0.166204 0.031771 0.076852
0 0.435937 0.162500 0.029167 0.126852
0 0.355990 0.223611 0.046354 0.119444
0 0.364323 0.190278 0.049479 0.110185
0 0.371094 0.145833 0.016146 0.113889
0 0.382812 0.158333 0.017708 0.120370
0 0.405208 0.151389 0.018750 0.125000
0 0.389323 0.132870 0.014063 0.113889
0 0.398958 0.103704 0.013542 0.035185
0 0.427865 0.098611 0.008854 0.049074
0 0.433854 0.086111 0.008333 0.055556
0 0.438281 0.087037 0.014063 0.062963
0 0.202865 0.840278 0.161979 0.317593
0 0.590104 0.746296 0.087500 0.505556
