0 0.141667 0.216667 0.030208 0.124074
0 0.422135 0.158796 0.013021 0.065741
0 0.411719 0.158333 0.013021 0.074074
0 0.407031 0.205556 0.022396 0.088889
0 0.395313 0.213889 0.018750 0.092593
0 0.407292 0.243056 0.010417 0.050926
0 0.501042 0.146759 0.014583 0.062037
0 0.491667 0.197222 0.015625 0.100000
0 0.515104 0.197685 0.015625 0.087963
0 0.527344 0.197222 0.016146 0.088889
0 0.516146 0.165741 0.015625 0.079630
0 0.486198 0.163426 0.014063 0.084259
0 0.477344 0.212963 0.016146 0.101852
0 0.502604 0.204630 0.015625 0.085185
0 0.530208 0.264815 0.023958 0.127778
0 0.523177 0.279167 0.021354 0.117593
0 0.550260 0.310185 0.024479 0.146296
0 0.508073 0.304630 0.026562 0.153704
0 0.491667 0.301389 0.021875 0.123148
0 0.498698 0.341204 0.032813 0.165741
0 0.470573 0.303241 0.032813 0.150926
0 0.442448 0.332870 0.035937 0.171296
0 0.471354 0.367130 0.048958 0.199074
0 0.522396 0.419444 0.041667 0.194444
0 0.484896 0.438426 0.038542 0.195370
0 0.512240 0.494444 0.048438 0.242593
0 0.545312 0.497222 0.047917 0.235185
0 0.416667 0.431944 0.052083 0.256481
0 0.401302 0.625000 0.066146 0.377778
0 0.548438 0.675926 0.067708 0.375926
0 0.491667 0.651852 0.062500 0.325926
0 0.456250 0.659722 0.065625 0.365741
0 0.396875 0.712037 0.059375 0.387037
0 0.289062 0.842593 0.093750 0.312963
