0 0.480729 0.506019 0.048958 0.408333
0 0.514062 0.451389 0.044792 0.349074
0 0.553646 0.498611 0.051042 0.421296
0 0.585156 0.544907 0.073438 0.482407
0 0.550521 0.592130 0.085417 0.489815
0 0.561719 0.614352 0.077604 0.504630
0 0.561198 0.674537 0.108854 0.487963
0 0.290365 0.469907 0.068229 0.408333
0 0.294010 0.468981 0.098437 0.262037
0 0.318750 0.429630 0.106250 0.237037
0 0.518490 0.354167 0.042188 0.282407
0 0.351562 0.265741 0.051042 0.153704
0 0.350260 0.256944 0.054688 0.128704
0 0.346615 0.213889 0.034896 0.112963
0 0.363802 0.194907 0.056771 0.110185
0 0.368229 0.181481 0.034375 0.098148
0 0.384635 0.141204 0.029687 0.078704
0 0.388021 0.112963 0.019792 0.042593
0 0.405990 0.077778 0.011979 0.037037
0 0.566927 0.745370 0.071354 0.507407
0 0.597917 0.763426 0.092708 0.471296
