0 0.540104 0.037500 0.015625 0.062037
0 0.522656 0.053241 0.018229 0.100926
0 0.523698 0.183333 0.025521 0.131481
0 0.430469 0.302315 0.068229 0.262037
0 0.541406 0.306019 0.050521 0.249074
0 0.611979 0.332870 0.050000 0.252778
0 0.566927 0.565278 0.110937 0.410185
0 0.491406 0.065278 0.018229 0.062037
0 0.452083 0.086574 0.019792 0.056481
0 0.453646 0.150000 0.027083 0.103704
0 0.383854 0.105093 0.031250 0.102778
0 0.382552 0.167130 0.029687 0.134259
0 0.419271 0.207870 0.039583 0.113889
0 0.317708 0.142593 0.026042 0.088889
0 0.273438 0.119444 0.029167 0.101852
0 0.292187 0.187963 0.029167 0.124074
0 0.262760 0.194907 0.039062 0.143519
0 0.347135 0.281019 0.038021 0.178704
0 0.287760 0.253241 0.031771 0.121296
0 0.239583 0.292130 0.066667 0.186111
0 0.267448 0.587963 0.099479 0.316667
0 0.108333 0.382870 0.061458 0.204630
0 0.072656 0.514352 0.047396 0.197222
0 0.477604 0.161574 0.047917 0.199074
0 0.436198 0.188426 0.030729 0.119444
0 0.599479 0.201852 0.029167 0.144444
0 0.394010 0.193056 0.042188 0.113889
0 0.500260 0.044444 0.021354 0.062963
0 0.387760 0.206481 0.030729 0.116667
0 0.568490 0.314815 0.046354 0.225926
0 0.331510 0.130093 0.027604 0.102778
0 0.554427 0.050463 0.014063 0.089815
0 0.284375 0.097685 0.019792 0.095370
0 0.404948 0.498148 0.068229 0.357407
0 0.329948 0.189815 0.040104 0.114815
0 0.517448 0.152315 0.044271 0.167593
0 0.286979 0.191667 0.030208 0.122222
0 0.474219 0.037500 0.014063 0.052778
0 0.560417 0.082870 0.018750 0.102778
0 0.333333 0.295833 0.048958 0.152778
0 0.472135 0.056481 0.016146 0.061111
0 0.263021 0.260185 0.041667 0.170370
0 0.475521 0.295833 0.044792 0.241667
0 0.316667 0.450463 0.082292 0.258333
0 0.211198 0.525926 0.049479 0.259259
0 0.543750 0.078241 0.021875 0.110185
0 0.129427 0.506019 0.060937 0.239815
0 0.454427 0.140278 0.026562 0.117593
0 0.086979 0.771296 0.083333 0.305556
0 0.586198 0.142593 0.023438 0.135185
0 0.043750 0.807870 0.086458 0.269444
0 0.326302 0.739352 0.108854 0.519444
0 0.520833 0.805556 0.141667 0.379630
0 0.461979 0.762963 0.094792 0.472222
