0 0.534635 0.066204 0.019271 0.106481
0 0.514844 0.072685 0.014063 0.104630
0 0.562500 0.083796 0.013542 0.104630
0 0.544010 0.103241 0.025521 0.134259
0 0.525000 0.119907 0.020833 0.104630
0 0.512500 0.171759 0.029167 0.156481
0 0.595833 0.138426 0.023958 0.128704
0 0.541146 0.168519 0.031250 0.168519
0 0.492188 0.186111 0.043750 0.200000
0 0.548698 0.230093 0.026562 0.202778
0 0.580990 0.241667 0.030729 0.198148
0 0.599740 0.258796 0.031771 0.193519
0 0.453125 0.294907 0.038542 0.230556
0 0.555208 0.264352 0.030208 0.199074
0 0.608333 0.312500 0.043750 0.215741
0 0.617448 0.383333 0.046354 0.283333
0 0.509115 0.364815 0.064062 0.281481
0 0.452604 0.515278 0.089583 0.413889
0 0.458073 0.103241 0.018229 0.117593
0 0.439844 0.090278 0.021354 0.069444
0 0.419531 0.068981 0.015104 0.062037
0 0.373177 0.064815 0.019271 0.094444
0 0.417708 0.106019 0.025000 0.084259
0 0.455990 0.145370 0.030729 0.112963
0 0.423177 0.150926 0.030729 0.131481
0 0.321875 0.100926 0.027083 0.133333
0 0.343229 0.118056 0.021875 0.137963
0 0.362240 0.150926 0.033854 0.114815
0 0.377604 0.166204 0.039583 0.160185
0 0.337760 0.185185 0.029687 0.124074
0 0.416927 0.230093 0.040104 0.145370
0 0.359375 0.249074 0.070833 0.233333
0 0.210677 0.194907 0.034896 0.180556
0 0.336979 0.276389 0.036458 0.175000
0 0.393490 0.289815 0.059896 0.185185
0 0.378646 0.300463 0.052083 0.169444
0 0.331771 0.296296 0.046875 0.168519
0 0.313542 0.257870 0.058333 0.167593
0 0.262500 0.263426 0.041667 0.156481
0 0.246354 0.287037 0.050000 0.162963
0 0.198698 0.279167 0.039062 0.143519
0 0.128906 0.381481 0.073438 0.238889
0 0.214583 0.396759 0.057292 0.206481
0 0.308594 0.459259 0.075521 0.238889
0 0.360417 0.701852 0.098958 0.527778
0 0.217969 0.547685 0.080729 0.260185
0 0.148438 0.449537 0.055208 0.215741
0 0.036458 0.490278 0.061458 0.286111
0 0.079427 0.522685 0.079687 0.271296
0 0.180990 0.593981 0.075521 0.276852
0 0.104427 0.580556 0.067187 0.253704
0 0.107292 0.833796 0.128125 0.330556
0 0.664062 0.800000 0.089583 0.396296
