0 0.261719 0.685185 0.080729 0.587037
0 0.240104 0.653704 0.139583 0.359259
0 0.306250 0.526852 0.092708 0.242593
0 0.282292 0.449537 0.064583 0.199074
0 0.362500 0.258333 0.069792 0.129630
0 0.352604 0.282407 0.066667 0.150000
0 0.372135 0.249074 0.051562 0.135185
0 0.346615 0.178704 0.020313 0.125926
0 0.369792 0.184722 0.040625 0.091667
0 0.373958 0.183796 0.030208 0.084259
0 0.384115 0.151852 0.035937 0.068519
0 0.389323 0.151852 0.018229 0.125926
0 0.400260 0.131944 0.017188 0.050926
0 0.408333 0.094444 0.010417 0.064815
0 0.417969 0.093981 0.008854 0.067593
0 0.413021 0.068981 0.006250 0.039815
0 0.420833 0.072222 0.008333 0.051852
0 0.430729 0.076389 0.010417 0.054630
0 0.442188 0.086111 0.010417 0.059259
0 0.448698 0.073148 0.010937 0.051852
0 0.457031 0.119444 0.014063 0.079630
0 0.473958 0.168519 0.022917 0.138889
0 0.461979 0.203241 0.018750 0.097222
0 0.507292 0.192593 0.016667 0.125926
0 0.486198 0.241667 0.045312 0.118519
0 0.501042 0.445370 0.059375 0.338889
0 0.539062 0.435648 0.071875 0.312037
0 0.569792 0.607407 0.144792 0.270370
0 0.580729 0.711574 0.181250 0.352778
0 0.619010 0.818519 0.157812 0.351852
