0 0.696615 0.091667 0.026562 0.179630
0 0.666667 0.145370 0.032292 0.192593
0 0.652083 0.194444 0.034375 0.168519
0 0.680469 0.174074 0.040104 0.200000
0 0.712500 0.156944 0.027083 0.162037
0 0.734115 0.155093 0.040104 0.197222
0 0.765885 0.153704 0.038021 0.190741
0 0.488802 0.419444 0.038021 0.227778
0 0.807813 0.345370 0.061458 0.322222
0 0.766406 0.484722 0.068229 0.419444
0 0.698438 0.431944 0.054167 0.263889
0 0.927083 0.559722 0.090625 0.500926
0 0.835156 0.711574 0.109896 0.519444
0 0.731771 0.731481 0.088542 0.464815
0 0.390365 0.398148 0.025521 0.170370
0 0.419271 0.381944 0.053125 0.282407
0 0.043750 0.201389 0.017708 0.112037
0 0.026302 0.175000 0.027604 0.150000
0 0.654687 0.686574 0.101042 0.500926
