0 0.515625 0.167130 0.014583 0.071296
0 0.530990 0.207870 0.019271 0.087963
0 0.495052 0.246296 0.026562 0.124074
0 0.529948 0.362963 0.033854 0.203704
0 0.504687 0.363426 0.035417 0.173148
0 0.505729 0.395370 0.040625 0.198148
0 0.547917 0.403241 0.027083 0.141667
0 0.467187 0.375463 0.029167 0.193519
0 0.444531 0.385648 0.047396 0.212037
0 0.412760 0.406944 0.029687 0.149074
0 0.503125 0.462500 0.044792 0.223148
0 0.442708 0.451852 0.059375 0.227778
0 0.403646 0.154167 0.013542 0.073148
0 0.413021 0.176389 0.014583 0.062037
0 0.167187 0.219907 0.018750 0.108333
0 0.171875 0.236111 0.017708 0.083333
0 0.113281 0.171759 0.019271 0.099074
0 0.113021 0.235648 0.022917 0.139815
0 0.454427 0.745833 0.078646 0.399074
0 0.551562 0.687500 0.090625 0.426852
0 0.572396 0.785185 0.086458 0.420370
0 0.675000 0.715278 0.082292 0.360185
0 0.380469 0.525000 0.026562 0.188889
0 0.437760 0.798611 0.118229 0.400926
0 0.312500 0.876389 0.098958 0.245370
