0 0.485417 0.206481 0.027083 0.114815
0 0.393490 0.092130 0.008854 0.065741
0 0.402344 0.079167 0.006771 0.045370
0 0.409115 0.084259 0.009896 0.051852
0 0.415885 0.087037 0.006771 0.046296
0 0.423438 0.093981 0.009375 0.047222
0 0.439063 0.084722 0.009375 0.043519
0 0.439583 0.134259 0.014583 0.062963
0 0.414062 0.135648 0.011458 0.060185
0 0.379688 0.168519 0.020833 0.122222
0 0.355208 0.203704 0.033333 0.153704
0 0.403385 0.171759 0.016146 0.141667
0 0.393229 0.187963 0.019792 0.153704
0 0.347135 0.254167 0.036979 0.215741
0 0.383854 0.265741 0.037500 0.203704
0 0.411458 0.283333 0.029167 0.140741
0 0.458594 0.268981 0.042188 0.193519
0 0.477604 0.299074 0.029167 0.122222
0 0.475781 0.423148 0.060937 0.316667
0 0.565885 0.459259 0.047396 0.324074
0 0.551562 0.547685 0.110417 0.280556
0 0.619271 0.495833 0.038542 0.243519
0 0.574479 0.601389 0.067708 0.167593
0 0.568750 0.653704 0.155208 0.305556
0 0.585677 0.760185 0.215104 0.370370
0 0.291406 0.470370 0.085938 0.257407
0 0.267708 0.575926 0.111458 0.305556
0 0.227344 0.705556 0.131771 0.392593
0 0.958594 0.767593 0.077604 0.381481
0 0.648958 0.878241 0.229167 0.241667
