0 0.345313 0.206481 0.018750 0.161111
0 0.356510 0.206019 0.033854 0.189815
0 0.378385 0.207407 0.024479 0.161111
0 0.390625 0.186111 0.017708 0.146296
0 0.398698 0.171759 0.017188 0.141667
0 0.411719 0.082870 0.008854 0.056481
0 0.422656 0.059259 0.009896 0.044444
0 0.422917 0.082407 0.008333 0.051852
0 0.415625 0.094444 0.013542 0.072222
0 0.424740 0.172685 0.025521 0.130556
0 0.431250 0.100000 0.011458 0.064815
0 0.434375 0.074537 0.008333 0.043519
0 0.441146 0.114815 0.009375 0.050000
0 0.445052 0.091204 0.011979 0.058333
0 0.454167 0.078704 0.007292 0.048148
0 0.449740 0.162037 0.025521 0.144444
0 0.471094 0.188889 0.028646 0.100000
0 0.464844 0.187037 0.016146 0.066667
0 0.473177 0.205556 0.050521 0.103704
0 0.487760 0.284722 0.039062 0.097222
0 0.582292 0.757407 0.222917 0.355556
0 0.594271 0.657407 0.105208 0.307407
0 0.538802 0.727778 0.065104 0.250000
0 0.572135 0.636574 0.058854 0.225000
0 0.395313 0.395370 0.055208 0.320370
0 0.452865 0.435648 0.046354 0.232407
0 0.523177 0.460648 0.116146 0.210185
0 0.460156 0.705093 0.057813 0.330556
0 0.226302 0.705093 0.128646 0.380556
0 0.290365 0.469907 0.088021 0.262037
0 0.314323 0.416667 0.086979 0.231481
