0 0.490625 0.442593 0.055208 0.338889
0 0.513281 0.446759 0.127604 0.228704
0 0.586719 0.487963 0.064062 0.338889
0 0.553646 0.602315 0.056250 0.419444
0 0.633333 0.815278 0.112500 0.343519
0 0.461458 0.162963 0.030208 0.079630
0 0.486719 0.208333 0.023438 0.155556
0 0.478385 0.174537 0.018229 0.095370
0 0.470313 0.122685 0.014583 0.075000
0 0.454948 0.134259 0.015104 0.090741
0 0.428125 0.125000 0.020833 0.081481
0 0.427083 0.062037 0.009375 0.035185
0 0.418490 0.059722 0.007812 0.047222
0 0.402865 0.091667 0.010937 0.055556
0 0.398438 0.142130 0.013542 0.084259
0 0.371094 0.137037 0.017188 0.109259
0 0.382552 0.142130 0.016146 0.104630
0 0.365885 0.189352 0.036979 0.110185
0 0.352344 0.222685 0.035937 0.117593
0 0.372135 0.424537 0.044271 0.282407
0 0.311979 0.330093 0.034375 0.223148
0 0.287240 0.475463 0.091146 0.254630
0 0.245833 0.643519 0.114583 0.327778
0 0.198698 0.834722 0.161979 0.328704
