0 0.034635 0.553704 0.053646 0.172222
0 0.080990 0.116667 0.019271 0.142593
0 0.103646 0.559722 0.022917 0.156481
0 0.770312 0.093519 0.033333 0.177778
0 0.724219 0.160185 0.042188 0.203704
0 0.569531 0.684722 0.107813 0.454630
0 0.663542 0.137037 0.023958 0.094444
0 0.748698 0.105093 0.035937 0.169444
0 0.692969 0.078241 0.025521 0.150926
0 0.764583 0.287037 0.065625 0.305556
0 0.657813 0.088426 0.020833 0.125000
0 0.745313 0.630093 0.083333 0.441667
0 0.626823 0.729630 0.111979 0.518519
0 0.455469 0.412963 0.070312 0.281481
