0 0.766927 0.128704 0.044271 0.196296
0 0.761719 0.168981 0.042188 0.208333
0 0.707812 0.162500 0.034375 0.212037
0 0.665625 0.156944 0.042708 0.213889
0 0.640365 0.193519 0.033854 0.209259
0 0.629167 0.271759 0.043750 0.271296
0 0.748698 0.243056 0.041146 0.195370
0 0.718490 0.275463 0.052604 0.300926
0 0.669531 0.310648 0.057813 0.319444
0 0.919271 0.493981 0.108333 0.410185
0 0.842969 0.437963 0.077604 0.355556
0 0.766146 0.370833 0.075000 0.354630
0 0.621354 0.512500 0.052083 0.389815
0 0.661979 0.647685 0.057292 0.328704
0 0.821615 0.561574 0.076563 0.421296
0 0.867969 0.639352 0.078646 0.367593
0 0.301302 0.863426 0.061979 0.215741
0 0.041927 0.542130 0.033854 0.145370
0 0.381771 0.780556 0.093750 0.437037
0 0.785156 0.808333 0.111979 0.375926
0 0.703385 0.797685 0.113021 0.402778
