0 0.055729 0.168981 0.033333 0.150926
0 0.743229 0.094907 0.026042 0.152778
0 0.773698 0.098611 0.024479 0.152778
0 0.776823 0.114815 0.024479 0.155556
0 0.786719 0.119907 0.032813 0.182407
0 0.754427 0.150463 0.035937 0.180556
0 0.709375 0.111111 0.029167 0.168519
0 0.670052 0.262500 0.049479 0.282407
0 0.707812 0.289815 0.036458 0.225926
0 0.738021 0.320370 0.056250 0.294444
0 0.745052 0.356944 0.071354 0.347222
0 0.657031 0.449074 0.057813 0.392593
0 0.663542 0.536111 0.091667 0.405556
0 0.805990 0.490278 0.064062 0.380556
0 0.656510 0.134259 0.036979 0.179630
0 0.451823 0.059259 0.035937 0.109259
0 0.475781 0.064352 0.025521 0.115741
0 0.803906 0.803704 0.109896 0.390741
0 0.478906 0.759259 0.110937 0.479630
0 0.386458 0.759259 0.096875 0.479630
