0 0.417448 0.057870 0.006771 0.039815
0 0.423438 0.067130 0.009375 0.047222
0 0.434635 0.072222 0.007812 0.044444
0 0.406250 0.133333 0.015625 0.087037
0 0.426563 0.102778 0.013542 0.072222
0 0.438281 0.116667 0.020313 0.087037
0 0.429167 0.153241 0.021875 0.097222
0 0.453906 0.155556 0.021354 0.109259
0 0.391146 0.127315 0.014583 0.063889
0 0.369531 0.177315 0.026562 0.099074
0 0.352604 0.212500 0.036458 0.108333
0 0.358333 0.191667 0.033333 0.107407
0 0.355469 0.221296 0.039062 0.112963
0 0.546094 0.622222 0.170313 0.314815
0 0.627344 0.792593 0.130729 0.370370
0 0.320573 0.471759 0.128646 0.265741
0 0.307812 0.504167 0.148958 0.291667
0 0.277083 0.580556 0.085417 0.346296
0 0.964583 0.600926 0.059375 0.227778
0 0.528646 0.815278 0.093750 0.367593
