0 0.480990 0.129167 0.008854 0.054630
0 0.487760 0.129630 0.007812 0.051852
0 0.503906 0.156019 0.008854 0.071296
0 0.503906 0.202315 0.018229 0.102778
0 0.500781 0.233333 0.017188 0.109259
0 0.477604 0.234259 0.017708 0.109259
0 0.493229 0.269907 0.030208 0.136111
0 0.518229 0.272685 0.021875 0.132407
0 0.536198 0.328241 0.026562 0.158333
0 0.543490 0.411111 0.034896 0.205556
0 0.441406 0.406944 0.047396 0.239815
0 0.482552 0.400926 0.035937 0.207407
0 0.525521 0.438426 0.054167 0.282407
0 0.418229 0.571759 0.060417 0.260185
0 0.453646 0.618519 0.075000 0.375926
0 0.686458 0.729167 0.065625 0.375000
0 0.400260 0.170833 0.010937 0.076852
0 0.406771 0.177778 0.011458 0.079630
0 0.419531 0.175463 0.013021 0.078704
0 0.403385 0.250926 0.023438 0.148148
0 0.132552 0.152778 0.014063 0.083333
0 0.117448 0.688426 0.077604 0.432407
0 0.400521 0.862037 0.136458 0.274074
