0 0.432812 0.528704 0.056250 0.385185
0 0.427604 0.581944 0.086458 0.408333
0 0.520833 0.600926 0.097917 0.483333
0 0.463021 0.650926 0.039583 0.200000
0 0.222135 0.692593 0.136979 0.370370
0 0.291667 0.470833 0.085417 0.260185
0 0.317188 0.418519 0.092708 0.227778
0 0.309375 0.342593 0.051042 0.164815
0 0.341406 0.327315 0.056771 0.260185
0 0.351823 0.173611 0.021354 0.143519
0 0.354948 0.240278 0.046354 0.097222
0 0.361979 0.200463 0.020833 0.158333
0 0.376042 0.213426 0.037500 0.169444
0 0.384635 0.129630 0.014063 0.081481
0 0.416406 0.193519 0.032813 0.172222
0 0.420833 0.182870 0.030208 0.167593
0 0.401042 0.082870 0.010417 0.039815
0 0.412760 0.068056 0.010937 0.054630
0 0.412500 0.087037 0.014583 0.062963
0 0.421615 0.079167 0.010937 0.058333
0 0.425260 0.088889 0.010937 0.057407
0 0.426823 0.062037 0.007812 0.042593
0 0.442969 0.072222 0.008854 0.059259
0 0.435677 0.088889 0.015104 0.072222
0 0.445573 0.089352 0.013021 0.073148
0 0.475260 0.146296 0.022396 0.112963
0 0.465104 0.202315 0.015625 0.082407
0 0.461979 0.197222 0.041667 0.112963
0 0.472396 0.203241 0.052083 0.106481
0 0.478646 0.289815 0.026042 0.122222
0 0.488542 0.303241 0.044792 0.106481
0 0.548438 0.463889 0.063542 0.212963
0 0.589323 0.517593 0.075521 0.242593
0 0.542188 0.636111 0.088542 0.237037
0 0.590885 0.650463 0.126562 0.306481
0 0.609115 0.771296 0.157812 0.374074
