0 0.564583 0.778241 0.263542 0.439815
0 0.564323 0.596759 0.153646 0.278704
0 0.541667 0.564815 0.097917 0.250000
0 0.228906 0.755093 0.185938 0.402778
0 0.245833 0.641667 0.142708 0.368519
0 0.281510 0.520833 0.110937 0.276852
0 0.578125 0.446759 0.065625 0.302778
0 0.289844 0.446759 0.085938 0.278704
0 0.308854 0.372222 0.047917 0.274074
0 0.379427 0.406481 0.056771 0.283333
0 0.471615 0.375463 0.036979 0.317593
0 0.359896 0.257870 0.030208 0.210185
0 0.350781 0.265741 0.050521 0.151852
0 0.453646 0.195370 0.016667 0.107407
0 0.441146 0.208333 0.021875 0.122222
0 0.388021 0.189815 0.028125 0.151852
0 0.445052 0.178241 0.020313 0.106481
0 0.420312 0.177778 0.022917 0.135185
0 0.360938 0.177315 0.025000 0.152778
0 0.350521 0.159259 0.016667 0.088889
0 0.411458 0.168519 0.032292 0.153704
0 0.376823 0.160185 0.016146 0.109259
0 0.492969 0.217130 0.023438 0.150926
0 0.458333 0.119444 0.012500 0.085185
0 0.451562 0.118981 0.015625 0.086111
0 0.441146 0.121296 0.013542 0.092593
0 0.443229 0.079167 0.009375 0.047222
0 0.410156 0.078241 0.008854 0.054630
0 0.416146 0.067593 0.008333 0.046296
0 0.430729 0.063889 0.010417 0.051852
0 0.685677 0.865278 0.199479 0.262037
