0 0.394792 0.171296 0.014583 0.087037
0 0.481250 0.193056 0.016667 0.076852
0 0.503646 0.196759 0.014583 0.080556
0 0.577344 0.449074 0.047396 0.248148
0 0.421615 0.699537 0.079687 0.434259
0 0.146875 0.250926 0.023958 0.116667
0 0.585677 0.515741 0.060937 0.261111
0 0.495573 0.400463 0.045312 0.206481
0 0.414323 0.391667 0.034896 0.212963
0 0.487240 0.351852 0.033854 0.198148
0 0.111979 0.165278 0.016667 0.089815
0 0.562240 0.369907 0.040104 0.202778
0 0.277344 0.561574 0.015104 0.091667
0 0.432552 0.623611 0.109896 0.336111
0 0.406510 0.200000 0.020313 0.088889
0 0.522917 0.395370 0.033333 0.224074
0 0.265885 0.252778 0.026562 0.138889
0 0.519010 0.207407 0.022396 0.101852
0 0.422917 0.189352 0.017708 0.087963
0 0.490365 0.231944 0.021354 0.112037
0 0.141667 0.195370 0.017708 0.112963
0 0.448698 0.377778 0.039062 0.225926
0 0.470833 0.675463 0.041667 0.291667
0 0.540104 0.325463 0.028125 0.163889
0 0.617448 0.831019 0.097396 0.336111
0 0.544010 0.815741 0.079687 0.368519
0 0.390365 0.838889 0.080729 0.320370
0 0.303385 0.843519 0.088021 0.309259
