0 0.479427 0.165278 0.014063 0.073148
0 0.489063 0.128241 0.013542 0.049074
0 0.496094 0.130093 0.006771 0.045370
0 0.475260 0.133333 0.007812 0.044444
0 0.426563 0.187037 0.013542 0.074074
0 0.416927 0.179630 0.010937 0.048148
0 0.408854 0.156944 0.010417 0.073148
0 0.389844 0.166667 0.007812 0.077778
0 0.536979 0.343519 0.038542 0.188889
0 0.409115 0.455093 0.053646 0.275000
0 0.541406 0.607407 0.073438 0.351852
0 0.136198 0.618519 0.022396 0.133333
0 0.527344 0.168981 0.021354 0.067593
0 0.494271 0.350463 0.035417 0.182407
0 0.408854 0.224074 0.026042 0.109259
0 0.478646 0.567593 0.072917 0.344444
0 0.384635 0.740278 0.072396 0.393519
0 0.422396 0.169907 0.015625 0.069444
0 0.062760 0.713889 0.054688 0.388889
0 0.523177 0.249074 0.019271 0.094444
0 0.398958 0.156481 0.008333 0.068519
0 0.242188 0.600463 0.057292 0.306481
0 0.416667 0.154167 0.005208 0.058333
0 0.600781 0.830556 0.124479 0.337037
0 0.450781 0.814352 0.082812 0.369444
0 0.416667 0.864815 0.089583 0.268519
0 0.282031 0.820370 0.082812 0.357407
