0 0.147656 0.133796 0.009896 0.080556
0 0.484115 0.178241 0.015104 0.086111
0 0.417708 0.150463 0.013542 0.069444
0 0.155990 0.154630 0.013021 0.083333
0 0.477604 0.152778 0.008333 0.059259
0 0.526042 0.625463 0.073958 0.349074
0 0.530208 0.223611 0.019792 0.104630
0 0.486719 0.283796 0.030729 0.152778
0 0.507552 0.286574 0.025521 0.143519
0 0.618750 0.708796 0.061458 0.347222
0 0.141667 0.158333 0.012500 0.081481
0 0.428125 0.558796 0.043750 0.271296
0 0.429167 0.151389 0.011458 0.073148
0 0.137500 0.170833 0.015625 0.084259
0 0.469792 0.474074 0.047917 0.277778
0 0.682292 0.712500 0.061458 0.358333
0 0.460677 0.647222 0.090104 0.350000
0 0.122917 0.155093 0.017708 0.086111
0 0.391146 0.606019 0.038542 0.247222
0 0.406771 0.805093 0.092708 0.387963
0 0.504427 0.203241 0.024479 0.093519
0 0.554688 0.486111 0.043750 0.242593
0 0.530469 0.816204 0.075521 0.363889
