0 0.472135 0.568056 0.058854 0.317593
0 0.423958 0.177778 0.016667 0.105556
0 0.387500 0.179167 0.010417 0.100926
0 0.249479 0.136574 0.014583 0.065741
0 0.149740 0.128704 0.014063 0.072222
0 0.124479 0.141667 0.017708 0.088889
0 0.504687 0.274074 0.025000 0.135185
0 0.148177 0.611111 0.016146 0.081481
0 0.478125 0.155556 0.012500 0.055556
0 0.398698 0.181019 0.016146 0.099074
0 0.495052 0.136574 0.011979 0.052778
0 0.238542 0.130556 0.013542 0.059259
0 0.486458 0.275463 0.027083 0.143519
0 0.478125 0.193056 0.016667 0.084259
0 0.169271 0.245370 0.023958 0.135185
0 0.657552 0.714352 0.061979 0.354630
0 0.529948 0.207870 0.019271 0.078704
0 0.116146 0.549537 0.016667 0.086111
0 0.522656 0.579630 0.056771 0.296296
0 0.155469 0.138889 0.019271 0.075926
0 0.410156 0.187037 0.013021 0.077778
0 0.494271 0.175926 0.016667 0.083333
0 0.110417 0.530556 0.015625 0.098148
0 0.134896 0.628241 0.020833 0.089815
0 0.155469 0.215741 0.023438 0.133333
0 0.528385 0.293981 0.023438 0.134259
0 0.479167 0.134259 0.009375 0.044444
0 0.513021 0.343056 0.040625 0.186111
0 0.401562 0.525926 0.059375 0.257407
0 0.133854 0.212500 0.017708 0.110185
0 0.513802 0.168056 0.014063 0.071296
0 0.430729 0.453704 0.052083 0.268519
0 0.303385 0.848611 0.121354 0.293519
0 0.395052 0.835648 0.118229 0.326852
