0 0.767188 0.084722 0.025000 0.134259
0 0.745052 0.118056 0.036979 0.187963
0 0.689323 0.106019 0.033854 0.189815
0 0.678906 0.161111 0.039062 0.235185
0 0.690104 0.218056 0.051042 0.273148
0 0.682292 0.245833 0.050000 0.263889
0 0.733854 0.282870 0.055208 0.265741
0 0.755208 0.309722 0.055208 0.286111
0 0.792969 0.219444 0.040104 0.253704
0 0.792969 0.241667 0.033854 0.233333
0 0.817708 0.268056 0.054167 0.289815
0 0.800521 0.299074 0.059375 0.314815
0 0.688542 0.305093 0.054167 0.212037
0 0.640104 0.259259 0.048958 0.257407
0 0.620052 0.285185 0.025521 0.222222
0 0.662760 0.503241 0.077604 0.413889
0 0.051823 0.140741 0.032813 0.157407
0 0.372656 0.106944 0.023438 0.002778
0 0.403385 0.062500 0.014063 0.082407
0 0.341927 0.053241 0.019271 0.102778
