0 0.146354 0.185648 0.019792 0.113889
0 0.399219 0.150926 0.010937 0.079630
0 0.394271 0.181481 0.016667 0.096296
0 0.409375 0.206019 0.022917 0.113889
0 0.421094 0.209259 0.018229 0.109259
0 0.505729 0.122685 0.012500 0.050926
0 0.489063 0.131019 0.014583 0.060185
0 0.479427 0.210648 0.019271 0.093519
0 0.500260 0.166204 0.014063 0.073148
0 0.504948 0.197685 0.017188 0.082407
0 0.525521 0.196296 0.018750 0.094444
0 0.541406 0.207407 0.017188 0.096296
0 0.495312 0.212963 0.023958 0.105556
0 0.474219 0.291667 0.029687 0.168519
0 0.440885 0.293056 0.040104 0.180556
0 0.463281 0.329630 0.031771 0.161111
0 0.443229 0.413889 0.043750 0.229630
0 0.514062 0.481944 0.041667 0.262037
0 0.467187 0.556481 0.066667 0.346296
0 0.544531 0.568981 0.067187 0.339815
0 0.397917 0.597685 0.063542 0.350926
0 0.389062 0.709259 0.055208 0.301852
0 0.495052 0.297685 0.031771 0.123148
0 0.520573 0.293519 0.025521 0.112963
0 0.550521 0.317593 0.028125 0.100000
0 0.511719 0.378241 0.044271 0.160185
0 0.549219 0.384259 0.034896 0.137037
0 0.404167 0.385648 0.045833 0.210185
0 0.397917 0.459722 0.051042 0.206481
0 0.625260 0.707870 0.069271 0.356481
0 0.683333 0.701852 0.057292 0.325926
0 0.454167 0.813426 0.058333 0.371296
0 0.508594 0.832407 0.079687 0.324074
0 0.579948 0.842593 0.070312 0.307407
0 0.646615 0.841667 0.071354 0.309259
