0 0.227604 0.692593 0.131250 0.364815
0 0.587760 0.768056 0.215104 0.349074
0 0.568490 0.655556 0.155729 0.320370
0 0.565365 0.550926 0.103646 0.290741
0 0.547396 0.462037 0.046875 0.337037
0 0.535937 0.458796 0.088542 0.221296
0 0.301823 0.529167 0.135937 0.287963
0 0.318229 0.424074 0.100000 0.224074
0 0.415625 0.313426 0.042708 0.223148
0 0.473438 0.265278 0.030208 0.180556
0 0.468229 0.225926 0.023958 0.092593
0 0.482292 0.283796 0.019792 0.121296
0 0.499479 0.205556 0.020833 0.127778
0 0.478385 0.203241 0.040104 0.102778
0 0.459375 0.189352 0.042708 0.086111
0 0.467187 0.163889 0.026042 0.057407
0 0.458333 0.195370 0.012500 0.064815
0 0.346615 0.194444 0.021354 0.150000
0 0.356250 0.175463 0.023958 0.149074
0 0.372917 0.205556 0.033333 0.161111
0 0.403906 0.186111 0.030729 0.138889
0 0.430729 0.178241 0.029167 0.143519
0 0.375260 0.164815 0.021354 0.122222
0 0.385677 0.115741 0.017188 0.051852
0 0.392188 0.135185 0.017708 0.103704
0 0.395833 0.099074 0.012500 0.075926
0 0.424219 0.119444 0.016146 0.087037
0 0.453385 0.130556 0.018229 0.092593
0 0.399740 0.084722 0.011979 0.063889
0 0.410938 0.065741 0.007292 0.050000
0 0.408854 0.081944 0.012500 0.069444
0 0.408594 0.090278 0.010937 0.075000
0 0.415365 0.083796 0.009896 0.056481
0 0.420312 0.064815 0.008333 0.038889
0 0.422135 0.079630 0.010937 0.062963
0 0.426823 0.092593 0.014063 0.068519
0 0.438281 0.082407 0.013021 0.061111
0 0.440104 0.100000 0.012500 0.062963
0 0.443229 0.089815 0.009375 0.062963
0 0.448177 0.078704 0.006771 0.051852
0 0.455990 0.096296 0.011979 0.068519
0 0.183854 0.806944 0.146875 0.384259
