0 0.389583 0.152778 0.021875 0.087037
0 0.376302 0.164352 0.027604 0.106481
0 0.356771 0.147222 0.029167 0.101852
0 0.516146 0.074537 0.021875 0.104630
0 0.522135 0.090741 0.023438 0.114815
0 0.541927 0.077778 0.021354 0.125926
0 0.565104 0.074074 0.016667 0.100000
0 0.531250 0.118981 0.020833 0.119444
0 0.548438 0.120370 0.023958 0.131481
0 0.517969 0.143056 0.025521 0.139815
0 0.508333 0.064815 0.016667 0.094444
0 0.393490 0.061574 0.019271 0.075000
0 0.458594 0.064352 0.023438 0.078704
0 0.440365 0.081481 0.021354 0.083333
0 0.472656 0.107870 0.027604 0.080556
0 0.433854 0.108333 0.028125 0.087037
0 0.420052 0.118981 0.022396 0.136111
0 0.405208 0.119444 0.027083 0.140741
0 0.454427 0.143981 0.031771 0.110185
0 0.447396 0.169907 0.030208 0.112037
0 0.331510 0.094907 0.025521 0.125000
0 0.277344 0.115741 0.022396 0.150000
0 0.488281 0.193056 0.036979 0.178704
0 0.435677 0.205556 0.036979 0.137037
0 0.395313 0.188889 0.027083 0.111111
0 0.333073 0.187963 0.029687 0.133333
0 0.277865 0.188426 0.045312 0.173148
0 0.261458 0.147685 0.025000 0.136111
0 0.415365 0.232870 0.031771 0.147222
0 0.396354 0.249537 0.032292 0.156481
0 0.335156 0.237037 0.043229 0.144444
0 0.298698 0.206481 0.041146 0.116667
0 0.225521 0.176389 0.028125 0.162037
0 0.210677 0.202315 0.039062 0.200926
0 0.556771 0.254167 0.050000 0.237963
0 0.567448 0.281481 0.036979 0.216667
0 0.594010 0.337963 0.044271 0.244444
0 0.611198 0.349537 0.046354 0.252778
0 0.617708 0.395833 0.039583 0.321296
0 0.496875 0.295370 0.034375 0.224074
0 0.446094 0.285185 0.049479 0.224074
0 0.389583 0.288889 0.051042 0.162963
0 0.326302 0.311574 0.044271 0.152778
0 0.261979 0.268056 0.037500 0.152778
0 0.250781 0.290741 0.046354 0.168519
0 0.074219 0.431481 0.105729 0.231481
0 0.101042 0.385648 0.053125 0.199074
0 0.111719 0.347222 0.031771 0.098148
0 0.320573 0.453241 0.063021 0.204630
0 0.486979 0.496296 0.101042 0.409259
0 0.414844 0.516667 0.080729 0.381481
0 0.279687 0.608796 0.056250 0.486111
0 0.212500 0.392130 0.050000 0.219444
0 0.137760 0.502315 0.075521 0.269444
0 0.083594 0.500463 0.073438 0.262037
0 0.017969 0.313889 0.030729 0.231481
0 0.214062 0.799074 0.170833 0.392593
0 0.502604 0.818056 0.105208 0.362037
