0 0.358594 0.223148 0.044271 0.109259
0 0.366146 0.191667 0.033333 0.105556
0 0.396094 0.111111 0.014063 0.064815
0 0.389844 0.121296 0.014063 0.079630
0 0.380990 0.144907 0.030729 0.084259
0 0.381250 0.149537 0.016667 0.112037
0 0.412500 0.063426 0.008333 0.043519
0 0.413021 0.095370 0.012500 0.062963
0 0.423698 0.072685 0.010937 0.050926
0 0.438281 0.073148 0.008854 0.050000
0 0.429427 0.086574 0.011979 0.062037
0 0.441667 0.086111 0.010417 0.064815
0 0.412760 0.125000 0.016146 0.096296
0 0.402083 0.194907 0.031250 0.100926
0 0.447135 0.150926 0.014063 0.090741
0 0.428125 0.185648 0.034375 0.156481
0 0.442188 0.188889 0.026042 0.146296
0 0.465625 0.163426 0.023958 0.084259
0 0.566146 0.702315 0.061458 0.517593
0 0.488021 0.507407 0.064583 0.398148
0 0.528385 0.425926 0.061979 0.200000
0 0.402083 0.445833 0.086458 0.373148
0 0.457813 0.401852 0.046875 0.305556
0 0.407813 0.350000 0.054167 0.253704
0 0.390365 0.325000 0.039062 0.231481
0 0.338542 0.315278 0.045833 0.239815
0 0.245833 0.714352 0.166667 0.347222
0 0.429688 0.777315 0.134375 0.437963
0 0.610938 0.740278 0.142708 0.515741
