0 0.405729 0.100000 0.032292 0.061111
0 0.409115 0.069907 0.008854 0.050926
0 0.419010 0.068056 0.009896 0.045370
0 0.430729 0.069444 0.012500 0.057407
0 0.429688 0.083796 0.010417 0.056481
0 0.445833 0.068519 0.013542 0.051852
0 0.442969 0.087037 0.010937 0.061111
0 0.446094 0.114815 0.016146 0.075926
0 0.450521 0.128704 0.019792 0.077778
0 0.460156 0.164352 0.023438 0.104630
0 0.441667 0.176852 0.018750 0.090741
0 0.452083 0.207407 0.030208 0.146296
0 0.480208 0.174537 0.018750 0.106481
0 0.410938 0.162500 0.035417 0.137963
0 0.377604 0.160648 0.033333 0.087963
0 0.362500 0.212963 0.051042 0.098148
0 0.351042 0.275926 0.066667 0.142593
0 0.485938 0.239352 0.047917 0.130556
0 0.456771 0.298611 0.036458 0.193519
0 0.384635 0.340278 0.059896 0.265741
0 0.439063 0.371759 0.040625 0.265741
0 0.403125 0.534722 0.096875 0.547222
0 0.532292 0.417130 0.058333 0.352778
0 0.509375 0.461111 0.065625 0.368519
0 0.549219 0.562963 0.117188 0.253704
0 0.562240 0.599537 0.149479 0.284259
0 0.581510 0.708796 0.190104 0.343519
0 0.607812 0.794907 0.169792 0.363889
0 0.280990 0.515741 0.077604 0.309259
0 0.241406 0.640741 0.140104 0.348148
0 0.217188 0.754167 0.156250 0.382407
0 0.150000 0.890278 0.179167 0.217593
