0 0.541667 0.468981 0.062500 0.336111
0 0.453125 0.434259 0.051042 0.320370
0 0.492708 0.200463 0.014583 0.110185
0 0.465625 0.200463 0.038542 0.147222
0 0.350000 0.200463 0.014583 0.097222
0 0.427344 0.063426 0.006771 0.034259
0 0.417969 0.110648 0.013021 0.075000
0 0.454688 0.117593 0.019792 0.075926
0 0.438542 0.177778 0.014583 0.135185
0 0.425260 0.196759 0.016146 0.113889
0 0.407292 0.169444 0.018750 0.098148
0 0.378385 0.199074 0.024479 0.151852
0 0.365365 0.241204 0.041146 0.095370
0 0.350781 0.281019 0.065104 0.150926
0 0.281771 0.523611 0.082292 0.282407
0 0.233594 0.743981 0.180729 0.421296
0 0.558073 0.600000 0.146354 0.270370
0 0.440885 0.064815 0.007812 0.042593
0 0.534115 0.418519 0.065104 0.259259
0 0.430469 0.110185 0.017188 0.085185
0 0.545052 0.568056 0.143229 0.276852
0 0.455469 0.175000 0.014063 0.120370
0 0.486979 0.239815 0.044792 0.118519
0 0.447656 0.206019 0.031771 0.160185
0 0.551823 0.437963 0.035937 0.296296
0 0.418229 0.195833 0.015625 0.110185
0 0.483333 0.187963 0.026042 0.122222
0 0.397917 0.151852 0.025000 0.125926
0 0.613802 0.813889 0.163021 0.331481
0 0.381510 0.200463 0.023438 0.149074
0 0.401823 0.080093 0.008854 0.030556
0 0.366927 0.204167 0.021354 0.143519
0 0.573958 0.705556 0.191667 0.338889
0 0.361458 0.268981 0.064583 0.152778
0 0.328906 0.329167 0.071354 0.247222
0 0.569271 0.505556 0.029167 0.183333
0 0.244271 0.640741 0.128125 0.338889
0 0.417969 0.062500 0.007812 0.034259
