0 0.137240 0.195370 0.020313 0.111111
0 0.683854 0.722685 0.060417 0.352778
0 0.402865 0.156944 0.014063 0.071296
0 0.416927 0.168056 0.015104 0.108333
0 0.518750 0.173611 0.014583 0.084259
0 0.485156 0.271759 0.028646 0.141667
0 0.499219 0.287037 0.021354 0.133333
0 0.512240 0.336111 0.035937 0.175926
0 0.551042 0.351852 0.031250 0.168519
0 0.530469 0.378241 0.022396 0.110185
0 0.453125 0.341667 0.037500 0.203704
0 0.479687 0.354630 0.023958 0.135185
0 0.450521 0.425000 0.039583 0.253704
0 0.398958 0.588889 0.060417 0.294444
