0 0.859115 0.592130 0.069271 0.413889
0 0.850260 0.520833 0.053646 0.445370
0 0.646094 0.491667 0.057813 0.427778
0 0.693490 0.500463 0.065104 0.380556
0 0.770833 0.538889 0.054167 0.314815
0 0.780990 0.206481 0.042188 0.233333
0 0.779427 0.136574 0.040104 0.195370
0 0.774740 0.085648 0.025521 0.139815
0 0.729688 0.202778 0.031250 0.196296
0 0.696354 0.186111 0.041667 0.220370
0 0.649479 0.173611 0.047917 0.204630
0 0.670573 0.146296 0.035937 0.218519
0 0.078125 0.130556 0.025000 0.138889
0 0.746875 0.193056 0.038542 0.265741
0 0.725521 0.064352 0.034375 0.099074
0 0.508333 0.749074 0.132292 0.498148
0 0.662240 0.798611 0.158854 0.406481
0 0.833073 0.793056 0.119271 0.417593
