0 0.349479 0.175926 0.020833 0.085185
0 0.395573 0.070370 0.008854 0.038889
0 0.411458 0.062963 0.010417 0.046296
0 0.433333 0.064352 0.012500 0.050926
0 0.438021 0.111111 0.018750 0.074074
0 0.483073 0.168056 0.016146 0.099074
0 0.471615 0.160185 0.020313 0.109259
0 0.436979 0.158796 0.016667 0.095370
0 0.423177 0.117593 0.014063 0.085185
0 0.411719 0.140278 0.020313 0.102778
0 0.383333 0.144444 0.017708 0.116667
0 0.394271 0.136574 0.015625 0.115741
0 0.356250 0.188889 0.018750 0.068519
0 0.370833 0.167130 0.022917 0.106481
0 0.346354 0.190741 0.017708 0.072222
0 0.372396 0.207870 0.022917 0.150926
0 0.420052 0.216667 0.042188 0.155556
0 0.455990 0.218056 0.033854 0.165741
0 0.466927 0.252778 0.031771 0.153704
0 0.285677 0.316204 0.035937 0.234259
0 0.346094 0.368981 0.041146 0.286111
0 0.411719 0.347222 0.067187 0.324074
0 0.529948 0.463889 0.118229 0.229630
0 0.580729 0.481944 0.051042 0.341667
0 0.570833 0.570833 0.102083 0.295370
0 0.551823 0.601389 0.108854 0.284259
0 0.573958 0.697222 0.185417 0.331481
0 0.629427 0.819907 0.166146 0.356481
0 0.307292 0.474537 0.101042 0.280556
0 0.296615 0.517130 0.108854 0.282407
0 0.234635 0.635185 0.115104 0.374074
0 0.217188 0.753241 0.168750 0.417593
0 0.627344 0.861111 0.157812 0.275926
