0 0.596094 0.775926 0.150521 0.383333
0 0.561979 0.322685 0.023958 0.078704
0 0.484115 0.271296 0.032813 0.174074
0 0.469271 0.220833 0.030208 0.162037
0 0.502083 0.210648 0.021875 0.149074
0 0.485938 0.210185 0.035417 0.161111
0 0.453906 0.216204 0.024479 0.150926
0 0.458594 0.156019 0.022396 0.108333
0 0.423698 0.175926 0.033854 0.125926
0 0.432552 0.119444 0.011979 0.053704
0 0.439323 0.125000 0.009896 0.050000
0 0.448958 0.112037 0.010417 0.048148
0 0.444010 0.082870 0.016146 0.060185
0 0.435417 0.099074 0.013542 0.068519
0 0.431250 0.076389 0.010417 0.054630
0 0.425781 0.080556 0.008854 0.051852
0 0.424740 0.103704 0.016146 0.064815
0 0.415625 0.058333 0.008333 0.038889
0 0.414844 0.079167 0.010937 0.056481
0 0.390885 0.114352 0.017188 0.047222
0 0.386198 0.141667 0.020313 0.070370
0 0.379948 0.146759 0.020313 0.062037
0 0.370052 0.175926 0.018229 0.118519
0 0.378646 0.212037 0.019792 0.148148
0 0.361198 0.207407 0.022396 0.133333
0 0.356771 0.218519 0.048958 0.118519
0 0.360156 0.260648 0.048438 0.156481
0 0.362500 0.300926 0.059375 0.142593
0 0.410938 0.388426 0.060417 0.293519
0 0.303646 0.385185 0.053125 0.300000
0 0.330469 0.407407 0.036979 0.235185
0 0.293490 0.451389 0.109896 0.230556
0 0.276042 0.534722 0.126042 0.284259
0 0.487500 0.643519 0.103125 0.542593
0 0.409115 0.638426 0.078646 0.502778
0 0.317969 0.650463 0.077604 0.425000
0 0.514062 0.452778 0.051042 0.325926
0 0.161979 0.717593 0.092708 0.562963
0 0.606250 0.811111 0.128125 0.374074
0 0.299479 0.794444 0.168750 0.409259
