0 0.511458 0.283333 0.060417 0.220370
0 0.798958 0.138426 0.047917 0.262037
0 0.866146 0.229630 0.079167 0.362963
0 0.360938 0.602315 0.133333 0.578704
0 0.559896 0.223611 0.086458 0.386111
0 0.700781 0.439352 0.115104 0.495370
0 0.461979 0.306019 0.107292 0.467593
0 0.504167 0.452315 0.115625 0.467593
0 0.718229 0.548611 0.128125 0.558333
0 0.596094 0.204167 0.081771 0.386111
0 0.634635 0.671296 0.108854 0.305556
0 0.760417 0.117593 0.041667 0.235185
0 0.477604 0.077778 0.083333 0.155556
0 0.404948 0.162963 0.064062 0.322222
0 0.518229 0.799537 0.172917 0.399074
