0 0.615104 0.764815 0.169792 0.401852
0 0.860417 0.518981 0.051042 0.271296
0 0.455208 0.425463 0.050000 0.293519
0 0.445312 0.486111 0.088542 0.379630
0 0.407813 0.618056 0.101042 0.419444
0 0.508854 0.391204 0.042708 0.271296
0 0.352344 0.237500 0.041146 0.134259
0 0.354427 0.223611 0.030729 0.097222
0 0.367188 0.168981 0.042708 0.071296
0 0.369531 0.206019 0.024479 0.141667
0 0.388542 0.123148 0.014583 0.081481
0 0.418229 0.069907 0.012500 0.058333
0 0.411979 0.139815 0.022917 0.111111
0 0.414583 0.181481 0.020833 0.140741
0 0.395573 0.245370 0.042188 0.175926
0 0.463281 0.128241 0.024479 0.086111
0 0.437240 0.139352 0.020313 0.106481
0 0.445833 0.185185 0.022917 0.125926
0 0.485677 0.209722 0.022396 0.169444
0 0.464062 0.238426 0.035417 0.182407
0 0.436458 0.066204 0.012500 0.049074
