0 0.387760 0.128704 0.014063 0.103704
0 0.383073 0.131481 0.015104 0.096296
0 0.367969 0.137963 0.010937 0.087037
0 0.382031 0.192130 0.013021 0.087963
0 0.397135 0.198148 0.015104 0.092593
0 0.358073 0.180556 0.026562 0.124074
0 0.362500 0.209259 0.017708 0.100000
0 0.374479 0.229630 0.013542 0.100000
0 0.367969 0.236111 0.018229 0.112963
0 0.349219 0.236574 0.046354 0.137963
0 0.413021 0.088426 0.010417 0.058333
0 0.431771 0.107870 0.014583 0.080556
0 0.445312 0.118056 0.016667 0.076852
0 0.429948 0.204630 0.016146 0.098148
0 0.457552 0.211111 0.029687 0.161111
0 0.479167 0.190278 0.028125 0.160185
0 0.610677 0.815741 0.117188 0.366667
0 0.546615 0.537963 0.119271 0.281481
0 0.230469 0.704167 0.140104 0.408333
0 0.456771 0.715741 0.092708 0.551852
0 0.333333 0.717593 0.144792 0.562963
0 0.134115 0.916204 0.120313 0.165741
0 0.209375 0.846759 0.091667 0.304630
