0 0.447396 0.657870 0.081250 0.378704
0 0.539323 0.752778 0.079687 0.261111
0 0.526042 0.512963 0.050000 0.305556
0 0.472917 0.510648 0.077083 0.295370
0 0.486979 0.500463 0.027083 0.206481
0 0.395833 0.527315 0.047917 0.321296
0 0.431510 0.373611 0.033854 0.206481
0 0.476562 0.386574 0.031250 0.221296
0 0.502344 0.347222 0.032813 0.201852
0 0.504687 0.283796 0.029167 0.136111
0 0.521875 0.298148 0.030208 0.203704
0 0.534635 0.324074 0.026562 0.172222
0 0.538021 0.373611 0.034375 0.182407
0 0.557813 0.359722 0.028125 0.169444
0 0.555990 0.418519 0.045312 0.248148
0 0.421875 0.163889 0.015625 0.072222
0 0.414062 0.220833 0.020833 0.104630
0 0.416406 0.203704 0.018229 0.040741
0 0.143490 0.146296 0.010937 0.057407
0 0.141406 0.191667 0.019271 0.075926
