0 0.616927 0.812500 0.165104 0.352778
0 0.573177 0.647222 0.084896 0.503704
0 0.630990 0.594907 0.072396 0.460185
0 0.484115 0.699537 0.085938 0.489815
0 0.532552 0.571296 0.098437 0.268519
0 0.520052 0.405093 0.046354 0.249074
0 0.467708 0.415278 0.060417 0.336111
0 0.475260 0.381019 0.051562 0.297222
0 0.403646 0.112963 0.017708 0.079630
0 0.435417 0.082870 0.013542 0.063889
0 0.430469 0.156019 0.026562 0.130556
0 0.448958 0.164352 0.025000 0.125000
0 0.462760 0.154167 0.019271 0.087963
0 0.447396 0.213426 0.019792 0.145370
0 0.490625 0.237500 0.038542 0.115741
0 0.490885 0.275463 0.033854 0.189815
0 0.461719 0.268056 0.038021 0.206481
0 0.422917 0.270833 0.036458 0.221296
0 0.402083 0.175000 0.023958 0.138889
0 0.372917 0.215278 0.027083 0.184259
0 0.363021 0.197685 0.020833 0.126852
0 0.394271 0.257870 0.034375 0.171296
0 0.355208 0.259722 0.047917 0.150926
0 0.351042 0.267130 0.032292 0.119444
0 0.351042 0.290278 0.048958 0.137963
0 0.288281 0.393519 0.063021 0.324074
0 0.280208 0.528704 0.128125 0.309259
0 0.241146 0.640741 0.141667 0.370370
0 0.236198 0.756944 0.196354 0.436111
0 0.663802 0.849537 0.163021 0.299074
