0 0.489323 0.606481 0.068229 0.351852
0 0.422917 0.611574 0.058333 0.332407
0 0.389844 0.477778 0.036979 0.303704
0 0.559375 0.468519 0.040625 0.250000
0 0.505990 0.409259 0.066146 0.251852
0 0.478385 0.384722 0.048438 0.217593
0 0.440104 0.364815 0.041667 0.274074
0 0.464323 0.298148 0.032813 0.164815
0 0.494271 0.297222 0.026042 0.127778
0 0.519531 0.280556 0.028646 0.133333
0 0.540885 0.299074 0.023438 0.124074
0 0.492188 0.250000 0.026042 0.107407
0 0.522656 0.218056 0.018229 0.095370
0 0.473698 0.226852 0.020313 0.109259
0 0.490885 0.141667 0.016146 0.062963
0 0.411458 0.156019 0.020833 0.093519
0 0.425521 0.200463 0.015625 0.089815
0 0.409896 0.171296 0.016667 0.075926
0 0.399740 0.171296 0.016146 0.075926
0 0.408073 0.210185 0.027604 0.111111
0 0.141146 0.714815 0.071875 0.401852
0 0.255729 0.246759 0.023958 0.128704
0 0.145833 0.153241 0.022917 0.093519
0 0.121354 0.151389 0.021875 0.089815
0 0.103906 0.793519 0.106771 0.398148
0 0.309375 0.880556 0.058333 0.235185
0 0.262760 0.838426 0.078646 0.321296
