0 0.433594 0.086574 0.021354 0.071296
0 0.380729 0.081481 0.023958 0.105556
0 0.350521 0.074537 0.020833 0.097222
0 0.360156 0.126389 0.026562 0.117593
0 0.326042 0.136111 0.029167 0.055556
0 0.337240 0.067593 0.018229 0.087037
0 0.330990 0.199074 0.036979 0.137037
0 0.300000 0.185185 0.030208 0.120370
0 0.228125 0.185185 0.031250 0.177778
0 0.214323 0.168519 0.033854 0.159259
0 0.376563 0.281019 0.044792 0.280556
0 0.327604 0.277315 0.059375 0.175000
0 0.320052 0.288426 0.061979 0.173148
0 0.287760 0.244444 0.067187 0.170370
0 0.216146 0.250000 0.033333 0.127778
0 0.184115 0.191667 0.039062 0.166667
0 0.193750 0.256481 0.048958 0.125926
0 0.469010 0.170370 0.031771 0.142593
0 0.454948 0.178704 0.025521 0.164815
0 0.456250 0.360185 0.051042 0.294444
0 0.063021 0.279167 0.051042 0.249074
0 0.519531 0.082407 0.009896 0.055556
0 0.530990 0.059722 0.019271 0.084259
0 0.535937 0.081944 0.022917 0.117593
0 0.545573 0.046759 0.019271 0.093519
0 0.558854 0.046759 0.016667 0.093519
0 0.569792 0.053704 0.018750 0.094444
0 0.501563 0.130093 0.019792 0.132407
0 0.511458 0.168981 0.028125 0.162037
0 0.586979 0.098611 0.021875 0.097222
0 0.583854 0.126389 0.016667 0.097222
0 0.590365 0.175000 0.019271 0.135185
0 0.554427 0.175463 0.025521 0.162037
0 0.551042 0.183333 0.029167 0.161111
0 0.549479 0.231019 0.034375 0.210185
0 0.573698 0.220370 0.033854 0.194444
0 0.583073 0.238889 0.041146 0.233333
0 0.604948 0.223148 0.033854 0.168519
0 0.604688 0.355556 0.060417 0.300000
0 0.601823 0.306481 0.058854 0.183333
0 0.605990 0.393981 0.075521 0.308333
0 0.334896 0.425926 0.070833 0.255556
0 0.320833 0.449074 0.070833 0.244444
0 0.273177 0.389815 0.052604 0.227778
0 0.197917 0.451389 0.068750 0.237963
0 0.193750 0.487500 0.088542 0.219444
0 0.126302 0.448611 0.061979 0.293519
0 0.066667 0.463426 0.061458 0.217593
0 0.088802 0.465741 0.039062 0.118519
0 0.623698 0.700463 0.105729 0.421296
0 0.403385 0.708333 0.122396 0.548148
0 0.294531 0.709722 0.107813 0.486111
0 0.174740 0.586111 0.069271 0.231481
0 0.110417 0.570370 0.051042 0.233333
0 0.043229 0.562037 0.060417 0.244444
0 0.060417 0.716667 0.090625 0.316667
0 0.146354 0.760185 0.102083 0.370370
0 0.423958 0.337500 0.054167 0.287963
0 0.112500 0.859722 0.100000 0.276852
0 0.610417 0.824074 0.083333 0.350000
0 0.662240 0.864815 0.107813 0.268519
