0 0.445833 0.303704 0.046875 0.162963
0 0.387760 0.114815 0.024479 0.077778
0 0.491927 0.187037 0.034896 0.159259
0 0.500260 0.273611 0.031771 0.137963
0 0.457031 0.211574 0.028646 0.112037
0 0.461198 0.177778 0.032813 0.181481
0 0.429948 0.195370 0.025521 0.155556
0 0.412500 0.235648 0.018750 0.126852
0 0.381510 0.229167 0.025521 0.113889
0 0.347396 0.240278 0.046875 0.125000
0 0.261979 0.570370 0.095833 0.312963
0 0.307292 0.480093 0.092708 0.284259
0 0.404687 0.497222 0.058333 0.242593
0 0.453385 0.441667 0.066146 0.329630
0 0.547917 0.538426 0.142708 0.273148
0 0.193490 0.794444 0.153646 0.327778
0 0.673698 0.885185 0.199479 0.220370
0 0.294271 0.920370 0.058333 0.157407
0 0.411458 0.780093 0.166667 0.425000
0 0.428125 0.113426 0.027083 0.056481
0 0.427604 0.080093 0.014583 0.041667
