0 0.428906 0.787500 0.095312 0.410185
0 0.679427 0.718981 0.070312 0.365741
0 0.423177 0.156019 0.011979 0.067593
0 0.407031 0.157870 0.013021 0.075000
0 0.411198 0.170833 0.011979 0.080556
0 0.392708 0.190741 0.012500 0.101852
0 0.543750 0.213889 0.012500 0.075926
0 0.536979 0.269907 0.018750 0.130556
0 0.513802 0.278241 0.025521 0.100926
0 0.521615 0.298148 0.030729 0.148148
0 0.548438 0.311111 0.029167 0.162963
0 0.489063 0.283333 0.028125 0.153704
0 0.493750 0.307407 0.029167 0.142593
0 0.495052 0.331481 0.030729 0.144444
0 0.509635 0.343056 0.034896 0.162037
0 0.522396 0.403241 0.043750 0.206481
0 0.553646 0.376389 0.029167 0.154630
0 0.458594 0.291204 0.026562 0.154630
0 0.446354 0.301852 0.029167 0.166667
0 0.427604 0.334259 0.036458 0.170370
0 0.447656 0.344907 0.033854 0.180556
0 0.446094 0.442130 0.040104 0.236111
0 0.459115 0.513889 0.060937 0.314815
0 0.488021 0.443981 0.030208 0.145370
0 0.517969 0.487500 0.057813 0.282407
0 0.555990 0.553241 0.081771 0.262037
0 0.407031 0.609722 0.060937 0.363889
0 0.482031 0.593519 0.056771 0.303704
0 0.471875 0.765278 0.075000 0.397222
0 0.499479 0.703704 0.053125 0.340741
0 0.542448 0.676852 0.054688 0.285185
0 0.560937 0.771759 0.096875 0.423148
0 0.344271 0.849537 0.089583 0.299074
