0 0.486458 0.284259 0.037500 0.214815
0 0.602604 0.722222 0.123958 0.311111
0 0.571615 0.634259 0.135937 0.274074
0 0.446875 0.289815 0.041667 0.198148
0 0.411458 0.074074 0.012500 0.037037
0 0.434635 0.079630 0.013021 0.061111
0 0.371875 0.133333 0.026042 0.055556
0 0.408073 0.080556 0.014063 0.038889
0 0.450781 0.077315 0.008854 0.054630
0 0.356510 0.253241 0.048438 0.136111
0 0.590104 0.477778 0.052083 0.333333
0 0.438281 0.156481 0.021354 0.114815
0 0.380990 0.247222 0.045312 0.220370
0 0.528385 0.443056 0.052604 0.317593
0 0.398698 0.095370 0.010937 0.035185
0 0.479427 0.402778 0.054688 0.290741
0 0.436979 0.094907 0.015625 0.063889
0 0.469271 0.155556 0.022917 0.116667
0 0.348177 0.181481 0.020313 0.124074
0 0.500260 0.353241 0.047396 0.262037
0 0.423438 0.075463 0.010417 0.047222
0 0.335938 0.607870 0.100000 0.519444
0 0.393490 0.146759 0.015104 0.104630
0 0.144271 0.838426 0.134375 0.321296
0 0.640885 0.852315 0.071354 0.287963
