0 0.538281 0.212037 0.018229 0.096296
0 0.563021 0.782407 0.059375 0.388889
0 0.479948 0.157870 0.015104 0.071296
0 0.438021 0.309259 0.034375 0.174074
0 0.442188 0.373148 0.032292 0.196296
0 0.413281 0.429167 0.041146 0.202778
0 0.138021 0.142130 0.012500 0.080556
0 0.137240 0.214352 0.020313 0.108333
0 0.486719 0.158796 0.008854 0.062037
0 0.415885 0.200463 0.014063 0.091667
0 0.427083 0.155093 0.010417 0.065741
0 0.499479 0.199074 0.016667 0.083333
0 0.508333 0.220370 0.018750 0.087037
0 0.397656 0.158796 0.011979 0.069444
0 0.495573 0.286111 0.024479 0.129630
0 0.530469 0.291204 0.025521 0.162037
0 0.499219 0.327778 0.033854 0.179630
0 0.472917 0.323148 0.025000 0.138889
0 0.487240 0.127315 0.009896 0.049074
0 0.457292 0.400000 0.036458 0.218519
0 0.495052 0.411574 0.043229 0.202778
0 0.538021 0.444444 0.048958 0.222222
0 0.491406 0.159259 0.011979 0.066667
0 0.403646 0.456019 0.047917 0.226852
0 0.477344 0.519444 0.047396 0.296296
0 0.531510 0.563426 0.058854 0.295370
0 0.154688 0.155556 0.011458 0.085185
0 0.144271 0.155556 0.012500 0.087037
0 0.288542 0.245833 0.023958 0.141667
0 0.186719 0.224537 0.025521 0.113889
0 0.166667 0.229630 0.029167 0.125926
0 0.134635 0.218981 0.024479 0.123148
0 0.477865 0.190741 0.015104 0.085185
0 0.524740 0.165741 0.010937 0.066667
0 0.411458 0.179167 0.014583 0.091667
0 0.350781 0.860648 0.098437 0.273148
0 0.595833 0.800000 0.081250 0.398148
