0 0.443750 0.077315 0.007292 0.034259
0 0.432031 0.074074 0.009896 0.055556
0 0.422396 0.074074 0.011458 0.048148
0 0.412240 0.068981 0.005729 0.043519
0 0.403646 0.071296 0.006250 0.037037
0 0.405469 0.102315 0.013021 0.076852
0 0.389062 0.166667 0.018750 0.118519
0 0.375260 0.159259 0.015104 0.100000
0 0.477344 0.186574 0.024479 0.145370
0 0.454427 0.186111 0.027604 0.133333
0 0.443490 0.125463 0.014063 0.089815
0 0.430990 0.119444 0.015104 0.075926
0 0.411719 0.162500 0.019271 0.115741
0 0.419792 0.181481 0.039583 0.151852
0 0.397656 0.187963 0.014063 0.096296
0 0.360156 0.182870 0.017188 0.134259
0 0.346875 0.182407 0.019792 0.125926
0 0.355469 0.233333 0.048438 0.142593
0 0.285156 0.384259 0.042188 0.274074
0 0.536979 0.420370 0.073958 0.222222
0 0.862500 0.522685 0.048958 0.237963
