0 0.476042 0.185185 0.016667 0.081481
0 0.475260 0.214815 0.014063 0.103704
0 0.401042 0.564352 0.054167 0.269444
0 0.494531 0.350000 0.026562 0.177778
0 0.439323 0.384259 0.025521 0.187037
0 0.500260 0.269444 0.030729 0.138889
0 0.451562 0.569907 0.048958 0.287963
0 0.479427 0.369444 0.033854 0.159259
0 0.378385 0.740278 0.083854 0.360185
0 0.391406 0.459722 0.034896 0.219444
0 0.128646 0.153241 0.027083 0.080556
0 0.127604 0.614815 0.025000 0.085185
0 0.388021 0.163426 0.008333 0.086111
0 0.421354 0.362963 0.025000 0.185185
0 0.502083 0.308796 0.035417 0.139815
0 0.416927 0.183333 0.020313 0.103704
0 0.497396 0.522685 0.059375 0.269444
0 0.523438 0.414352 0.053125 0.186111
0 0.407031 0.147222 0.014063 0.062963
0 0.517708 0.760185 0.086458 0.400000
0 0.575000 0.482407 0.047917 0.227778
0 0.425000 0.166204 0.015625 0.102778
0 0.422135 0.670833 0.073438 0.369444
0 0.517708 0.358796 0.038542 0.149074
