0 0.419010 0.060648 0.010937 0.047222
0 0.401823 0.112500 0.010937 0.043519
0 0.400521 0.085648 0.007292 0.043519
0 0.438542 0.098611 0.015625 0.067593
0 0.460938 0.120833 0.016667 0.087963
0 0.395573 0.125926 0.017188 0.088889
0 0.385156 0.136574 0.019271 0.104630
0 0.385937 0.151852 0.020833 0.114815
0 0.401042 0.158796 0.032292 0.125000
0 0.366927 0.178704 0.042188 0.090741
0 0.363542 0.188889 0.048958 0.096296
0 0.361719 0.230093 0.058854 0.136111
0 0.362500 0.252315 0.053125 0.136111
0 0.473958 0.195370 0.040625 0.107407
0 0.356250 0.427778 0.056250 0.309259
0 0.569792 0.433333 0.039583 0.251852
0 0.522656 0.458333 0.048438 0.353704
0 0.492969 0.482870 0.059896 0.384259
0 0.469531 0.493056 0.057813 0.387963
0 0.452604 0.519907 0.054167 0.389815
0 0.424219 0.575000 0.060937 0.424074
0 0.552344 0.533796 0.063021 0.360185
0 0.547396 0.605093 0.058333 0.421296
0 0.611719 0.722685 0.146354 0.349074
0 0.443229 0.197685 0.030208 0.169444
0 0.484115 0.725000 0.123438 0.546296
0 0.632812 0.807870 0.126042 0.367593
0 0.688542 0.859722 0.131250 0.276852
