0 0.547656 0.055556 0.010937 0.103704
0 0.555208 0.053241 0.016667 0.080556
0 0.554167 0.079630 0.013542 0.100000
0 0.518750 0.095833 0.022917 0.121296
0 0.537500 0.068519 0.019792 0.098148
0 0.440104 0.051852 0.016667 0.079630
0 0.341667 0.084259 0.025000 0.098148
0 0.409635 0.166667 0.032813 0.105556
0 0.372917 0.164352 0.027083 0.095370
0 0.455729 0.183333 0.030208 0.161111
0 0.426823 0.234722 0.026562 0.141667
0 0.416406 0.237963 0.033854 0.150000
0 0.393490 0.279630 0.047396 0.168519
0 0.561719 0.206019 0.024479 0.178704
0 0.488021 0.238426 0.055208 0.202778
0 0.596875 0.416667 0.065625 0.316667
0 0.549479 0.331944 0.036458 0.263889
0 0.490625 0.343056 0.056250 0.267593
0 0.446094 0.312037 0.051562 0.216667
0 0.226562 0.183333 0.029167 0.168519
0 0.258594 0.229630 0.038021 0.133333
0 0.348698 0.301389 0.046354 0.297222
0 0.313281 0.289352 0.044271 0.178704
0 0.217708 0.253704 0.035417 0.109259
0 0.241406 0.291667 0.046354 0.183333
0 0.196094 0.273148 0.035937 0.150000
0 0.078125 0.291667 0.044792 0.253704
0 0.154688 0.780093 0.096875 0.363889
0 0.313802 0.454630 0.072396 0.240741
0 0.272917 0.513889 0.094792 0.261111
0 0.259635 0.583333 0.072396 0.181481
0 0.177083 0.588426 0.073958 0.226852
0 0.201563 0.473611 0.062500 0.186111
0 0.199219 0.436111 0.069271 0.224074
0 0.067448 0.430093 0.045312 0.167593
0 0.100781 0.378704 0.041146 0.190741
0 0.092708 0.503704 0.047917 0.222222
0 0.094531 0.587500 0.024479 0.263889
0 0.064062 0.599074 0.059375 0.405556
0 0.418750 0.537963 0.089583 0.392593
0 0.128385 0.848611 0.110937 0.300926
0 0.242448 0.839352 0.110937 0.319444
0 0.688021 0.897222 0.084375 0.203704
0 0.666406 0.824537 0.111979 0.332407
0 0.637500 0.743981 0.094792 0.493519
0 0.378646 0.772685 0.087500 0.452778
