0 0.538021 0.651852 0.128125 0.285185
0 0.529948 0.533333 0.067187 0.327778
0 0.488021 0.445370 0.059375 0.309259
0 0.480469 0.502315 0.069271 0.365741
0 0.436458 0.411574 0.037500 0.317593
0 0.407292 0.421296 0.041667 0.335185
0 0.415104 0.459259 0.064583 0.370370
0 0.270833 0.425000 0.048958 0.388889
0 0.315104 0.495370 0.061458 0.388889
0 0.635417 0.702315 0.092708 0.502778
0 0.520833 0.739352 0.091667 0.519444
0 0.409115 0.130093 0.017188 0.112037
0 0.473177 0.197685 0.043229 0.102778
0 0.430469 0.137037 0.024479 0.107407
0 0.446354 0.143519 0.017708 0.114815
0 0.446615 0.160185 0.027604 0.125926
0 0.675260 0.844444 0.122396 0.309259
0 0.398438 0.159259 0.023958 0.124074
0 0.375521 0.180556 0.029167 0.090741
0 0.358333 0.251852 0.045833 0.233333
0 0.565104 0.673611 0.090625 0.358333
0 0.427083 0.113889 0.016667 0.100000
