0 0.622917 0.712500 0.078125 0.378704
0 0.156510 0.535648 0.015104 0.091667
0 0.456771 0.648611 0.066667 0.358333
0 0.456771 0.482407 0.046875 0.240741
0 0.425521 0.165741 0.012500 0.072222
0 0.182812 0.506944 0.017708 0.075000
0 0.542969 0.231944 0.017188 0.100926
0 0.455990 0.325000 0.033854 0.179630
0 0.508854 0.256944 0.013542 0.032407
0 0.539323 0.303704 0.036979 0.155556
0 0.533854 0.245833 0.020833 0.125000
0 0.489583 0.159259 0.010417 0.061111
0 0.233854 0.537037 0.014583 0.083333
0 0.170052 0.506944 0.011979 0.065741
0 0.473438 0.269907 0.016667 0.104630
0 0.133333 0.539815 0.017708 0.101852
0 0.405208 0.219444 0.023958 0.116667
0 0.501563 0.224074 0.015625 0.096296
0 0.423698 0.189815 0.011979 0.057407
0 0.399479 0.152778 0.010417 0.064815
0 0.408073 0.156944 0.010937 0.054630
0 0.477865 0.179630 0.013021 0.079630
0 0.413021 0.134722 0.009375 0.045370
0 0.280208 0.237500 0.019792 0.134259
0 0.495312 0.136111 0.007292 0.044444
0 0.116146 0.234259 0.022917 0.124074
0 0.501563 0.494907 0.046875 0.295370
0 0.688802 0.695370 0.074479 0.318519
0 0.493490 0.326389 0.033854 0.150926
0 0.037760 0.804630 0.072396 0.387037
0 0.101823 0.809722 0.101562 0.384259
0 0.646875 0.859259 0.070833 0.277778
