0 0.627604 0.818056 0.168750 0.360185
0 0.592187 0.705093 0.211458 0.358333
0 0.197396 0.745370 0.182292 0.459259
0 0.596354 0.597685 0.093750 0.482407
0 0.241406 0.649074 0.143229 0.379630
0 0.254948 0.583333 0.044271 0.212963
0 0.278125 0.505093 0.097917 0.284259
0 0.240365 0.489815 0.057813 0.357407
0 0.304948 0.482407 0.069271 0.311111
0 0.374740 0.588426 0.098437 0.469444
0 0.353906 0.361111 0.047396 0.311111
0 0.377865 0.388426 0.054688 0.239815
0 0.464583 0.504630 0.088542 0.461111
0 0.496094 0.472685 0.068229 0.371296
0 0.520312 0.462963 0.070833 0.342593
0 0.435677 0.465278 0.051562 0.339815
0 0.528125 0.314352 0.054167 0.219444
0 0.456771 0.250463 0.050000 0.171296
0 0.504167 0.226852 0.038542 0.172222
0 0.491146 0.222222 0.035417 0.159259
0 0.473958 0.192130 0.021875 0.149074
0 0.360677 0.269907 0.078646 0.158333
0 0.360938 0.262037 0.080208 0.111111
0 0.370573 0.208796 0.031771 0.143519
0 0.395313 0.205556 0.023958 0.146296
0 0.352865 0.177315 0.030729 0.104630
0 0.347135 0.181019 0.026562 0.099074
0 0.380990 0.188889 0.014063 0.142593
0 0.398698 0.186574 0.025521 0.163889
0 0.403646 0.069444 0.016667 0.038889
0 0.423438 0.085185 0.010417 0.062963
0 0.422396 0.056481 0.011458 0.042593
0 0.432031 0.061574 0.010937 0.047222
0 0.439583 0.091204 0.013542 0.073148
0 0.446615 0.081481 0.008854 0.068519
0 0.454167 0.121296 0.014583 0.092593
0 0.438281 0.114815 0.009896 0.085185
0 0.644271 0.852315 0.140625 0.287963
