0 0.144010 0.636574 0.070312 0.343519
0 0.149219 0.211111 0.018229 0.112963
0 0.123698 0.192593 0.017188 0.103704
0 0.116146 0.231944 0.025000 0.139815
0 0.134115 0.244907 0.019271 0.123148
0 0.416927 0.135185 0.008854 0.051852
0 0.393490 0.153241 0.015104 0.075000
0 0.399479 0.157870 0.015625 0.073148
0 0.410156 0.144907 0.009896 0.058333
0 0.405729 0.180093 0.013542 0.063889
0 0.414583 0.181019 0.013542 0.089815
0 0.414844 0.268519 0.021354 0.129630
0 0.472656 0.257870 0.022396 0.115741
0 0.504427 0.215278 0.015104 0.078704
0 0.510417 0.277315 0.032292 0.150926
0 0.439844 0.329630 0.033854 0.168519
0 0.465885 0.346759 0.033854 0.186111
0 0.442969 0.450926 0.053646 0.303704
0 0.475000 0.440741 0.041667 0.222222
0 0.504687 0.446296 0.041667 0.227778
0 0.530469 0.317130 0.031771 0.137963
0 0.554948 0.365741 0.036979 0.196296
0 0.553385 0.454167 0.048438 0.225000
0 0.559115 0.508333 0.042188 0.262963
0 0.398958 0.525000 0.064583 0.272222
0 0.494792 0.560185 0.058333 0.288889
0 0.555469 0.551852 0.057813 0.283333
0 0.396354 0.625000 0.050000 0.296296
0 0.477865 0.642593 0.067187 0.325926
0 0.466406 0.741667 0.110937 0.422222
0 0.513281 0.794907 0.054688 0.319444
0 0.255469 0.787963 0.063021 0.420370
0 0.230729 0.555093 0.043750 0.286111
0 0.196875 0.572685 0.057292 0.289815
0 0.245052 0.801852 0.068229 0.388889
0 0.447917 0.792593 0.089583 0.405556
0 0.544010 0.861574 0.119271 0.269444
