0 0.838021 0.623148 0.083333 0.244444
0 0.558854 0.641204 0.100000 0.345370
0 0.526823 0.665741 0.070312 0.303704
0 0.376042 0.655093 0.087500 0.558333
0 0.454948 0.526389 0.080729 0.412037
0 0.437760 0.372685 0.065104 0.195370
0 0.295833 0.468981 0.097917 0.278704
0 0.365625 0.162500 0.027083 0.065741
0 0.381771 0.232870 0.015625 0.104630
0 0.370312 0.240278 0.014583 0.117593
0 0.349479 0.234722 0.029167 0.139815
0 0.482812 0.188426 0.027083 0.160185
0 0.450521 0.203241 0.039583 0.093519
0 0.486719 0.232407 0.029687 0.100000
0 0.430990 0.108796 0.013021 0.076852
0 0.408333 0.160185 0.035417 0.120370
0 0.380729 0.153241 0.021875 0.076852
0 0.388802 0.143056 0.014063 0.075000
0 0.455729 0.118056 0.013542 0.073148
0 0.440104 0.089815 0.008333 0.042593
0 0.431510 0.062500 0.007812 0.034259
0 0.544531 0.533796 0.146354 0.278704
0 0.591927 0.764352 0.204687 0.363889
0 0.681510 0.888426 0.204687 0.219444
0 0.641146 0.893519 0.183333 0.211111
