0 0.130990 0.198611 0.020313 0.108333
0 0.043490 0.772685 0.071354 0.437963
0 0.400260 0.154630 0.011979 0.070370
0 0.149479 0.152778 0.015625 0.081481
0 0.508854 0.239352 0.015625 0.095370
0 0.488802 0.297222 0.027604 0.103704
0 0.530729 0.309259 0.029167 0.155556
0 0.506771 0.408796 0.033333 0.195370
0 0.395052 0.515741 0.050521 0.288889
0 0.494271 0.564352 0.058333 0.306481
0 0.539323 0.622222 0.047396 0.296296
0 0.582812 0.706944 0.080208 0.356481
0 0.422917 0.736574 0.050000 0.239815
0 0.507552 0.295833 0.026562 0.125000
0 0.410938 0.194907 0.017708 0.089815
0 0.547917 0.394444 0.042708 0.218519
0 0.447135 0.378704 0.047396 0.194444
0 0.477865 0.226852 0.014063 0.092593
0 0.428646 0.513889 0.048958 0.257407
0 0.528906 0.598148 0.057813 0.264815
0 0.491146 0.252315 0.023958 0.119444
0 0.633073 0.731019 0.048438 0.339815
0 0.517708 0.762037 0.072917 0.303704
0 0.463021 0.821296 0.053125 0.309259
0 0.525000 0.190278 0.016667 0.075000
0 0.308333 0.832870 0.123958 0.339815
0 0.323958 0.848148 0.078125 0.288889
0 0.410156 0.824537 0.083854 0.349074
0 0.552344 0.836574 0.117188 0.326852
