0 0.423438 0.210648 0.017708 0.075000
0 0.417708 0.143056 0.015625 0.060185
0 0.135937 0.177315 0.021875 0.115741
0 0.111198 0.621759 0.031771 0.067593
0 0.540885 0.413889 0.047396 0.240741
0 0.513802 0.187037 0.014063 0.085185
0 0.477604 0.162500 0.016667 0.084259
0 0.538021 0.219444 0.021875 0.085185
0 0.502083 0.218056 0.027083 0.102778
0 0.494531 0.328704 0.029687 0.109259
0 0.120313 0.183796 0.018750 0.082407
0 0.542188 0.468056 0.053125 0.254630
0 0.421615 0.356019 0.031771 0.143519
0 0.509896 0.466204 0.035417 0.273148
0 0.478906 0.247222 0.027604 0.129630
0 0.477344 0.510185 0.053646 0.270370
0 0.419531 0.503704 0.046354 0.270370
0 0.442448 0.372222 0.027604 0.198148
0 0.154688 0.545833 0.019792 0.112037
0 0.459375 0.394444 0.030208 0.212963
0 0.158333 0.605556 0.022917 0.090741
0 0.499740 0.842130 0.077604 0.313889
0 0.691146 0.859259 0.059375 0.279630
0 0.625781 0.850463 0.077604 0.297222
