0 0.433594 0.155556 0.033854 0.051852
0 0.496875 0.220833 0.042708 0.195370
0 0.298698 0.088889 0.024479 0.079630
0 0.386458 0.300000 0.047917 0.175926
0 0.064062 0.249537 0.046875 0.191667
0 0.312760 0.431019 0.075521 0.199074
0 0.105208 0.547222 0.083333 0.222222
0 0.283073 0.170833 0.023438 0.063889
0 0.234375 0.286574 0.050000 0.167593
0 0.516927 0.102315 0.030729 0.125000
0 0.263021 0.193056 0.032292 0.104630
0 0.374219 0.189815 0.042188 0.072222
0 0.366927 0.068056 0.021354 0.086111
0 0.404948 0.108333 0.021354 0.050000
0 0.550260 0.328241 0.035937 0.276852
0 0.082031 0.772222 0.079687 0.318519
0 0.532031 0.214352 0.038021 0.217593
0 0.380990 0.137037 0.026562 0.057407
0 0.618490 0.244907 0.028646 0.117593
0 0.577083 0.375000 0.051042 0.314815
0 0.451562 0.344907 0.056250 0.276852
0 0.331250 0.168981 0.022917 0.089815
0 0.327083 0.280556 0.066667 0.151852
0 0.217448 0.216667 0.039062 0.087037
0 0.594531 0.157407 0.024479 0.100000
0 0.066146 0.387500 0.057292 0.115741
0 0.276562 0.537963 0.086458 0.309259
0 0.250000 0.606019 0.061458 0.213889
0 0.138021 0.444907 0.051042 0.130556
0 0.298698 0.163426 0.026562 0.104630
0 0.049479 0.542130 0.085417 0.191667
0 0.543229 0.098148 0.025000 0.131481
0 0.615885 0.410185 0.032813 0.296296
0 0.045052 0.790278 0.090104 0.267593
0 0.334115 0.761574 0.116146 0.475000
0 0.604167 0.814815 0.060417 0.368519
0 0.689063 0.777315 0.127083 0.354630
0 0.565365 0.820833 0.119271 0.350926
