0 0.710156 0.120370 0.041146 0.205556
0 0.678385 0.128241 0.043229 0.182407
0 0.675260 0.393056 0.078646 0.347222
0 0.640104 0.384722 0.048958 0.341667
0 0.747135 0.393056 0.070312 0.354630
0 0.806771 0.489352 0.085417 0.425000
0 0.741667 0.520833 0.085417 0.408333
0 0.716927 0.649074 0.121354 0.531481
0 0.358854 0.470370 0.021875 0.092593
0 0.352083 0.478241 0.017708 0.086111
0 0.072917 0.128241 0.030208 0.154630
0 0.038021 0.128704 0.021875 0.148148
0 0.047396 0.160185 0.023958 0.087037
0 0.014583 0.172222 0.026042 0.150000
0 0.721615 0.075463 0.031771 0.149074
0 0.762760 0.081019 0.032813 0.162037
