0 0.577604 0.738889 0.177083 0.331481
0 0.568750 0.631019 0.140625 0.282407
0 0.534115 0.505556 0.063021 0.370370
0 0.574219 0.456481 0.050521 0.329630
0 0.488542 0.280093 0.032292 0.193519
0 0.468229 0.203704 0.038542 0.092593
0 0.427083 0.203704 0.034375 0.140741
0 0.364844 0.254630 0.057813 0.138889
0 0.366146 0.232407 0.044792 0.125926
0 0.366146 0.188889 0.052083 0.101852
0 0.384115 0.150463 0.020313 0.115741
0 0.396875 0.150463 0.016667 0.086111
0 0.460417 0.131481 0.021875 0.055556
0 0.416406 0.079167 0.013021 0.043519
0 0.430208 0.075926 0.011458 0.051852
0 0.702083 0.799074 0.170833 0.394444
0 0.450000 0.820833 0.100000 0.350926
