0 0.433594 0.067593 0.010937 0.027778
0 0.420573 0.056944 0.009896 0.036111
0 0.450521 0.081481 0.011458 0.059259
0 0.417448 0.118056 0.019271 0.112037
0 0.358854 0.222222 0.047917 0.081481
0 0.424479 0.199537 0.042708 0.145370
0 0.472396 0.263426 0.046875 0.139815
0 0.431250 0.382407 0.054167 0.237037
0 0.640104 0.631019 0.095833 0.343519
0 0.579167 0.494444 0.055208 0.168519
0 0.425781 0.641667 0.075521 0.479630
0 0.342448 0.481019 0.079687 0.426852
0 0.272135 0.426852 0.063021 0.390741
0 0.477604 0.184259 0.051042 0.081481
0 0.387500 0.260648 0.056250 0.213889
0 0.370312 0.159722 0.030208 0.062037
0 0.432292 0.255556 0.045833 0.105556
0 0.497396 0.334259 0.045833 0.157407
0 0.439063 0.070833 0.009375 0.032407
0 0.457552 0.364815 0.040104 0.150000
0 0.485938 0.514815 0.052083 0.385185
0 0.458333 0.079167 0.006250 0.056481
0 0.544531 0.675463 0.146354 0.352778
0 0.431250 0.114815 0.014583 0.083333
0 0.534635 0.544444 0.106771 0.372222
0 0.381510 0.495370 0.040104 0.327778
0 0.399219 0.148611 0.017188 0.106481
0 0.623698 0.866204 0.151562 0.265741
