0 0.461979 0.368519 0.028125 0.177778
0 0.548438 0.216667 0.016667 0.103704
0 0.428906 0.143519 0.010937 0.042593
0 0.412500 0.214815 0.012500 0.083333
0 0.393750 0.173148 0.012500 0.090741
0 0.500521 0.125463 0.013542 0.036111
0 0.496354 0.156481 0.012500 0.050000
0 0.527344 0.187500 0.017188 0.052778
0 0.479687 0.187963 0.018750 0.090741
0 0.511979 0.269907 0.032292 0.084259
0 0.501823 0.403704 0.052604 0.244444
0 0.531510 0.468056 0.047396 0.236111
0 0.242969 0.501389 0.075521 0.191667
0 0.108594 0.660648 0.073438 0.356481
0 0.471354 0.464352 0.051042 0.280556
0 0.555990 0.747685 0.075521 0.439815
0 0.134115 0.173148 0.021354 0.085185
0 0.484375 0.313426 0.031250 0.126852
0 0.532552 0.270833 0.017188 0.045370
0 0.230990 0.128241 0.017188 0.043519
0 0.482552 0.116204 0.010937 0.037963
0 0.426563 0.365741 0.044792 0.218519
0 0.418750 0.161574 0.018750 0.058333
0 0.152344 0.155556 0.020313 0.092593
0 0.203125 0.515278 0.087500 0.210185
0 0.419792 0.211111 0.021875 0.118519
0 0.159375 0.726852 0.042708 0.300000
0 0.136719 0.143519 0.014063 0.088889
0 0.400521 0.218519 0.022917 0.105556
0 0.511719 0.292593 0.025521 0.131481
0 0.545573 0.343056 0.034896 0.145370
0 0.529167 0.156481 0.013542 0.050000
0 0.693229 0.841204 0.059375 0.315741
0 0.342708 0.818056 0.104167 0.362037
