0 0.358854 0.297222 0.063542 0.153704
0 0.354167 0.208333 0.034375 0.100000
0 0.358333 0.183796 0.033333 0.093519
0 0.372656 0.174537 0.041146 0.104630
0 0.375781 0.131019 0.010937 0.084259
0 0.410677 0.100463 0.015104 0.071296
0 0.408333 0.157870 0.018750 0.113889
0 0.420833 0.194444 0.025000 0.144444
0 0.429167 0.142130 0.016667 0.097222
0 0.449219 0.202315 0.016146 0.121296
0 0.448177 0.124537 0.019271 0.091667
0 0.466406 0.152315 0.023438 0.123148
0 0.428125 0.074537 0.010417 0.047222
0 0.447917 0.065278 0.009375 0.045370
0 0.462760 0.369907 0.026562 0.302778
0 0.504167 0.418519 0.073958 0.357407
0 0.591927 0.480556 0.052604 0.351852
0 0.431250 0.362037 0.053125 0.311111
0 0.313542 0.472222 0.128125 0.272222
0 0.285156 0.547685 0.131771 0.317593
0 0.262500 0.575926 0.087500 0.309259
0 0.609115 0.735185 0.200521 0.298148
0 0.946354 0.576852 0.054167 0.242593
0 0.591667 0.824074 0.098958 0.350000
0 0.544531 0.789815 0.073438 0.418519
0 0.416146 0.792593 0.129167 0.412963
