0 0.288281 0.378704 0.050521 0.255556
0 0.609115 0.796296 0.173437 0.361111
0 0.581771 0.695833 0.172917 0.347222
0 0.628646 0.580556 0.067708 0.433333
0 0.547135 0.567130 0.107813 0.265741
0 0.551302 0.598611 0.118229 0.282407
0 0.200781 0.685185 0.082812 0.562963
0 0.248177 0.648611 0.123438 0.373148
0 0.275000 0.545370 0.118750 0.287037
0 0.296875 0.500000 0.129167 0.296296
0 0.296354 0.453241 0.076042 0.232407
0 0.442448 0.524537 0.064062 0.336111
0 0.396354 0.545833 0.080208 0.399074
0 0.339844 0.368056 0.048438 0.306481
0 0.375781 0.434259 0.054688 0.340741
0 0.410156 0.353704 0.054688 0.314815
0 0.468750 0.396759 0.055208 0.341667
0 0.519792 0.403241 0.087500 0.336111
0 0.368490 0.206944 0.041146 0.106481
0 0.367188 0.169907 0.036458 0.089815
0 0.469792 0.201852 0.033333 0.142593
0 0.446615 0.186574 0.028646 0.141667
0 0.441927 0.153241 0.020313 0.119444
0 0.374219 0.156944 0.027604 0.091667
0 0.417969 0.157870 0.020313 0.115741
0 0.398177 0.156944 0.022396 0.115741
0 0.388021 0.145370 0.016667 0.105556
0 0.447917 0.101389 0.015625 0.071296
0 0.426302 0.093056 0.010937 0.052778
0 0.436458 0.081481 0.012500 0.057407
0 0.198177 0.818981 0.163021 0.354630
0 0.629687 0.844907 0.137500 0.308333
