0 0.427604 0.156481 0.008333 0.042593
0 0.413802 0.149537 0.014063 0.058333
0 0.415104 0.175000 0.015625 0.061111
0 0.403906 0.179630 0.013021 0.090741
0 0.411979 0.227315 0.017708 0.082407
0 0.422396 0.218056 0.014583 0.112037
0 0.392188 0.234722 0.018750 0.082407
0 0.474479 0.135648 0.006250 0.039815
0 0.478646 0.117130 0.007292 0.036111
0 0.488542 0.145833 0.011458 0.062037
0 0.492448 0.146759 0.007812 0.062037
0 0.484115 0.143519 0.008854 0.064815
0 0.518229 0.204167 0.015625 0.095370
0 0.490625 0.192130 0.014583 0.097222
0 0.475000 0.225463 0.022917 0.126852
0 0.495052 0.229630 0.021354 0.118519
0 0.511458 0.236111 0.029167 0.122222
0 0.446094 0.366204 0.033854 0.195370
0 0.423958 0.376389 0.036458 0.197222
0 0.440625 0.601852 0.073958 0.357407
0 0.486198 0.668981 0.070312 0.350926
0 0.547917 0.721759 0.086458 0.356481
0 0.220833 0.592130 0.052083 0.295370
0 0.111458 0.574074 0.017708 0.107407
0 0.244271 0.230093 0.027083 0.119444
0 0.223698 0.257870 0.014063 0.058333
0 0.146354 0.203241 0.023958 0.112037
0 0.128125 0.167593 0.016667 0.090741
