0 0.506771 0.120370 0.009375 0.050000
0 0.695573 0.731481 0.072396 0.379630
0 0.636979 0.701389 0.054167 0.341667
0 0.235156 0.248148 0.024479 0.133333
0 0.212500 0.217593 0.026042 0.125926
0 0.170313 0.220370 0.029167 0.109259
0 0.133854 0.219444 0.016667 0.111111
0 0.124740 0.218056 0.019271 0.115741
0 0.389323 0.191667 0.011979 0.088889
0 0.402083 0.176852 0.008333 0.072222
0 0.413021 0.172685 0.014583 0.080556
0 0.518750 0.163426 0.017708 0.062037
0 0.482552 0.200463 0.016146 0.093519
0 0.501042 0.202778 0.018750 0.105556
0 0.472917 0.251852 0.021875 0.137037
0 0.553646 0.293981 0.026042 0.150926
0 0.532031 0.289815 0.022396 0.140741
0 0.517708 0.282870 0.029167 0.150926
0 0.498437 0.288426 0.020833 0.141667
0 0.484115 0.284722 0.027604 0.147222
0 0.465885 0.356019 0.043229 0.208333
0 0.376823 0.518981 0.031771 0.269444
0 0.475000 0.625000 0.057292 0.322222
0 0.532813 0.473611 0.053125 0.258333
0 0.410677 0.646759 0.073438 0.406481
0 0.525260 0.713889 0.073438 0.392593
0 0.430469 0.716667 0.080729 0.379630
0 0.501563 0.794907 0.090625 0.406481
0 0.318490 0.800926 0.066146 0.385185
0 0.130729 0.628704 0.019792 0.105556
0 0.559115 0.827778 0.079687 0.342593
0 0.434375 0.834259 0.090625 0.320370
0 0.337760 0.865278 0.080729 0.262037
0 0.257812 0.806019 0.087500 0.386111
0 0.616406 0.814352 0.080729 0.367593
