0 0.505208 0.623148 0.101042 0.501852
0 0.503646 0.442130 0.040625 0.245370
0 0.295833 0.361111 0.054167 0.255556
0 0.463542 0.193981 0.041667 0.091667
0 0.458594 0.226852 0.043229 0.174074
0 0.455990 0.148611 0.018229 0.084259
0 0.445052 0.074537 0.013021 0.056481
0 0.427344 0.075463 0.009896 0.050926
0 0.426563 0.066204 0.008333 0.052778
0 0.421615 0.068056 0.007812 0.047222
0 0.417969 0.081019 0.009896 0.058333
0 0.414062 0.067593 0.008333 0.040741
0 0.390365 0.181481 0.023438 0.148148
0 0.370573 0.204630 0.027604 0.168519
0 0.352344 0.204630 0.031771 0.150000
0 0.873437 0.521759 0.068750 0.219444
