0 0.402344 0.154630 0.008854 0.070370
0 0.411719 0.147685 0.010937 0.067593
0 0.480990 0.154167 0.008854 0.050926
0 0.478906 0.177778 0.014063 0.064815
0 0.418229 0.228704 0.015625 0.109259
0 0.498437 0.251852 0.018750 0.096296
0 0.557031 0.357407 0.028646 0.168519
0 0.512500 0.286111 0.023958 0.116667
0 0.485156 0.323611 0.019271 0.112037
0 0.465885 0.346759 0.038021 0.165741
0 0.429427 0.377778 0.040104 0.142593
0 0.459896 0.390278 0.041667 0.182407
0 0.494010 0.345370 0.033854 0.181481
0 0.528906 0.368056 0.045312 0.195370
0 0.445052 0.535648 0.068229 0.267593
0 0.410938 0.735185 0.077083 0.375926
0 0.463281 0.689815 0.085938 0.370370
0 0.508073 0.639815 0.050521 0.314815
0 0.585938 0.823611 0.044792 0.273148
0 0.122396 0.236574 0.028125 0.128704
0 0.144531 0.232407 0.025521 0.148148
0 0.237500 0.609259 0.051042 0.224074
0 0.178646 0.562500 0.078125 0.284259
0 0.186979 0.620833 0.069792 0.337963
0 0.128906 0.660648 0.074479 0.291667
0 0.450000 0.863889 0.086458 0.270370
0 0.550000 0.844907 0.100000 0.308333
0 0.629948 0.806019 0.113021 0.386111
