0 0.020833 0.170370 0.034375 0.175926
0 0.069271 0.538426 0.038542 0.137963
0 0.100000 0.548611 0.026042 0.125000
0 0.445833 0.393056 0.063542 0.343519
0 0.391667 0.437037 0.069792 0.361111
0 0.743490 0.071296 0.025521 0.116667
0 0.789323 0.269907 0.048438 0.286111
0 0.766146 0.294444 0.054167 0.285185
0 0.719271 0.300000 0.047917 0.301852
0 0.651563 0.315741 0.070833 0.338889
0 0.697135 0.363426 0.059896 0.330556
0 0.815625 0.559259 0.087500 0.468519
0 0.751823 0.697222 0.123438 0.538889
0 0.342969 0.060185 0.033854 0.109259
0 0.394531 0.052778 0.027604 0.101852
0 0.413802 0.054630 0.029687 0.101852
0 0.491406 0.058333 0.027604 0.109259
0 0.715365 0.068056 0.028646 0.132407
0 0.485156 0.814815 0.159896 0.368519
