0 0.401823 0.402778 0.075521 0.303704
0 0.339062 0.352315 0.011458 0.056481
0 0.065104 0.117130 0.028125 0.145370
0 0.053385 0.137037 0.030729 0.133333
0 0.739583 0.085185 0.027083 0.164815
0 0.778385 0.279167 0.042188 0.247222
0 0.738021 0.378704 0.053125 0.320370
0 0.667448 0.349537 0.077604 0.330556
0 0.651302 0.554630 0.065104 0.388889
0 0.708854 0.500463 0.088542 0.460185
0 0.806510 0.466667 0.053646 0.398148
0 0.861979 0.477778 0.054167 0.372222
0 0.932552 0.468981 0.065104 0.358333
0 0.913802 0.714815 0.081771 0.470370
0 0.715625 0.721296 0.094792 0.531481
0 0.621094 0.667593 0.081771 0.455556
0 0.772135 0.090741 0.030729 0.170370
0 0.704427 0.037963 0.027604 0.075926
0 0.527865 0.770833 0.117188 0.456481
