0 0.407813 0.181944 0.043750 0.276852
0 0.775260 0.587963 0.107813 0.603704
0 0.360677 0.454167 0.105729 0.484259
0 0.254688 0.145370 0.054167 0.224074
0 0.310677 0.292593 0.065104 0.388889
0 0.363281 0.292593 0.066146 0.385185
0 0.655208 0.531481 0.091667 0.548148
0 0.470573 0.295370 0.079687 0.401852
0 0.336719 0.127315 0.038021 0.182407
0 0.370833 0.142130 0.035417 0.173148
0 0.075000 0.112963 0.047917 0.225926
0 0.288281 0.829630 0.203646 0.338889
0 0.391667 0.687037 0.132292 0.618519
0 0.621875 0.656019 0.131250 0.686111
0 0.699479 0.763426 0.217708 0.471296
