0 0.109635 0.162963 0.013021 0.087037
0 0.144271 0.162500 0.013542 0.084259
0 0.388802 0.268981 0.017188 0.134259
0 0.513281 0.161111 0.014063 0.074074
0 0.514583 0.259259 0.016667 0.135185
0 0.482031 0.243519 0.015104 0.124074
0 0.496094 0.259259 0.025521 0.140741
0 0.518229 0.289815 0.027083 0.144444
0 0.476302 0.305556 0.016146 0.103704
0 0.432812 0.286111 0.025000 0.159259
0 0.405208 0.547222 0.063542 0.309259
0 0.471094 0.592130 0.047396 0.337963
0 0.504427 0.645833 0.066146 0.397222
0 0.566927 0.741667 0.072396 0.424074
0 0.240885 0.562500 0.068229 0.312037
0 0.172917 0.575463 0.078125 0.267593
0 0.113802 0.753241 0.100521 0.404630
0 0.042708 0.768056 0.061458 0.399074
