0 0.607292 0.763889 0.175000 0.327778
0 0.556250 0.773148 0.085417 0.446296
0 0.545833 0.618519 0.170833 0.314815
0 0.319271 0.472685 0.130208 0.273148
0 0.285156 0.512037 0.108854 0.311111
0 0.275521 0.602778 0.087500 0.312963
0 0.341927 0.211111 0.022396 0.107407
0 0.356510 0.199537 0.031771 0.130556
0 0.383854 0.270370 0.045833 0.233333
0 0.448958 0.332407 0.058333 0.298148
0 0.497917 0.302778 0.042708 0.246296
0 0.461198 0.169907 0.017188 0.099074
0 0.390885 0.125926 0.017188 0.061111
0 0.392188 0.127778 0.009375 0.057407
0 0.410938 0.124537 0.017708 0.097222
0 0.409635 0.081019 0.009896 0.071296
0 0.417708 0.084722 0.010417 0.062037
0 0.427604 0.155093 0.028125 0.115741
0 0.440885 0.139352 0.014063 0.095370
0 0.444531 0.085648 0.009896 0.056481
0 0.432552 0.062500 0.007812 0.041667
0 0.964844 0.587963 0.066146 0.244444
0 0.535937 0.818981 0.101042 0.360185
