0 0.379948 0.341204 0.009896 0.039815
0 0.374740 0.342130 0.010937 0.043519
0 0.345313 0.408333 0.014583 0.088889
0 0.355208 0.406944 0.015625 0.097222
0 0.370312 0.436111 0.017708 0.088889
0 0.223177 0.375926 0.014063 0.090741
0 0.036198 0.517130 0.027604 0.171296
0 0.068490 0.553241 0.026562 0.147222
0 0.064323 0.120833 0.020313 0.134259
0 0.055990 0.142130 0.027604 0.150926
0 0.731250 0.065741 0.033333 0.131481
0 0.767708 0.087963 0.025000 0.118519
0 0.770052 0.138889 0.030729 0.166667
0 0.735156 0.170833 0.038021 0.215741
0 0.689583 0.130093 0.030208 0.152778
0 0.653125 0.200926 0.041667 0.201852
0 0.670573 0.253241 0.065104 0.247222
0 0.721615 0.204167 0.044271 0.213889
0 0.784115 0.205556 0.024479 0.118519
0 0.767969 0.224537 0.041146 0.132407
0 0.663802 0.317130 0.053646 0.263889
0 0.694531 0.326389 0.058854 0.286111
0 0.751302 0.367593 0.053646 0.298148
0 0.722135 0.438426 0.071354 0.319444
0 0.670833 0.468519 0.073958 0.370370
0 0.724479 0.633333 0.102083 0.466667
0 0.878385 0.478704 0.068229 0.361111
0 0.929427 0.457407 0.054688 0.344444
0 0.914062 0.703704 0.084375 0.466667
0 0.566406 0.691204 0.106771 0.499074
0 0.651823 0.765278 0.088021 0.275000
0 0.711458 0.041667 0.018750 0.074074
0 0.369271 0.041667 0.016667 0.064815
0 0.341146 0.040741 0.019792 0.081481
0 0.014844 0.143519 0.028646 0.162963
0 0.008854 0.170833 0.016667 0.113889
0 0.590885 0.827778 0.115104 0.342593
0 0.832292 0.864815 0.102083 0.268519
