0 0.521875 0.084259 0.018750 0.114815
0 0.501563 0.087037 0.018750 0.103704
0 0.276562 0.161111 0.040625 0.164815
0 0.273438 0.234259 0.063542 0.146296
0 0.222656 0.187500 0.024479 0.176852
0 0.187500 0.194907 0.039583 0.195370
0 0.383073 0.300463 0.036979 0.169444
0 0.424479 0.232407 0.032292 0.164815
0 0.242188 0.288889 0.048958 0.172222
0 0.344531 0.449537 0.077604 0.260185
0 0.097917 0.263889 0.041667 0.214815
0 0.538021 0.139815 0.027083 0.142593
0 0.479687 0.228241 0.029167 0.208333
0 0.548958 0.153241 0.035417 0.171296
0 0.617448 0.400463 0.057813 0.284259
0 0.540625 0.493056 0.079167 0.375000
0 0.403125 0.585648 0.066667 0.243519
0 0.213542 0.535185 0.063542 0.296296
0 0.033073 0.559259 0.065104 0.264815
0 0.062240 0.718056 0.052604 0.215741
0 0.438802 0.206944 0.031771 0.132407
0 0.272135 0.425926 0.067187 0.237037
0 0.259896 0.229630 0.027083 0.153704
0 0.400781 0.206944 0.031771 0.145370
0 0.471875 0.204167 0.054167 0.195370
0 0.220833 0.266667 0.040625 0.179630
0 0.511198 0.237037 0.041146 0.229630
0 0.535417 0.351852 0.043750 0.238889
0 0.597917 0.412037 0.066667 0.311111
0 0.461198 0.510185 0.074479 0.392593
0 0.418490 0.249074 0.067187 0.151852
0 0.093750 0.569444 0.066667 0.255556
0 0.275781 0.125463 0.028646 0.145370
0 0.138281 0.749537 0.105729 0.380556
0 0.397917 0.284259 0.036458 0.172222
0 0.104688 0.841204 0.195833 0.295370
0 0.350521 0.317130 0.052083 0.262037
0 0.279687 0.779630 0.126042 0.438889
0 0.533073 0.810648 0.075521 0.376852
0 0.594792 0.837500 0.091667 0.323148
0 0.686198 0.794444 0.105729 0.409259
