0 0.419271 0.039815 0.015625 0.070370
0 0.432552 0.045370 0.016146 0.070370
0 0.511458 0.040278 0.014583 0.065741
0 0.481250 0.034259 0.013542 0.062963
0 0.493490 0.163889 0.021354 0.144444
0 0.517708 0.091204 0.028125 0.095370
0 0.543490 0.047685 0.021354 0.093519
0 0.546875 0.057870 0.015625 0.082407
0 0.566406 0.077315 0.015104 0.106481
0 0.540885 0.135648 0.036979 0.134259
0 0.522917 0.159722 0.019792 0.137963
0 0.508854 0.165741 0.022917 0.144444
0 0.423698 0.098611 0.025521 0.126852
0 0.386458 0.143519 0.029167 0.094444
0 0.302604 0.100000 0.019792 0.114815
0 0.361458 0.169444 0.035417 0.164815
0 0.393490 0.178704 0.025521 0.107407
0 0.389583 0.189352 0.022917 0.097222
0 0.428125 0.197685 0.025000 0.108333
0 0.438281 0.192130 0.023438 0.132407
0 0.479427 0.192593 0.032813 0.183333
0 0.454427 0.212037 0.039062 0.198148
0 0.588542 0.150000 0.028125 0.155556
0 0.581510 0.219444 0.025521 0.172222
0 0.594010 0.218981 0.042188 0.175000
0 0.537760 0.213426 0.042188 0.186111
0 0.538802 0.221296 0.027604 0.192593
0 0.414844 0.242130 0.043229 0.147222
0 0.384115 0.215278 0.035937 0.134259
0 0.333073 0.235648 0.045312 0.132407
0 0.323958 0.173611 0.031250 0.093519
0 0.282292 0.197685 0.025000 0.137963
0 0.221615 0.170833 0.031771 0.167593
0 0.188542 0.181944 0.040625 0.178704
0 0.261719 0.266667 0.047396 0.164815
0 0.325000 0.290741 0.056250 0.179630
0 0.344010 0.279167 0.041146 0.176852
0 0.383854 0.299074 0.047917 0.185185
0 0.210677 0.397685 0.050521 0.210185
0 0.161198 0.392593 0.039062 0.190741
0 0.413021 0.392130 0.069792 0.300926
0 0.460938 0.460185 0.034375 0.188889
0 0.597917 0.251389 0.033333 0.147222
0 0.604948 0.342130 0.076563 0.221296
0 0.609635 0.415741 0.054688 0.168519
0 0.605208 0.397222 0.051042 0.283333
0 0.052604 0.550926 0.097917 0.400000
0 0.134115 0.507870 0.065104 0.284259
0 0.212240 0.522222 0.054688 0.281481
0 0.172656 0.593056 0.068229 0.237963
0 0.306771 0.456019 0.088542 0.336111
0 0.275781 0.562500 0.079687 0.345370
0 0.247135 0.605093 0.065104 0.219444
0 0.393490 0.584259 0.104688 0.444444
0 0.463021 0.682407 0.096875 0.450000
0 0.607292 0.741667 0.085417 0.474074
0 0.674479 0.806944 0.128125 0.384259
0 0.078646 0.777778 0.078125 0.325926
0 0.381510 0.094444 0.021354 0.066667
0 0.461198 0.026852 0.019271 0.050000
0 0.242448 0.868519 0.116146 0.261111
0 0.046875 0.813889 0.093750 0.307407
0 0.319792 0.787963 0.127083 0.422222
0 0.422396 0.835185 0.131250 0.325926
0 0.557031 0.842130 0.119271 0.313889
