0 0.512760 0.282870 0.026562 0.137963
0 0.485938 0.166667 0.014583 0.068519
0 0.529427 0.169907 0.016146 0.073148
0 0.520052 0.472685 0.061979 0.289815
0 0.447396 0.326852 0.041667 0.194444
0 0.496615 0.194444 0.013021 0.070370
0 0.407031 0.506019 0.058854 0.273148
0 0.151302 0.154630 0.013021 0.068519
0 0.556771 0.409722 0.020833 0.162037
0 0.472656 0.222685 0.011979 0.100926
0 0.477865 0.510185 0.041146 0.220370
0 0.548438 0.406481 0.043750 0.205556
0 0.488021 0.282407 0.033333 0.148148
0 0.521875 0.818056 0.056250 0.362037
0 0.472135 0.229167 0.013021 0.117593
0 0.512760 0.282407 0.026562 0.135185
0 0.414062 0.243056 0.022917 0.121296
0 0.401562 0.255093 0.018750 0.102778
0 0.158073 0.132407 0.008854 0.079630
0 0.504687 0.165278 0.019792 0.076852
0 0.570312 0.824537 0.097917 0.349074
