0 0.695833 0.097222 0.022917 0.137037
0 0.680990 0.226852 0.022396 0.079630
0 0.679167 0.149074 0.030208 0.175926
0 0.663802 0.110185 0.034896 0.164815
0 0.703385 0.096759 0.030729 0.176852
0 0.729948 0.103241 0.019271 0.132407
0 0.758594 0.127315 0.033854 0.184259
0 0.783854 0.117593 0.030208 0.196296
0 0.703385 0.485185 0.067187 0.400000
0 0.790625 0.531019 0.078125 0.267593
0 0.772917 0.624074 0.097917 0.461111
0 0.623698 0.613426 0.073438 0.430556
0 0.867188 0.725463 0.086458 0.547222
0 0.957552 0.581481 0.073438 0.368519
0 0.752865 0.738889 0.120313 0.520370
