0 0.070312 0.733796 0.072917 0.223148
0 0.145052 0.758796 0.080729 0.356481
0 0.114844 0.569444 0.066146 0.290741
0 0.152344 0.577778 0.078646 0.279630
0 0.245833 0.580093 0.078125 0.250926
0 0.274740 0.530556 0.082812 0.277778
0 0.079687 0.499074 0.062500 0.233333
0 0.089323 0.481481 0.042188 0.120370
0 0.187500 0.444907 0.058333 0.243519
0 0.096094 0.391204 0.048438 0.180556
0 0.071094 0.398148 0.040104 0.201852
0 0.035156 0.347685 0.050521 0.267593
0 0.267969 0.391667 0.046354 0.196296
0 0.337240 0.420833 0.051562 0.232407
0 0.608073 0.530556 0.063021 0.279630
0 0.562500 0.488889 0.051042 0.359259
0 0.528906 0.420833 0.055729 0.313889
0 0.503385 0.441667 0.063021 0.344444
0 0.447396 0.414352 0.052083 0.325000
0 0.588542 0.300926 0.029167 0.214815
0 0.586719 0.230093 0.044271 0.200926
0 0.521354 0.221759 0.019792 0.187963
0 0.570573 0.210648 0.026562 0.197222
0 0.504687 0.227315 0.034375 0.210185
0 0.541406 0.231944 0.023438 0.176852
0 0.533073 0.272222 0.041146 0.200000
0 0.502083 0.254630 0.026042 0.198148
0 0.478906 0.254167 0.039062 0.208333
0 0.533854 0.065278 0.019792 0.110185
0 0.525260 0.072222 0.017188 0.103704
0 0.511979 0.073611 0.014583 0.095370
0 0.557292 0.089352 0.016667 0.100926
0 0.396875 0.388889 0.071875 0.320370
0 0.391406 0.432870 0.041146 0.130556
0 0.456771 0.286111 0.038542 0.214815
0 0.440885 0.319444 0.045312 0.272222
0 0.199479 0.280556 0.040625 0.172222
0 0.237500 0.281944 0.045833 0.184259
0 0.317188 0.287037 0.050000 0.166667
0 0.379167 0.303241 0.057292 0.163889
0 0.231250 0.190278 0.037500 0.189815
0 0.459635 0.202315 0.035937 0.184259
0 0.351042 0.209259 0.029167 0.198148
0 0.391927 0.128704 0.024479 0.098148
0 0.363281 0.046759 0.016146 0.075000
0 0.631771 0.834722 0.123958 0.328704
0 0.076042 0.831481 0.152083 0.335185
0 0.676562 0.784722 0.140625 0.426852
