0 0.378646 0.102778 0.020833 0.085185
0 0.267969 0.120833 0.021354 0.113889
0 0.285156 0.109722 0.019271 0.119444
0 0.325521 0.165741 0.032292 0.142593
0 0.355208 0.174537 0.027083 0.137963
0 0.374479 0.188426 0.028125 0.134259
0 0.322917 0.190741 0.033333 0.116667
0 0.291667 0.181481 0.034375 0.164815
0 0.222135 0.287963 0.043229 0.185185
0 0.221354 0.183333 0.032292 0.155556
0 0.267708 0.217593 0.041667 0.155556
0 0.280990 0.306481 0.044271 0.253704
0 0.435417 0.196759 0.029167 0.139815
0 0.390365 0.243056 0.036979 0.189815
0 0.458854 0.144444 0.022917 0.151852
0 0.478125 0.137037 0.029167 0.162963
0 0.526302 0.070833 0.022396 0.117593
0 0.552344 0.053241 0.018229 0.087963
0 0.560156 0.041667 0.015104 0.074074
0 0.512760 0.050463 0.018229 0.091667
0 0.451042 0.274537 0.053125 0.212037
0 0.453646 0.330093 0.137500 0.252778
0 0.519792 0.257407 0.038542 0.222222
0 0.588802 0.205556 0.042188 0.214815
0 0.575521 0.346759 0.058333 0.287963
0 0.609896 0.341667 0.043750 0.251852
0 0.623958 0.391204 0.044792 0.334259
0 0.445573 0.454167 0.074479 0.362037
0 0.451042 0.455093 0.059375 0.363889
0 0.486198 0.540278 0.070312 0.408333
0 0.452344 0.602778 0.073438 0.401852
0 0.532813 0.601852 0.088542 0.451852
0 0.588802 0.604630 0.076563 0.453704
0 0.702344 0.749074 0.199479 0.500000
0 0.373698 0.419907 0.067187 0.345370
0 0.302083 0.484259 0.077083 0.329630
0 0.342969 0.548611 0.069271 0.271296
0 0.207813 0.385185 0.053125 0.233333
0 0.178906 0.442593 0.083854 0.224074
0 0.192708 0.532870 0.071875 0.217593
0 0.101823 0.390278 0.043229 0.200926
0 0.055469 0.276852 0.040104 0.227778
0 0.087240 0.556481 0.067187 0.244444
0 0.180208 0.775000 0.098958 0.392593
0 0.572917 0.263889 0.044792 0.233333
0 0.347917 0.791204 0.092708 0.413889
0 0.663281 0.800926 0.150521 0.390741
0 0.587240 0.816204 0.109896 0.363889
