0 0.413021 0.063426 0.005208 0.034259
0 0.612760 0.774074 0.192188 0.383333
0 0.263281 0.583796 0.099479 0.326852
0 0.298698 0.494907 0.124479 0.299074
0 0.495833 0.275000 0.038542 0.216667
0 0.482552 0.250463 0.028646 0.182407
0 0.350521 0.221296 0.041667 0.111111
0 0.356771 0.187963 0.036458 0.101852
0 0.366146 0.170370 0.019792 0.057407
0 0.389844 0.119444 0.016146 0.050000
0 0.420573 0.132870 0.011979 0.047222
0 0.444531 0.104167 0.011979 0.076852
0 0.441667 0.072685 0.010417 0.047222
0 0.429427 0.070833 0.011979 0.043519
0 0.416667 0.073148 0.007292 0.046296
0 0.420312 0.058796 0.007292 0.037963
0 0.359115 0.301852 0.058854 0.142593
0 0.355469 0.215278 0.046354 0.115741
0 0.370833 0.175000 0.045833 0.101852
0 0.211458 0.615741 0.066667 0.529630
0 0.403125 0.156944 0.017708 0.113889
0 0.397135 0.122685 0.016146 0.050926
0 0.290104 0.550000 0.136458 0.303704
0 0.429688 0.109722 0.010417 0.060185
0 0.447917 0.062500 0.008333 0.045370
0 0.295312 0.474074 0.105208 0.277778
0 0.438021 0.065278 0.006250 0.041667
0 0.409375 0.091204 0.010417 0.052778
0 0.463802 0.279167 0.030729 0.125000
0 0.941667 0.572222 0.053125 0.222222
0 0.422396 0.283796 0.036458 0.219444
0 0.389062 0.767130 0.125000 0.463889
0 0.500000 0.732870 0.092708 0.532407
0 0.590885 0.825463 0.105729 0.345370
