0 0.474479 0.229167 0.019792 0.126852
0 0.530469 0.207407 0.020313 0.096296
0 0.514062 0.237963 0.023958 0.075926
0 0.491667 0.262963 0.027083 0.133333
0 0.406250 0.160648 0.014583 0.073148
0 0.418229 0.180093 0.012500 0.100926
0 0.135937 0.169444 0.027083 0.105556
0 0.122656 0.209259 0.026562 0.131481
0 0.511458 0.338426 0.035417 0.175000
0 0.463281 0.313889 0.031771 0.188889
0 0.424479 0.446759 0.052083 0.260185
0 0.679688 0.733333 0.055208 0.331481
0 0.600000 0.708796 0.047917 0.336111
0 0.537500 0.661574 0.061458 0.363889
0 0.385417 0.616667 0.054167 0.379630
0 0.643229 0.816667 0.091667 0.364815
0 0.504427 0.784259 0.115104 0.429630
