0 0.571875 0.625000 0.119792 0.270370
0 0.547135 0.725926 0.088021 0.453704
0 0.484115 0.203704 0.020313 0.085185
0 0.450260 0.163426 0.033854 0.108333
0 0.414844 0.175463 0.022396 0.125000
0 0.376563 0.142130 0.011458 0.041667
0 0.395833 0.209259 0.015625 0.142593
0 0.423698 0.238889 0.031771 0.183333
0 0.347656 0.152778 0.011979 0.046296
0 0.370573 0.194907 0.033854 0.050926
0 0.362760 0.252315 0.052604 0.134259
0 0.518490 0.254630 0.029687 0.161111
0 0.445573 0.311111 0.040104 0.183333
0 0.590365 0.397222 0.030729 0.172222
0 0.565625 0.440741 0.054167 0.244444
0 0.508854 0.452778 0.044792 0.305556
0 0.452083 0.571296 0.095833 0.479630
0 0.634896 0.810648 0.130208 0.376852
0 0.713802 0.864815 0.066146 0.253704
0 0.252344 0.693056 0.157812 0.341667
