0 0.587240 0.737963 0.115104 0.477778
0 0.287240 0.601852 0.119271 0.370370
0 0.285417 0.525926 0.095833 0.255556
0 0.305469 0.475926 0.111979 0.227778
0 0.586979 0.792593 0.100000 0.381481
0 0.564063 0.540741 0.101042 0.224074
0 0.476042 0.630556 0.083333 0.468519
0 0.517188 0.510185 0.060417 0.324074
0 0.536979 0.393056 0.046875 0.256481
0 0.490885 0.330093 0.045312 0.286111
0 0.488281 0.195370 0.030729 0.150000
0 0.465104 0.204167 0.038542 0.141667
0 0.422135 0.262500 0.027604 0.213889
0 0.397656 0.279630 0.042188 0.146296
0 0.370573 0.245833 0.044271 0.150926
0 0.429427 0.183333 0.027604 0.131481
0 0.411719 0.178241 0.023438 0.125000
0 0.458333 0.137963 0.014583 0.077778
0 0.439323 0.132870 0.038021 0.095370
0 0.375781 0.143981 0.018229 0.113889
0 0.381771 0.139352 0.013542 0.108333
0 0.390885 0.136574 0.009896 0.082407
0 0.398438 0.124074 0.009375 0.059259
0 0.406510 0.128704 0.021354 0.096296
0 0.432552 0.072685 0.011979 0.056481
0 0.409115 0.073611 0.011979 0.045370
0 0.404687 0.069444 0.009375 0.051852
0 0.772135 0.536111 0.081771 0.331481
0 0.390885 0.813426 0.156771 0.371296
0 0.420573 0.071296 0.004687 0.051852
0 0.421875 0.069444 0.017708 0.048148
0 0.446354 0.076389 0.013542 0.045370
0 0.833073 0.686111 0.067187 0.251852
0 0.618490 0.871296 0.150521 0.253704
0 0.353385 0.195370 0.026562 0.088889
0 0.338542 0.253241 0.023958 0.087963
0 0.338021 0.280556 0.033333 0.100000
0 0.358854 0.150463 0.013542 0.045370
0 0.348958 0.164815 0.026042 0.085185
0 0.522917 0.274537 0.047917 0.200926
