0 0.461458 0.133333 0.021875 0.057407
0 0.434375 0.120833 0.013542 0.080556
0 0.437760 0.083333 0.007812 0.055556
0 0.409896 0.079167 0.014583 0.037963
0 0.420833 0.078241 0.010417 0.043519
0 0.442448 0.081944 0.010937 0.062037
0 0.447656 0.077778 0.008854 0.044444
0 0.374479 0.156481 0.015625 0.077778
0 0.380729 0.160185 0.035417 0.083333
0 0.396615 0.156481 0.020313 0.127778
0 0.466667 0.203241 0.040625 0.091667
0 0.363802 0.187963 0.043229 0.096296
0 0.361719 0.225926 0.050521 0.124074
0 0.364583 0.254630 0.059375 0.137037
0 0.364583 0.377315 0.057292 0.291667
0 0.530208 0.525000 0.052083 0.379630
0 0.505990 0.594907 0.080729 0.421296
0 0.569010 0.423611 0.036979 0.273148
0 0.553125 0.469907 0.053125 0.341667
0 0.467708 0.442593 0.051042 0.314815
0 0.516406 0.604167 0.077604 0.473148
0 0.569531 0.630093 0.147396 0.275000
0 0.585156 0.732870 0.189062 0.336111
0 0.249219 0.670833 0.150521 0.334259
0 0.684635 0.854167 0.111979 0.287963
0 0.611979 0.814352 0.088542 0.363889
