0 0.400000 0.168981 0.017708 0.076852
0 0.415885 0.167593 0.019271 0.085185
0 0.123698 0.166667 0.020313 0.096296
0 0.159375 0.243056 0.025000 0.137963
0 0.236198 0.254167 0.024479 0.130556
0 0.449219 0.408333 0.056771 0.246296
0 0.393229 0.731019 0.084375 0.428704
0 0.488802 0.237037 0.021354 0.125926
0 0.132292 0.201389 0.020833 0.104630
0 0.540365 0.205093 0.017188 0.095370
0 0.180469 0.246296 0.026562 0.129630
0 0.522396 0.239352 0.021875 0.117593
0 0.499219 0.400926 0.044271 0.253704
0 0.559635 0.551852 0.070312 0.268519
0 0.500260 0.208333 0.021354 0.114815
0 0.553906 0.743056 0.079687 0.428704
0 0.113021 0.149074 0.012500 0.087037
0 0.478385 0.862500 0.119271 0.273148
0 0.460156 0.787500 0.082812 0.423148
0 0.347917 0.813426 0.092708 0.371296
