0 0.605208 0.778241 0.180208 0.358333
0 0.569010 0.704167 0.200521 0.362037
0 0.571094 0.659259 0.161979 0.327778
0 0.544531 0.549537 0.072396 0.428704
0 0.250781 0.757407 0.208854 0.400000
0 0.260677 0.554167 0.125521 0.349074
0 0.290885 0.489352 0.111979 0.280556
0 0.460677 0.480556 0.069271 0.400000
0 0.485938 0.287500 0.042708 0.202778
0 0.470833 0.189352 0.045833 0.093519
0 0.430469 0.248611 0.034896 0.182407
0 0.404167 0.247222 0.056250 0.203704
0 0.369271 0.249537 0.032292 0.173148
0 0.390365 0.229167 0.035937 0.187963
0 0.365625 0.185648 0.040625 0.073148
0 0.361458 0.173611 0.038542 0.084259
0 0.372656 0.150463 0.024479 0.063889
0 0.411979 0.148148 0.027083 0.114815
0 0.470573 0.156019 0.025521 0.128704
0 0.373437 0.126389 0.019792 0.075000
0 0.390104 0.120370 0.017708 0.046296
0 0.465885 0.088426 0.014063 0.050926
0 0.389323 0.103704 0.021354 0.042593
0 0.398438 0.093981 0.016667 0.041667
0 0.460417 0.116204 0.015625 0.102778
0 0.455208 0.119907 0.011458 0.084259
0 0.448177 0.119907 0.014063 0.089815
0 0.435937 0.102315 0.013542 0.069444
0 0.426823 0.109259 0.013021 0.072222
0 0.409115 0.096759 0.014063 0.062037
0 0.435677 0.102778 0.014063 0.068519
0 0.423438 0.083796 0.010417 0.049074
0 0.413281 0.080556 0.013021 0.055556
0 0.441667 0.072222 0.011458 0.050000
0 0.413021 0.066667 0.009375 0.048148
0 0.423698 0.074537 0.009896 0.056481
0 0.437500 0.076389 0.014583 0.062037
