0 0.545052 0.127315 0.022396 0.091667
0 0.529167 0.089815 0.019792 0.107407
0 0.518490 0.108333 0.016146 0.114815
0 0.504427 0.111111 0.022396 0.116667
0 0.601823 0.310648 0.056771 0.232407
0 0.599479 0.226389 0.027083 0.141667
0 0.578906 0.239352 0.033854 0.226852
0 0.600781 0.150463 0.027604 0.132407
0 0.525521 0.265741 0.035417 0.229630
0 0.542188 0.293056 0.041667 0.254630
0 0.554427 0.327315 0.038021 0.267593
0 0.609635 0.542593 0.073438 0.374074
0 0.587240 0.585648 0.039062 0.217593
0 0.531771 0.393056 0.051042 0.289815
0 0.504687 0.460648 0.072917 0.328704
0 0.529167 0.637963 0.045833 0.274074
0 0.436719 0.713889 0.149479 0.568519
0 0.426823 0.858333 0.067187 0.190741
0 0.436979 0.473148 0.055208 0.316667
0 0.394792 0.461111 0.050000 0.325926
0 0.447656 0.347685 0.055729 0.254630
0 0.449740 0.223148 0.043229 0.192593
0 0.358073 0.349537 0.034896 0.262037
0 0.385156 0.297685 0.046354 0.171296
0 0.402604 0.271759 0.030208 0.139815
0 0.417708 0.213889 0.037500 0.118519
0 0.426042 0.174537 0.030208 0.106481
0 0.378906 0.225463 0.022396 0.125000
0 0.308594 0.195370 0.027604 0.107407
0 0.227083 0.173611 0.039583 0.126852
0 0.254167 0.222222 0.039583 0.135185
0 0.253125 0.275000 0.043750 0.225926
0 0.179427 0.279630 0.043229 0.209259
0 0.267969 0.207407 0.025521 0.118519
0 0.295573 0.223148 0.026562 0.125926
0 0.325000 0.193056 0.030208 0.123148
0 0.284375 0.166667 0.014583 0.118519
0 0.370312 0.176389 0.033333 0.113889
0 0.356510 0.159259 0.023438 0.114815
0 0.420573 0.156481 0.035937 0.190741
0 0.389062 0.128704 0.017708 0.112963
0 0.366146 0.059722 0.018750 0.104630
0 0.343490 0.412037 0.040104 0.214815
0 0.335938 0.452315 0.100000 0.225000
0 0.274479 0.372685 0.052083 0.191667
0 0.095052 0.370370 0.046354 0.177778
0 0.066406 0.379167 0.030729 0.165741
0 0.081250 0.479630 0.056250 0.198148
0 0.133854 0.484259 0.058333 0.216667
0 0.214323 0.466667 0.076563 0.266667
0 0.279687 0.537037 0.075000 0.272222
0 0.245052 0.584722 0.075521 0.252778
0 0.145833 0.563426 0.051042 0.249074
0 0.100000 0.561574 0.058333 0.230556
0 0.042708 0.553241 0.066667 0.243519
0 0.144010 0.762037 0.088021 0.355556
0 0.465885 0.044444 0.015104 0.055556
0 0.513021 0.037500 0.013542 0.062037
0 0.490104 0.036111 0.017708 0.061111
0 0.488542 0.062500 0.015625 0.063889
0 0.420312 0.036111 0.017708 0.061111
0 0.564323 0.044907 0.013021 0.071296
0 0.546875 0.041667 0.015625 0.068519
0 0.546615 0.066204 0.018229 0.078704
0 0.470573 0.053241 0.015104 0.049074
0 0.496615 0.554630 0.067187 0.327778
0 0.695833 0.803704 0.143750 0.381481
0 0.676042 0.852315 0.096875 0.291667
0 0.101562 0.855556 0.100000 0.253704
