0 0.362760 0.328333 0.030729 0.120000
0 0.250000 0.277083 0.021875 0.114167
0 0.284375 0.268750 0.018750 0.102500
0 0.253385 0.356667 0.031771 0.143333
0 0.271615 0.316250 0.021354 0.072500
0 0.285677 0.347083 0.032813 0.144167
0 0.301302 0.412500 0.023438 0.130000
0 0.349479 0.421667 0.033333 0.148333
0 0.318229 0.460000 0.033333 0.166667
0 0.273698 0.469167 0.042188 0.168333
0 0.291927 0.510000 0.044271 0.185000
0 0.332813 0.524583 0.045833 0.227500
0 0.360156 0.477917 0.036979 0.194167
0 0.386198 0.470833 0.036979 0.213333
0 0.375781 0.520000 0.039062 0.218333
0 0.398177 0.508333 0.025521 0.150000
0 0.460417 0.495417 0.035417 0.189167
0 0.494271 0.510417 0.043750 0.197500
0 0.289062 0.628750 0.059375 0.235833
0 0.246094 0.535000 0.038021 0.210000
0 0.219271 0.549167 0.047917 0.220000
0 0.197396 0.627917 0.059375 0.244167
0 0.193750 0.777917 0.054167 0.305833
0 0.251042 0.801667 0.054167 0.285000
0 0.101823 0.866667 0.067187 0.266667
0 0.285156 0.080417 0.010937 0.042500
0 0.312240 0.087083 0.011979 0.039167
0 0.265365 0.090833 0.007812 0.035000
0 0.270052 0.092500 0.010937 0.038333
0 0.361458 0.136667 0.023958 0.058333
0 0.410938 0.139167 0.020833 0.053333
0 0.663281 0.325417 0.042188 0.110833
0 0.731250 0.329583 0.043750 0.129167
0 0.831771 0.275417 0.030208 0.095833
0 0.930990 0.322083 0.025521 0.100833
0 0.736979 0.734583 0.083333 0.190833
0 0.966406 0.755000 0.064062 0.228333
0 0.820312 0.889167 0.058333 0.220000
