0 0.347135 0.185185 0.017188 0.144444
0 0.371094 0.166204 0.017188 0.132407
0 0.360417 0.201852 0.021875 0.146296
0 0.383594 0.171759 0.022396 0.150926
0 0.402083 0.079630 0.015625 0.053704
0 0.409896 0.078241 0.008333 0.028704
0 0.416927 0.071296 0.007812 0.050000
0 0.425781 0.070370 0.008854 0.050000
0 0.439063 0.084259 0.009375 0.035185
0 0.460156 0.127778 0.016146 0.085185
0 0.398698 0.181019 0.022396 0.136111
0 0.463021 0.194907 0.036458 0.102778
0 0.490365 0.204630 0.025521 0.150000
0 0.456250 0.262037 0.046875 0.209259
0 0.415365 0.262037 0.033854 0.175926
0 0.395833 0.307407 0.039583 0.244444
0 0.363281 0.300463 0.034896 0.232407
0 0.367188 0.330556 0.070833 0.264815
0 0.303125 0.462963 0.116667 0.261111
0 0.259896 0.566667 0.094792 0.285185
0 0.518229 0.421759 0.103125 0.206481
0 0.521354 0.462500 0.114583 0.219444
0 0.542708 0.544444 0.138542 0.272222
0 0.605469 0.757407 0.167187 0.368519
0 0.239844 0.688889 0.155729 0.364815
0 0.646875 0.870370 0.221875 0.255556
0 0.141146 0.901852 0.135417 0.194444
0 0.182552 0.833796 0.113021 0.330556
0 0.603906 0.812037 0.158854 0.372222
0 0.519531 0.877315 0.154688 0.243519
