0 0.495833 0.193519 0.017708 0.101852
0 0.503125 0.142130 0.013542 0.065741
0 0.490104 0.129630 0.012500 0.059259
0 0.475781 0.196296 0.016146 0.066667
0 0.428125 0.193519 0.021875 0.103704
0 0.431510 0.740278 0.075521 0.362037
0 0.686979 0.705556 0.058333 0.337037
0 0.055729 0.752778 0.093750 0.435185
0 0.392188 0.199537 0.015625 0.104630
0 0.410938 0.193056 0.018750 0.106481
0 0.123958 0.170833 0.023958 0.117593
0 0.403906 0.463426 0.054688 0.265741
0 0.420573 0.609722 0.070312 0.343519
0 0.505990 0.612500 0.065104 0.336111
0 0.614583 0.711111 0.072917 0.388889
0 0.133594 0.606019 0.080729 0.402778
0 0.135677 0.734722 0.088021 0.489815
0 0.452604 0.432870 0.058333 0.239815
0 0.478646 0.261111 0.023958 0.144444
0 0.395052 0.206481 0.020313 0.103704
0 0.447135 0.327778 0.041146 0.179630
0 0.547135 0.213426 0.017188 0.100926
0 0.117448 0.146759 0.018229 0.093519
0 0.501823 0.257870 0.032813 0.139815
0 0.559375 0.350926 0.041667 0.188889
0 0.534375 0.219907 0.018750 0.115741
0 0.448437 0.557870 0.056250 0.271296
0 0.540885 0.269907 0.020313 0.117593
0 0.513021 0.166667 0.014583 0.074074
0 0.531250 0.675463 0.076042 0.376852
0 0.528646 0.351389 0.038542 0.195370
0 0.506771 0.300926 0.035417 0.146296
0 0.508333 0.179167 0.016667 0.075000
0 0.146354 0.670370 0.087500 0.401852
0 0.522135 0.418519 0.053646 0.253704
0 0.490365 0.409259 0.050521 0.227778
0 0.526302 0.233796 0.025521 0.113889
0 0.251042 0.877315 0.085417 0.243519
0 0.365365 0.829630 0.107813 0.338889
0 0.666667 0.846759 0.094792 0.304630
