0 0.425000 0.184722 0.019792 0.102778
0 0.483594 0.162037 0.014063 0.068519
0 0.468490 0.266667 0.026562 0.096296
0 0.403385 0.187963 0.016146 0.100000
0 0.075260 0.730556 0.075521 0.401852
0 0.124479 0.187037 0.019792 0.094444
0 0.461458 0.512037 0.061458 0.253704
0 0.485938 0.606481 0.057292 0.237037
0 0.682292 0.712500 0.060417 0.289815
0 0.475260 0.765278 0.086979 0.293519
0 0.146354 0.145370 0.018750 0.087037
0 0.463281 0.353704 0.036979 0.175926
0 0.202865 0.223611 0.038021 0.132407
0 0.507552 0.400463 0.038021 0.217593
0 0.431771 0.597222 0.044792 0.229630
0 0.538021 0.469444 0.061458 0.227778
0 0.497917 0.268981 0.029167 0.121296
0 0.613802 0.681481 0.065104 0.311111
0 0.436719 0.369444 0.028646 0.174074
0 0.386458 0.758333 0.098958 0.468519
0 0.521354 0.239815 0.023958 0.125926
0 0.488281 0.140278 0.009896 0.058333
0 0.477865 0.422222 0.043229 0.188889
0 0.500260 0.317130 0.042188 0.154630
0 0.555469 0.324074 0.028646 0.129630
0 0.545312 0.358796 0.035417 0.147222
0 0.397917 0.531944 0.054167 0.197222
0 0.461719 0.864352 0.097396 0.271296
0 0.606250 0.839352 0.072917 0.325000
0 0.679688 0.856019 0.083333 0.286111
0 0.300000 0.778241 0.085417 0.445370
0 0.243229 0.814815 0.095833 0.366667
0 0.140625 0.806944 0.091667 0.384259
