0 0.431250 0.236574 0.038542 0.139815
0 0.393229 0.266667 0.046875 0.162963
0 0.351302 0.300000 0.045312 0.177778
0 0.220312 0.392593 0.039583 0.164815
0 0.546875 0.050926 0.016667 0.090741
0 0.592187 0.131944 0.020833 0.134259
0 0.597396 0.228241 0.033333 0.213889
0 0.601562 0.331481 0.035417 0.237037
0 0.305990 0.295833 0.047396 0.169444
0 0.247917 0.283796 0.053125 0.199074
0 0.329167 0.415278 0.080208 0.225000
0 0.086458 0.273611 0.044792 0.241667
0 0.204167 0.445370 0.066667 0.229630
0 0.095312 0.406481 0.053125 0.237037
0 0.267969 0.552778 0.079687 0.266667
0 0.079948 0.526389 0.079687 0.337963
0 0.615885 0.400926 0.036979 0.296296
0 0.309375 0.441667 0.072917 0.222222
0 0.131771 0.864815 0.094792 0.257407
0 0.189844 0.543981 0.078646 0.269444
0 0.556250 0.071296 0.017708 0.105556
0 0.543229 0.079167 0.013542 0.097222
0 0.522656 0.048148 0.022396 0.090741
0 0.227083 0.587500 0.086458 0.278704
0 0.572656 0.190278 0.022396 0.173148
0 0.545052 0.256944 0.043229 0.225000
0 0.568750 0.272685 0.027083 0.121296
0 0.487500 0.172685 0.033333 0.182407
0 0.512500 0.177778 0.040625 0.185185
0 0.529687 0.323148 0.058333 0.255556
0 0.452083 0.165741 0.027083 0.129630
0 0.277344 0.105093 0.030729 0.112037
0 0.055469 0.825463 0.109896 0.345370
0 0.647135 0.839815 0.073438 0.316667
