0 0.441667 0.212500 0.029167 0.139815
0 0.434375 0.082870 0.011458 0.063889
0 0.446354 0.096759 0.013542 0.073148
0 0.378125 0.171759 0.038542 0.139815
0 0.355990 0.163426 0.017188 0.125000
0 0.359375 0.287963 0.058333 0.138889
0 0.466927 0.243519 0.034896 0.172222
0 0.496094 0.299537 0.047396 0.252778
0 0.443229 0.304630 0.051042 0.235185
0 0.550000 0.584259 0.107292 0.283333
0 0.610938 0.773148 0.187500 0.375926
0 0.297917 0.556019 0.052083 0.502778
0 0.278906 0.541667 0.111979 0.303704
0 0.188802 0.675463 0.068229 0.582407
0 0.629948 0.786574 0.116146 0.425000
0 0.226042 0.759259 0.094792 0.479630
