0 0.426563 0.062963 0.007292 0.046296
0 0.455208 0.159259 0.020833 0.114815
0 0.777865 0.566667 0.070312 0.298148
0 0.852344 0.639352 0.069271 0.360185
0 0.570833 0.626389 0.130208 0.265741
0 0.356250 0.171296 0.014583 0.103704
0 0.478385 0.157870 0.015104 0.117593
0 0.360156 0.207870 0.047396 0.093519
0 0.858594 0.525000 0.039062 0.225926
0 0.293750 0.495833 0.076042 0.284259
0 0.432292 0.067130 0.010417 0.050926
0 0.423177 0.142593 0.017188 0.107407
0 0.435677 0.085185 0.010937 0.057407
0 0.376823 0.164352 0.017188 0.117593
0 0.391146 0.151389 0.015625 0.110185
0 0.477083 0.197685 0.036458 0.104630
0 0.689063 0.418981 0.046875 0.262037
0 0.445312 0.138426 0.011458 0.099074
0 0.573958 0.695833 0.093750 0.284259
0 0.429948 0.203241 0.025521 0.158333
0 0.427344 0.095833 0.011979 0.056481
0 0.279948 0.539352 0.096354 0.260185
0 0.362500 0.253241 0.055208 0.136111
0 0.409375 0.142593 0.008333 0.107407
0 0.569531 0.737037 0.149479 0.327778
0 0.402083 0.146296 0.013542 0.112963
0 0.619271 0.843519 0.218750 0.301852
