0 0.426042 0.587037 0.053125 0.312963
0 0.528906 0.295833 0.025521 0.147222
0 0.482812 0.312037 0.030208 0.170370
0 0.511979 0.162500 0.014583 0.062037
0 0.494531 0.127778 0.009896 0.046296
0 0.476302 0.155093 0.007812 0.060185
0 0.418490 0.183796 0.013021 0.093519
0 0.239844 0.137037 0.016146 0.046296
0 0.140104 0.181944 0.018750 0.091667
0 0.445573 0.643519 0.078646 0.383333
0 0.502865 0.161574 0.013021 0.054630
0 0.483333 0.157870 0.013542 0.065741
0 0.555469 0.300463 0.021354 0.128704
0 0.404948 0.150463 0.011979 0.030556
0 0.504948 0.297685 0.025521 0.149074
0 0.403906 0.177315 0.016146 0.095370
0 0.493750 0.538426 0.058333 0.287963
0 0.455729 0.298611 0.027083 0.147222
0 0.249479 0.234722 0.036458 0.141667
0 0.547135 0.663889 0.076563 0.322222
0 0.123958 0.173611 0.019792 0.110185
0 0.136198 0.626389 0.018229 0.087963
0 0.119792 0.500926 0.016667 0.094444
0 0.541927 0.844444 0.113021 0.303704
0 0.625000 0.878241 0.087500 0.241667
