0 0.760938 0.095370 0.023958 0.177778
0 0.690625 0.127315 0.043750 0.187963
0 0.770573 0.415741 0.068229 0.375926
0 0.923698 0.487963 0.061979 0.366667
0 0.869792 0.482407 0.058333 0.387037
0 0.905208 0.700463 0.084375 0.489815
0 0.799479 0.624074 0.077083 0.466667
0 0.601823 0.537963 0.063021 0.440741
0 0.637240 0.606019 0.063021 0.439815
0 0.576562 0.548148 0.059375 0.237037
0 0.553646 0.671759 0.102083 0.506481
0 0.035417 0.737500 0.008333 0.025000
0 0.225260 0.341667 0.007812 0.025926
0 0.234896 0.389815 0.013542 0.092593
0 0.223177 0.391204 0.011979 0.093519
0 0.352344 0.713426 0.107813 0.508333
0 0.480729 0.055556 0.042708 0.111111
0 0.458594 0.064352 0.029687 0.123148
0 0.733073 0.082407 0.029687 0.159259
0 0.546094 0.815278 0.104688 0.367593
0 0.748437 0.801852 0.127083 0.394444
