0 0.742708 0.203241 0.040625 0.221296
0 0.752344 0.259259 0.022396 0.133333
0 0.895052 0.482870 0.089063 0.363889
0 0.450000 0.066204 0.030208 0.130556
0 0.392708 0.068056 0.025000 0.134259
0 0.075521 0.568519 0.027083 0.155556
0 0.652344 0.284722 0.054688 0.271296
0 0.760677 0.357870 0.047396 0.284259
0 0.742708 0.550000 0.081250 0.420370
0 0.677865 0.521296 0.081771 0.475926
0 0.358073 0.348611 0.020313 0.097222
0 0.633073 0.034722 0.024479 0.069444
0 0.352344 0.045370 0.024479 0.090741
0 0.725260 0.044907 0.030729 0.089815
