0 0.555208 0.754630 0.067708 0.477778
0 0.666927 0.851389 0.106771 0.293519
0 0.646615 0.656019 0.061979 0.147222
0 0.482812 0.205556 0.022917 0.088889
0 0.522656 0.240278 0.025521 0.132407
0 0.586979 0.422685 0.038542 0.228704
0 0.608854 0.600926 0.001042 0.025926
0 0.487240 0.477315 0.072396 0.191667
0 0.376823 0.584259 0.075521 0.477778
0 0.246875 0.720370 0.106250 0.555556
0 0.388542 0.270833 0.043750 0.215741
0 0.465104 0.783796 0.083333 0.425000
0 0.415625 0.190278 0.012500 0.115741
0 0.613542 0.568056 0.057292 0.145370
0 0.444010 0.186111 0.004687 0.038889
0 0.470573 0.386574 0.083854 0.208333
0 0.348698 0.219444 0.027604 0.072222
0 0.440885 0.541667 0.032813 0.081481
0 0.435937 0.186574 0.005208 0.039815
0 0.321094 0.722222 0.063021 0.555556
0 0.428125 0.173611 0.005208 0.132407
0 0.553385 0.258796 0.031771 0.137963
0 0.550781 0.425000 0.034896 0.177778
