0 0.771875 0.175000 0.047917 0.231481
0 0.749740 0.208796 0.044271 0.245370
0 0.625781 0.270370 0.045312 0.279630
0 0.688021 0.268981 0.055208 0.306481
0 0.752083 0.440278 0.063542 0.321296
0 0.742188 0.541667 0.088542 0.405556
0 0.694271 0.477778 0.053125 0.211111
0 0.683594 0.567130 0.056771 0.280556
0 0.602344 0.620833 0.108854 0.487963
0 0.613542 0.678241 0.076042 0.467593
0 0.374479 0.445370 0.019792 0.105556
0 0.038802 0.537037 0.036979 0.164815
0 0.732552 0.070833 0.030729 0.141667
0 0.704948 0.067130 0.025521 0.132407
0 0.850260 0.754630 0.119271 0.488889
