0 0.466406 0.702315 0.231771 0.573148
0 0.251563 0.238889 0.083333 0.327778
0 0.199479 0.185648 0.059375 0.236111
0 0.091146 0.183333 0.043750 0.266667
0 0.496354 0.318519 0.081250 0.379630
0 0.248958 0.438426 0.107292 0.500926
0 0.127604 0.351389 0.080208 0.415741
0 0.416667 0.506019 0.105208 0.497222
0 0.571094 0.478704 0.107813 0.540741
0 0.239583 0.378704 0.067708 0.498148
0 0.369010 0.103704 0.030729 0.135185
0 0.145833 0.181481 0.052083 0.246296
0 0.426042 0.163426 0.076042 0.252778
0 0.424219 0.304167 0.098437 0.421296
0 0.332031 0.418519 0.084896 0.485185
0 0.235677 0.100463 0.049479 0.199074
0 0.348438 0.434722 0.096875 0.508333
0 0.311979 0.167130 0.065625 0.269444
0 0.080469 0.479630 0.081771 0.531481
0 0.377344 0.128241 0.056771 0.200926
0 0.485156 0.649074 0.121354 0.683333
0 0.469792 0.705556 0.184375 0.553704
0 0.851562 0.770370 0.132292 0.448148
