0 0.437760 0.075463 0.014063 0.065741
0 0.446094 0.072685 0.010937 0.056481
0 0.451562 0.112963 0.019792 0.079630
0 0.434635 0.158796 0.015104 0.097222
0 0.393750 0.140741 0.018750 0.122222
0 0.377344 0.180093 0.021354 0.112037
0 0.361719 0.217130 0.055729 0.110185
0 0.428646 0.385648 0.061458 0.280556
0 0.529687 0.460185 0.059375 0.342593
0 0.514323 0.499074 0.059896 0.388889
0 0.573438 0.604630 0.148958 0.244444
0 0.430208 0.589815 0.102083 0.425926
0 0.220312 0.678241 0.100000 0.373148
0 0.463021 0.118519 0.015625 0.087037
0 0.363542 0.184259 0.045833 0.094444
0 0.424219 0.077315 0.014063 0.063889
0 0.361979 0.252778 0.055208 0.133333
0 0.409635 0.077315 0.015104 0.036111
0 0.439323 0.207407 0.043229 0.174074
0 0.482292 0.523148 0.055208 0.398148
0 0.557031 0.529167 0.057813 0.160185
0 0.478385 0.197222 0.033854 0.101852
0 0.597396 0.707870 0.161458 0.306481
0 0.416406 0.199537 0.029687 0.145370
0 0.320312 0.593519 0.084375 0.444444
0 0.397396 0.160185 0.027083 0.125926
0 0.555208 0.806019 0.103125 0.386111
0 0.669792 0.837500 0.127083 0.323148
