0 0.401302 0.160185 0.010937 0.061111
0 0.411719 0.163889 0.015104 0.083333
0 0.421615 0.175463 0.016146 0.084259
0 0.500521 0.158333 0.012500 0.087037
0 0.521094 0.168981 0.017188 0.071296
0 0.491667 0.189815 0.019792 0.092593
0 0.473958 0.187500 0.014583 0.089815
0 0.482552 0.232870 0.028646 0.132407
0 0.515365 0.239352 0.025521 0.117593
0 0.512760 0.240741 0.021354 0.122222
0 0.478906 0.420370 0.029687 0.146296
0 0.503906 0.400926 0.048438 0.222222
0 0.535937 0.415278 0.037500 0.169444
0 0.686458 0.722685 0.073958 0.360185
0 0.615104 0.712963 0.073958 0.407407
0 0.467448 0.684722 0.073438 0.378704
0 0.530729 0.679630 0.060417 0.388889
0 0.506771 0.755093 0.069792 0.462037
0 0.109375 0.580556 0.020833 0.116667
0 0.122656 0.550463 0.020313 0.110185
0 0.174219 0.569907 0.074479 0.343519
0 0.221354 0.858333 0.091667 0.281481
