0 0.919792 0.481481 0.159375 0.744444
0 0.905469 0.399074 0.146354 0.742593
0 0.820052 0.306481 0.105729 0.612963
0 0.529427 0.441204 0.156771 0.791667
0 0.349219 0.449074 0.146354 0.746296
0 0.251042 0.309259 0.081250 0.420370
0 0.144271 0.198148 0.095833 0.396296
0 0.411458 0.256944 0.126042 0.510185
0 0.288281 0.295833 0.105729 0.587963
0 0.084635 0.777778 0.169271 0.442593
0 0.722135 0.244907 0.078646 0.489815
0 0.630208 0.245833 0.090625 0.491667
0 0.676302 0.356944 0.113021 0.713889
0 0.930469 0.700463 0.138021 0.597222
