0 0.443490 0.808796 0.076563 0.263889
0 0.618229 0.801852 0.167708 0.390741
0 0.579167 0.756481 0.207292 0.368519
0 0.575781 0.636111 0.095312 0.270370
0 0.569792 0.587037 0.134375 0.242593
0 0.554688 0.547222 0.114583 0.283333
0 0.522135 0.459722 0.117188 0.219444
0 0.226823 0.700463 0.134896 0.387963
0 0.269531 0.578241 0.110937 0.300926
0 0.298698 0.500463 0.116146 0.304630
0 0.294271 0.465741 0.079167 0.255556
0 0.491927 0.198148 0.020313 0.140741
0 0.465625 0.184722 0.030208 0.149074
0 0.441406 0.197685 0.024479 0.145370
0 0.418229 0.198611 0.027083 0.141667
0 0.351042 0.183333 0.029167 0.129630
0 0.357812 0.250926 0.045833 0.111111
0 0.371354 0.207407 0.019792 0.157407
0 0.379167 0.186574 0.017708 0.149074
0 0.394010 0.182407 0.022396 0.175926
0 0.396875 0.088426 0.010417 0.052778
0 0.418229 0.071296 0.010417 0.050000
0 0.420573 0.078241 0.011979 0.047222
