0 0.649219 0.134259 0.034896 0.162963
0 0.688281 0.114352 0.034896 0.180556
0 0.718490 0.166204 0.046354 0.215741
0 0.637500 0.223148 0.044792 0.257407
0 0.673438 0.221296 0.043750 0.231481
0 0.757292 0.318519 0.033333 0.185185
0 0.791146 0.285648 0.063542 0.262037
0 0.779167 0.226852 0.053125 0.259259
0 0.697656 0.265741 0.047396 0.272222
0 0.721354 0.309259 0.055208 0.307407
0 0.790625 0.374074 0.061458 0.316667
0 0.719531 0.426389 0.067187 0.349074
0 0.604167 0.612963 0.083333 0.444444
0 0.663281 0.485185 0.071354 0.401852
0 0.780469 0.537037 0.073438 0.379630
0 0.865365 0.518056 0.066146 0.410185
0 0.750521 0.072222 0.030208 0.135185
0 0.717448 0.061111 0.030729 0.114815
0 0.650521 0.836574 0.090625 0.325000
