0 0.487500 0.143981 0.012500 0.056481
0 0.423958 0.150463 0.013542 0.069444
0 0.417187 0.187037 0.015625 0.083333
0 0.514844 0.203704 0.015104 0.068519
0 0.124479 0.160648 0.017708 0.091667
0 0.491667 0.194444 0.015625 0.070370
0 0.116146 0.157870 0.012500 0.089815
0 0.539323 0.462037 0.043229 0.255556
0 0.497656 0.396759 0.044271 0.219444
0 0.420833 0.209259 0.019792 0.109259
0 0.477083 0.186574 0.017708 0.087963
0 0.406510 0.185648 0.017188 0.102778
0 0.511198 0.169907 0.014063 0.075000
0 0.389323 0.198148 0.017188 0.105556
0 0.508073 0.266204 0.026562 0.125000
0 0.501823 0.132870 0.009896 0.049074
0 0.481250 0.287037 0.025000 0.138889
0 0.103646 0.735185 0.085417 0.372222
0 0.539062 0.419907 0.042708 0.215741
0 0.452344 0.309259 0.034896 0.172222
0 0.529427 0.323611 0.038021 0.180556
0 0.457031 0.396759 0.038021 0.197222
0 0.507812 0.420833 0.037500 0.204630
0 0.420833 0.392130 0.038542 0.208333
0 0.504427 0.645370 0.074479 0.337037
0 0.558594 0.650463 0.058854 0.323148
0 0.545573 0.275926 0.022396 0.135185
0 0.146094 0.158796 0.017188 0.099074
0 0.135677 0.150000 0.010937 0.081481
0 0.374740 0.562037 0.041146 0.353704
0 0.158333 0.155556 0.010417 0.085185
0 0.411198 0.570370 0.051562 0.303704
0 0.208333 0.234722 0.040625 0.121296
0 0.498698 0.331944 0.030729 0.165741
