0 0.603385 0.738889 0.130729 0.350000
0 0.573698 0.626852 0.134896 0.274074
0 0.464844 0.717130 0.106771 0.562037
0 0.490625 0.614815 0.097917 0.433333
0 0.513542 0.497222 0.061458 0.337037
0 0.541406 0.458333 0.053646 0.329630
0 0.572656 0.456481 0.039062 0.290741
0 0.408073 0.517593 0.060937 0.396296
0 0.429167 0.206481 0.044792 0.174074
0 0.428125 0.204630 0.028125 0.150000
0 0.476302 0.197685 0.035937 0.104630
0 0.362240 0.251389 0.057813 0.137963
0 0.365365 0.229167 0.058854 0.136111
0 0.362760 0.191204 0.045312 0.104630
0 0.390885 0.187963 0.026562 0.155556
0 0.398698 0.167130 0.022396 0.108333
0 0.406510 0.157870 0.016146 0.128704
0 0.462240 0.121296 0.018229 0.090741
0 0.419792 0.090741 0.010417 0.064815
0 0.427865 0.093519 0.009896 0.053704
0 0.435937 0.095833 0.009375 0.049074
0 0.452344 0.073611 0.008854 0.052778
0 0.442969 0.088426 0.014063 0.067593
0 0.699740 0.863426 0.106771 0.271296
0 0.633333 0.818056 0.095833 0.362037
