0 0.139583 0.595370 0.077083 0.361111
0 0.499740 0.308333 0.031771 0.151852
0 0.528125 0.371296 0.036458 0.201852
0 0.397135 0.416204 0.034896 0.234259
0 0.494271 0.544444 0.050000 0.283333
0 0.400781 0.155556 0.017188 0.072222
0 0.405469 0.148611 0.010937 0.069444
0 0.477083 0.151852 0.012500 0.072222
0 0.417969 0.148611 0.010937 0.065741
0 0.498437 0.156944 0.014583 0.071296
0 0.423958 0.146296 0.012500 0.075926
0 0.496875 0.254167 0.025000 0.128704
0 0.392448 0.252315 0.024479 0.121296
0 0.528385 0.227315 0.021354 0.110185
0 0.478646 0.133796 0.011458 0.060185
0 0.477865 0.290741 0.027604 0.150000
0 0.510156 0.300000 0.027604 0.151852
0 0.490625 0.153704 0.014583 0.068519
0 0.550781 0.313889 0.031771 0.159259
0 0.447396 0.348148 0.027083 0.142593
0 0.488802 0.366667 0.036979 0.188889
0 0.510677 0.474074 0.052604 0.275926
0 0.531510 0.468981 0.033854 0.200926
0 0.415625 0.407870 0.031250 0.184259
0 0.508333 0.232407 0.022917 0.103704
0 0.412240 0.527778 0.047396 0.214815
0 0.451562 0.510648 0.050000 0.313889
0 0.207813 0.604167 0.061458 0.315741
0 0.546094 0.543519 0.061979 0.177778
0 0.546094 0.571296 0.051562 0.292593
0 0.406250 0.712500 0.083333 0.408333
0 0.689323 0.800926 0.066146 0.394444
0 0.605729 0.771296 0.093750 0.305556
0 0.615885 0.846296 0.114062 0.303704
0 0.629167 0.862500 0.092708 0.263889
0 0.507552 0.851389 0.113021 0.291667
0 0.445052 0.831019 0.103646 0.334259
0 0.427344 0.774074 0.103646 0.375926
0 0.294010 0.797222 0.113021 0.400000
0 0.161458 0.855093 0.130208 0.282407
0 0.107813 0.773611 0.084375 0.336111
