0 0.427083 0.243519 0.043750 0.179630
0 0.753646 0.485648 0.046875 0.337963
0 0.761719 0.503704 0.032813 0.248148
0 0.727344 0.491667 0.063021 0.320370
0 0.794792 0.575463 0.060417 0.365741
0 0.785417 0.606019 0.061458 0.282407
0 0.862500 0.581944 0.055208 0.343519
0 0.520833 0.516667 0.046875 0.237037
0 0.543229 0.394444 0.055208 0.329630
0 0.568750 0.449537 0.048958 0.291667
0 0.491406 0.506019 0.041146 0.284259
0 0.544792 0.554630 0.094792 0.309259
0 0.535677 0.736111 0.147396 0.524074
0 0.587760 0.667593 0.080729 0.231481
0 0.590885 0.706944 0.161979 0.343519
0 0.596615 0.801389 0.117188 0.337963
0 0.311979 0.425000 0.043750 0.398148
0 0.265625 0.579630 0.089583 0.483333
0 0.277865 0.747222 0.107813 0.387037
0 0.414323 0.471296 0.071354 0.374074
0 0.359896 0.186111 0.031250 0.162963
0 0.362240 0.245370 0.046354 0.166667
0 0.373437 0.299537 0.044792 0.097222
0 0.470052 0.191204 0.040104 0.097222
0 0.479948 0.199537 0.030729 0.102778
0 0.484115 0.208333 0.025521 0.094444
0 0.426823 0.169907 0.028646 0.125000
0 0.383594 0.136111 0.023438 0.096296
0 0.452083 0.118519 0.016667 0.081481
0 0.429688 0.063889 0.007292 0.046296
0 0.423958 0.062963 0.007292 0.048148
0 0.416146 0.060185 0.006250 0.042593
0 0.358854 0.708796 0.092708 0.575000
0 0.208594 0.828704 0.115104 0.340741
