0 0.575781 0.715278 0.193229 0.362037
0 0.554948 0.612500 0.123438 0.313889
0 0.539844 0.574074 0.106771 0.268519
0 0.579948 0.457407 0.067187 0.350000
0 0.502344 0.462963 0.054688 0.364815
0 0.490885 0.241667 0.039062 0.133333
0 0.478906 0.314352 0.039062 0.158333
0 0.441927 0.292130 0.047396 0.210185
0 0.427083 0.243519 0.036458 0.196296
0 0.448698 0.200000 0.034896 0.155556
0 0.452344 0.126389 0.019271 0.086111
0 0.451042 0.111574 0.015625 0.076852
0 0.440625 0.092130 0.014583 0.076852
0 0.430990 0.062500 0.008854 0.045370
0 0.432031 0.070833 0.008854 0.039815
0 0.426823 0.093981 0.014063 0.063889
0 0.415625 0.098611 0.012500 0.063889
0 0.407031 0.105556 0.018229 0.075926
0 0.392188 0.106944 0.015625 0.086111
0 0.403906 0.176389 0.021354 0.137963
0 0.362500 0.167593 0.019792 0.129630
0 0.393750 0.196296 0.022917 0.150000
0 0.381771 0.201852 0.027083 0.162963
0 0.365625 0.278704 0.061458 0.153704
0 0.372917 0.336111 0.051042 0.261111
0 0.272396 0.389352 0.053125 0.337963
0 0.274740 0.531019 0.096354 0.297222
0 0.311458 0.536111 0.092708 0.448148
0 0.337500 0.677315 0.096875 0.558333
0 0.239063 0.678241 0.128125 0.319444
0 0.767448 0.526852 0.045312 0.264815
0 0.746615 0.577315 0.054688 0.226852
0 0.932031 0.724074 0.075521 0.370370
0 0.176563 0.719444 0.094792 0.559259
