0 0.567708 0.054167 0.016667 0.097222
0 0.544792 0.037500 0.014583 0.069444
0 0.555208 0.086574 0.025000 0.123148
0 0.481771 0.333333 0.055208 0.283333
0 0.569010 0.332407 0.030729 0.233333
0 0.474740 0.411111 0.070312 0.357407
0 0.477865 0.508796 0.086979 0.415741
0 0.384375 0.043981 0.016667 0.086111
0 0.343229 0.173611 0.034375 0.136111
0 0.440104 0.193519 0.029167 0.127778
0 0.382292 0.205556 0.036458 0.114815
0 0.293750 0.183333 0.033333 0.114815
0 0.290885 0.261574 0.046354 0.202778
0 0.241927 0.293519 0.042188 0.183333
0 0.387760 0.413426 0.056771 0.289815
0 0.117708 0.279630 0.042708 0.218519
0 0.497135 0.184259 0.025521 0.162963
0 0.433073 0.373611 0.056771 0.339815
0 0.507812 0.108796 0.031250 0.134259
0 0.544010 0.344907 0.048438 0.260185
0 0.526823 0.182870 0.024479 0.176852
0 0.617969 0.333796 0.054688 0.278704
0 0.495312 0.131019 0.029167 0.141667
0 0.614062 0.312037 0.048958 0.233333
0 0.545052 0.226852 0.033854 0.201852
0 0.498698 0.150926 0.025521 0.133333
0 0.618750 0.350000 0.053125 0.277778
0 0.573177 0.150463 0.034896 0.158333
0 0.434375 0.372685 0.059375 0.326852
0 0.534635 0.091204 0.019271 0.115741
0 0.540625 0.522685 0.067708 0.360185
0 0.596354 0.189815 0.036458 0.151852
0 0.525521 0.125926 0.029167 0.140741
0 0.421094 0.137963 0.025521 0.085185
0 0.413542 0.107407 0.026042 0.074074
0 0.407813 0.046296 0.021875 0.070370
0 0.516667 0.233333 0.044792 0.198148
0 0.370312 0.092593 0.031250 0.157407
0 0.423698 0.155556 0.029687 0.125926
0 0.375000 0.159259 0.041667 0.155556
0 0.529687 0.340741 0.041667 0.264815
0 0.320052 0.153241 0.025521 0.113889
0 0.453906 0.160648 0.032813 0.134259
0 0.440625 0.180556 0.035417 0.131481
0 0.596094 0.144907 0.031771 0.154630
0 0.429167 0.193056 0.035417 0.123148
0 0.398438 0.210185 0.029167 0.150000
0 0.407552 0.234259 0.041146 0.129630
0 0.609115 0.330556 0.042188 0.216667
0 0.286458 0.122222 0.023958 0.129630
0 0.272917 0.119907 0.027083 0.137963
0 0.330729 0.191204 0.040625 0.125000
0 0.581771 0.198611 0.052083 0.199074
0 0.391667 0.278704 0.031250 0.135185
0 0.348698 0.271296 0.035937 0.150000
0 0.299479 0.213426 0.029167 0.121296
0 0.546094 0.339352 0.048438 0.249074
0 0.268229 0.234722 0.025000 0.178704
0 0.211979 0.190741 0.044792 0.194444
0 0.260677 0.275463 0.040104 0.202778
0 0.568750 0.064815 0.018750 0.085185
0 0.217969 0.287963 0.051562 0.244444
0 0.322656 0.394907 0.063021 0.226852
0 0.211979 0.398611 0.040625 0.180556
0 0.564583 0.416667 0.063542 0.303704
0 0.305729 0.460648 0.071875 0.284259
0 0.270052 0.550463 0.084896 0.395370
0 0.486198 0.182870 0.033854 0.171296
0 0.186719 0.502315 0.074479 0.239815
0 0.098698 0.384259 0.064062 0.201852
0 0.361719 0.550463 0.077604 0.447222
0 0.444010 0.110648 0.024479 0.086111
0 0.164062 0.789815 0.096875 0.296296
0 0.133854 0.878704 0.100000 0.238889
0 0.589063 0.216204 0.043750 0.223148
0 0.525781 0.042130 0.020313 0.073148
0 0.674479 0.767130 0.132292 0.462037
0 0.555990 0.856481 0.151562 0.285185
