0 0.556771 0.775926 0.121875 0.379630
0 0.622917 0.784722 0.145833 0.371296
0 0.858073 0.746759 0.068229 0.362037
0 0.432292 0.069907 0.006250 0.025000
0 0.420833 0.065278 0.008333 0.043519
0 0.426042 0.100000 0.013542 0.072222
0 0.382812 0.153704 0.032292 0.062963
0 0.341146 0.185648 0.016667 0.119444
0 0.350000 0.180093 0.016667 0.112037
0 0.380208 0.200000 0.031250 0.088889
0 0.362240 0.185648 0.022396 0.067593
0 0.467187 0.164815 0.021875 0.079630
0 0.446354 0.257407 0.038542 0.200000
0 0.404687 0.277778 0.040625 0.198148
0 0.501823 0.390741 0.048438 0.290741
0 0.438542 0.394907 0.038542 0.330556
0 0.375781 0.370833 0.044271 0.300926
0 0.361198 0.679630 0.105729 0.562963
0 0.284115 0.637037 0.074479 0.498148
0 0.152083 0.708333 0.085417 0.475926
0 0.171354 0.855556 0.137500 0.287037
0 0.626042 0.860185 0.140625 0.277778
0 0.565104 0.749074 0.125000 0.500000
