0 0.423438 0.117130 0.016667 0.091667
0 0.438281 0.107407 0.010937 0.081481
0 0.448958 0.086111 0.007292 0.046296
0 0.425000 0.064815 0.008333 0.035185
0 0.414323 0.062037 0.005729 0.035185
0 0.392969 0.132407 0.018229 0.055556
0 0.428385 0.128704 0.017188 0.100000
0 0.444271 0.132407 0.018750 0.094444
0 0.478385 0.215741 0.024479 0.157407
0 0.455729 0.207407 0.030208 0.162963
0 0.363281 0.189815 0.043229 0.107407
0 0.350781 0.223611 0.028646 0.110185
0 0.362500 0.243519 0.032292 0.120370
0 0.604427 0.701389 0.067187 0.523148
0 0.514583 0.451389 0.129167 0.226852
0 0.297135 0.481944 0.110937 0.258333
0 0.213542 0.738889 0.095833 0.518519
