0 0.140104 0.209722 0.026042 0.121296
0 0.142708 0.185185 0.016667 0.064815
0 0.169531 0.211111 0.029687 0.137037
0 0.407552 0.237963 0.032813 0.140741
0 0.525000 0.285185 0.041667 0.150000
0 0.444271 0.303241 0.042708 0.167593
0 0.487760 0.290278 0.039062 0.163889
0 0.511719 0.301852 0.032813 0.146296
0 0.532813 0.337037 0.048958 0.168519
0 0.538542 0.368519 0.042708 0.172222
0 0.475000 0.393056 0.045833 0.210185
0 0.425521 0.378704 0.042708 0.225926
0 0.432812 0.427778 0.048958 0.233333
0 0.435937 0.455556 0.053125 0.248148
0 0.400521 0.443056 0.043750 0.260185
0 0.532031 0.503704 0.070312 0.164815
0 0.561198 0.507870 0.038021 0.143519
0 0.505208 0.725926 0.061458 0.403704
0 0.467187 0.766667 0.057292 0.318519
0 0.546875 0.776852 0.061458 0.309259
0 0.658594 0.760185 0.075521 0.461111
0 0.607552 0.761111 0.071354 0.372222
0 0.173958 0.576389 0.084375 0.356481
0 0.204948 0.595370 0.073438 0.298148
0 0.384896 0.738889 0.093750 0.450000
0 0.217188 0.822685 0.091667 0.350926
