0 0.469010 0.357407 0.028646 0.205556
0 0.484375 0.521296 0.040625 0.274074
0 0.474219 0.554630 0.051562 0.301852
0 0.461719 0.635185 0.079687 0.364815
0 0.519792 0.588426 0.066667 0.326852
0 0.549219 0.635185 0.073438 0.324074
0 0.437500 0.583333 0.060417 0.314815
0 0.390885 0.557870 0.056771 0.375000
0 0.588542 0.600000 0.053125 0.305556
0 0.416927 0.160185 0.011979 0.079630
0 0.390885 0.150463 0.011979 0.071296
0 0.481771 0.124074 0.012500 0.044444
0 0.499740 0.146759 0.009896 0.069444
0 0.520573 0.224074 0.019271 0.103704
0 0.508073 0.202315 0.017188 0.071296
0 0.494271 0.193981 0.018750 0.086111
0 0.121354 0.175463 0.019792 0.112037
0 0.484635 0.143981 0.013021 0.062037
