0 0.372656 0.367130 0.020313 0.100926
0 0.714323 0.076852 0.029687 0.150000
0 0.784896 0.113889 0.029167 0.177778
0 0.669792 0.143519 0.034375 0.164815
0 0.703646 0.136111 0.037500 0.155556
0 0.778125 0.161574 0.023958 0.130556
0 0.758854 0.135185 0.032292 0.183333
0 0.734375 0.163889 0.033333 0.188889
0 0.667448 0.167593 0.033854 0.155556
0 0.712760 0.209259 0.045312 0.250000
0 0.662500 0.228241 0.042708 0.206481
0 0.689583 0.236574 0.050000 0.208333
0 0.775521 0.343981 0.059375 0.306481
0 0.687240 0.331019 0.051562 0.317593
0 0.656771 0.347685 0.045833 0.239815
0 0.644271 0.391204 0.071875 0.349074
0 0.726042 0.409722 0.038542 0.221296
0 0.842708 0.469444 0.078125 0.379630
0 0.752083 0.478241 0.085417 0.417593
0 0.691667 0.595370 0.072917 0.235185
0 0.052604 0.169907 0.035417 0.150926
0 0.026562 0.179167 0.028125 0.147222
0 0.732812 0.042593 0.025000 0.081481
0 0.458333 0.423611 0.058333 0.295370
0 0.359896 0.468519 0.016667 0.092593
0 0.082031 0.122222 0.021354 0.140741
0 0.007031 0.172222 0.011979 0.135185
0 0.840625 0.901852 0.057292 0.194444
0 0.911719 0.825463 0.122396 0.345370
0 0.744531 0.850463 0.108854 0.297222
