0 0.494271 0.227778 0.016667 0.131481
0 0.132812 0.156944 0.013542 0.084259
0 0.415885 0.133333 0.010937 0.059259
0 0.425260 0.150926 0.009896 0.075926
0 0.434635 0.376852 0.021354 0.118519
0 0.436719 0.654167 0.036979 0.243519
0 0.545312 0.670833 0.052083 0.339815
0 0.417969 0.260185 0.013021 0.096296
0 0.414323 0.157870 0.011979 0.073148
0 0.395313 0.159259 0.013542 0.077778
0 0.403646 0.231481 0.016667 0.122222
0 0.531510 0.223148 0.011979 0.105556
0 0.394531 0.242593 0.011979 0.105556
0 0.502083 0.677315 0.076042 0.358333
0 0.526042 0.275000 0.023958 0.135185
0 0.500521 0.250463 0.019792 0.123148
0 0.528906 0.167130 0.013021 0.078704
0 0.496875 0.280556 0.029167 0.138889
0 0.549479 0.351389 0.031250 0.182407
0 0.499219 0.365741 0.041146 0.205556
0 0.493750 0.165741 0.012500 0.088889
0 0.471875 0.400926 0.029167 0.138889
0 0.448437 0.500000 0.056250 0.264815
0 0.394010 0.533796 0.050521 0.313889
0 0.478125 0.253704 0.013542 0.122222
0 0.406771 0.616204 0.076042 0.365741
0 0.475781 0.622685 0.054688 0.332407
