0 0.540365 0.403704 0.036979 0.220370
0 0.350521 0.779167 0.094792 0.423148
0 0.679948 0.722685 0.076563 0.360185
0 0.180208 0.219444 0.018750 0.125926
0 0.132552 0.164352 0.015104 0.091667
0 0.407292 0.210185 0.017708 0.103704
0 0.539062 0.213889 0.015625 0.112963
0 0.503646 0.231481 0.029167 0.116667
0 0.475260 0.220833 0.017188 0.115741
0 0.526823 0.729630 0.065104 0.400000
0 0.589583 0.739815 0.085417 0.372222
0 0.469271 0.495370 0.064583 0.274074
0 0.118750 0.164352 0.017708 0.091667
0 0.418229 0.157870 0.014583 0.075000
0 0.526823 0.203704 0.018229 0.100000
0 0.415365 0.496296 0.050521 0.224074
0 0.524219 0.247685 0.017188 0.100926
0 0.491667 0.205093 0.020833 0.099074
0 0.196875 0.229167 0.025000 0.125000
0 0.507812 0.405093 0.040625 0.197222
0 0.143750 0.214352 0.023958 0.121296
0 0.398698 0.773611 0.106771 0.450926
