0 0.941146 0.651389 0.059375 0.289815
0 0.859635 0.650463 0.072396 0.306481
0 0.948177 0.513426 0.036979 0.095370
0 0.890365 0.530093 0.056771 0.206481
0 0.790365 0.608796 0.051562 0.280556
0 0.607812 0.762963 0.162500 0.337037
0 0.578385 0.664815 0.147396 0.300000
0 0.615365 0.458796 0.043229 0.278704
0 0.562500 0.593056 0.079167 0.360185
0 0.516927 0.494907 0.081771 0.367593
0 0.499219 0.473148 0.094271 0.357407
0 0.479687 0.438426 0.044792 0.328704
0 0.488802 0.296759 0.032813 0.150926
0 0.473698 0.200926 0.048438 0.107407
0 0.479687 0.198148 0.023958 0.094444
0 0.477604 0.197222 0.026042 0.100000
0 0.458854 0.177315 0.033333 0.110185
0 0.459375 0.162037 0.020833 0.077778
0 0.461979 0.126852 0.017708 0.079630
0 0.450260 0.140278 0.018229 0.095370
0 0.440625 0.108796 0.014583 0.071296
0 0.442448 0.076852 0.009896 0.053704
0 0.431510 0.183796 0.013021 0.060185
0 0.422135 0.140278 0.022396 0.102778
0 0.424479 0.101389 0.016667 0.080556
0 0.428906 0.080093 0.009896 0.056481
0 0.418490 0.067593 0.005729 0.033333
0 0.408333 0.068056 0.008333 0.047222
0 0.407292 0.081019 0.007292 0.056481
0 0.403385 0.076852 0.015104 0.046296
0 0.402344 0.092593 0.018229 0.068519
0 0.399479 0.125926 0.020833 0.105556
0 0.397396 0.135185 0.016667 0.101852
0 0.385677 0.143056 0.014063 0.104630
0 0.372917 0.168981 0.020833 0.121296
0 0.349740 0.188889 0.019271 0.162963
0 0.372396 0.237037 0.041667 0.179630
0 0.355990 0.197222 0.023438 0.157407
0 0.340104 0.202778 0.015625 0.170370
0 0.341927 0.463889 0.065104 0.342593
0 0.300781 0.482407 0.068229 0.225926
0 0.227604 0.693056 0.136458 0.365741
0 0.716406 0.429630 0.070312 0.162963
0 0.622917 0.813426 0.190625 0.369444
0 0.197135 0.802778 0.158854 0.392593
