0 0.577865 0.632407 0.135937 0.290741
0 0.527344 0.450926 0.104688 0.220370
0 0.481771 0.156019 0.014583 0.106481
0 0.460417 0.149537 0.021875 0.123148
0 0.402604 0.073611 0.003125 0.028704
0 0.395833 0.110648 0.022917 0.043519
0 0.380469 0.143056 0.018229 0.076852
0 0.373177 0.248611 0.052604 0.132407
0 0.354948 0.227315 0.043229 0.119444
0 0.428906 0.668519 0.118229 0.557407
0 0.296354 0.481019 0.062500 0.284259
0 0.240885 0.641204 0.109896 0.339815
0 0.608333 0.828704 0.143750 0.340741
0 0.205208 0.768519 0.136458 0.461111
