0 0.592969 0.148611 0.029687 0.130556
0 0.489844 0.261574 0.044271 0.212037
0 0.505990 0.199074 0.031771 0.162963
0 0.534896 0.217593 0.032292 0.196296
0 0.459896 0.122685 0.019792 0.082407
0 0.427604 0.206944 0.041667 0.134259
0 0.383854 0.156019 0.027083 0.086111
0 0.353906 0.193056 0.028646 0.091667
0 0.315885 0.235648 0.033854 0.125000
0 0.267708 0.220370 0.032292 0.129630
0 0.204948 0.284722 0.041146 0.123148
0 0.416667 0.653241 0.091667 0.397222
0 0.194271 0.436111 0.062500 0.198148
0 0.104167 0.542593 0.070833 0.364815
0 0.433333 0.087500 0.019792 0.073148
0 0.548438 0.066667 0.016667 0.100000
0 0.493750 0.051389 0.015625 0.052778
0 0.558073 0.074074 0.015104 0.100000
0 0.471094 0.105556 0.017188 0.072222
0 0.453646 0.162963 0.032292 0.129630
0 0.530729 0.087500 0.020833 0.106481
0 0.430990 0.196296 0.027604 0.112963
0 0.360156 0.091204 0.023438 0.126852
0 0.509375 0.071296 0.021875 0.101852
0 0.395833 0.130093 0.028125 0.076852
0 0.439063 0.061111 0.021875 0.066667
0 0.140625 0.855093 0.098958 0.286111
0 0.421615 0.069444 0.014063 0.059259
0 0.414062 0.222222 0.037500 0.133333
0 0.413542 0.242593 0.040625 0.127778
0 0.360417 0.175000 0.028125 0.085185
0 0.596615 0.225000 0.040104 0.183333
0 0.297656 0.174074 0.029687 0.114815
0 0.289062 0.186574 0.030208 0.089815
0 0.386979 0.307870 0.037500 0.139815
0 0.343490 0.300463 0.052604 0.178704
0 0.299479 0.254167 0.032292 0.152778
0 0.478125 0.102315 0.016667 0.075000
0 0.255990 0.236111 0.039062 0.138889
0 0.282813 0.294907 0.055208 0.180556
0 0.228906 0.257407 0.034896 0.127778
0 0.335938 0.397685 0.057292 0.213889
0 0.310677 0.461574 0.061979 0.250926
0 0.506250 0.657870 0.080208 0.425000
0 0.343490 0.555556 0.084896 0.444444
0 0.271354 0.534722 0.076042 0.249074
0 0.208073 0.394907 0.054688 0.212037
0 0.126562 0.254167 0.037500 0.228704
0 0.109635 0.387037 0.047396 0.192593
0 0.049479 0.416667 0.060417 0.218519
0 0.378906 0.101852 0.022396 0.087037
0 0.050260 0.533796 0.063021 0.365741
0 0.028906 0.825463 0.057813 0.337963
0 0.398698 0.801852 0.117188 0.392593
0 0.591406 0.793981 0.160938 0.408333
0 0.607552 0.866204 0.160938 0.263889
