0 0.448698 0.200926 0.026562 0.129630
0 0.449479 0.117593 0.012500 0.074074
0 0.238281 0.670370 0.139063 0.398148
0 0.292969 0.520370 0.118229 0.270370
0 0.434635 0.071296 0.008854 0.046296
0 0.426823 0.072222 0.008854 0.033333
0 0.412240 0.064815 0.009896 0.040741
0 0.431510 0.123611 0.018229 0.100926
0 0.447135 0.077778 0.006771 0.038889
0 0.346354 0.198611 0.017708 0.139815
0 0.378646 0.165278 0.028125 0.078704
0 0.568750 0.563426 0.095833 0.284259
0 0.370573 0.192593 0.034896 0.107407
0 0.519010 0.470833 0.047396 0.363889
0 0.468229 0.309722 0.054167 0.226852
0 0.396354 0.132407 0.019792 0.072222
0 0.355208 0.262500 0.058333 0.139815
0 0.349740 0.281019 0.059896 0.149074
0 0.422396 0.381481 0.044792 0.218519
0 0.463021 0.162500 0.022917 0.137963
0 0.616146 0.808796 0.159375 0.336111
0 0.413021 0.114352 0.013542 0.080556
0 0.450000 0.654630 0.068750 0.466667
0 0.401562 0.104630 0.011458 0.074074
0 0.582292 0.712963 0.181250 0.351852
0 0.519531 0.374537 0.058854 0.304630
0 0.549740 0.604167 0.123438 0.275000
0 0.393750 0.138889 0.035417 0.064815
0 0.470052 0.568056 0.073438 0.475000
0 0.553906 0.456481 0.076563 0.322222
0 0.366927 0.177315 0.021354 0.125000
0 0.490104 0.237500 0.036458 0.106481
0 0.435937 0.312500 0.028125 0.165741
0 0.359896 0.183796 0.016667 0.137963
0 0.387500 0.362037 0.058333 0.275926
0 0.229167 0.760185 0.175000 0.377778
0 0.626563 0.822685 0.098958 0.343519
