0 0.496094 0.199074 0.022396 0.155556
0 0.445312 0.119444 0.016667 0.103704
0 0.421094 0.169907 0.024479 0.143519
0 0.346875 0.159259 0.016667 0.103704
0 0.375260 0.161574 0.028646 0.141667
0 0.355208 0.244907 0.057292 0.121296
0 0.391927 0.179630 0.023438 0.185185
0 0.468490 0.218981 0.029687 0.187963
0 0.523698 0.458333 0.118229 0.229630
0 0.555990 0.547685 0.123438 0.291667
0 0.586458 0.755093 0.227083 0.371296
0 0.438281 0.477315 0.065104 0.430556
0 0.323177 0.418056 0.068229 0.275000
0 0.290365 0.440741 0.072396 0.229630
0 0.290885 0.477315 0.114062 0.282407
0 0.259896 0.575926 0.103125 0.309259
0 0.227604 0.709722 0.143750 0.417593
0 0.671094 0.874537 0.185938 0.249074
0 0.592187 0.824537 0.183333 0.347222
0 0.234896 0.875926 0.059375 0.240741
0 0.190365 0.821759 0.161979 0.352778
