0 0.399740 0.136574 0.014063 0.084259
0 0.448698 0.068981 0.007812 0.047222
0 0.426302 0.104167 0.009896 0.071296
0 0.445312 0.116667 0.009375 0.074074
0 0.451562 0.115741 0.015625 0.088889
0 0.479427 0.172685 0.014063 0.091667
0 0.464323 0.170833 0.016146 0.097222
0 0.417969 0.163426 0.026562 0.145370
0 0.399740 0.168981 0.023438 0.125000
0 0.383854 0.178241 0.017708 0.141667
0 0.376563 0.187037 0.019792 0.140741
0 0.345573 0.192130 0.020313 0.130556
0 0.365365 0.249074 0.065104 0.127778
0 0.360417 0.297685 0.073958 0.163889
0 0.447396 0.306944 0.044792 0.213889
0 0.355469 0.299537 0.056771 0.263889
0 0.622917 0.805556 0.159375 0.364815
0 0.576042 0.694444 0.180208 0.309259
0 0.551823 0.506019 0.070312 0.404630
0 0.544531 0.457870 0.056771 0.352778
0 0.296094 0.530093 0.111979 0.293519
0 0.266406 0.683333 0.106771 0.348148
0 0.226302 0.745370 0.168229 0.401852
0 0.544010 0.761574 0.111979 0.475000
