0 0.251042 0.455093 0.015625 0.106481
0 0.228906 0.394444 0.017188 0.090741
0 0.029427 0.152778 0.032813 0.150000
0 0.022917 0.181944 0.029167 0.162037
0 0.715885 0.069907 0.034896 0.139815
0 0.765885 0.087037 0.027604 0.166667
0 0.778125 0.140278 0.023958 0.137963
0 0.680729 0.180093 0.041667 0.197222
0 0.687760 0.273148 0.056771 0.242593
0 0.644792 0.273611 0.033333 0.176852
0 0.707812 0.212037 0.044792 0.231481
0 0.786198 0.190741 0.044271 0.225926
0 0.746354 0.290278 0.051042 0.289815
0 0.684115 0.323611 0.059896 0.271296
0 0.648698 0.335185 0.038021 0.224074
0 0.807292 0.383796 0.045833 0.247222
0 0.765625 0.376852 0.063542 0.296296
0 0.694010 0.454167 0.068229 0.369444
0 0.626042 0.512500 0.094792 0.360185
0 0.694792 0.563889 0.050000 0.151852
0 0.822135 0.591667 0.082812 0.533333
0 0.884635 0.706944 0.077604 0.499074
0 0.948438 0.497222 0.055208 0.392593
