0 0.908073 0.766667 0.072396 0.383333
0 0.588281 0.784259 0.111979 0.370370
0 0.565625 0.649074 0.130208 0.318519
0 0.529167 0.472685 0.073958 0.339815
0 0.450521 0.400463 0.056250 0.315741
0 0.500521 0.377315 0.045833 0.265741
0 0.466927 0.154630 0.025521 0.068519
0 0.425260 0.097685 0.008854 0.063889
0 0.378385 0.175463 0.022396 0.136111
0 0.343490 0.178241 0.020313 0.106481
0 0.354687 0.182407 0.017708 0.111111
0 0.355990 0.219907 0.040104 0.113889
0 0.441406 0.262037 0.029687 0.159259
0 0.483854 0.609722 0.100000 0.295370
0 0.359375 0.585648 0.061458 0.302778
0 0.286458 0.681481 0.132292 0.424074
0 0.959635 0.832407 0.074479 0.327778
0 0.778646 0.491667 0.058333 0.300000
0 0.638802 0.790278 0.114062 0.360185
0 0.596094 0.827778 0.105729 0.333333
0 0.500000 0.731481 0.098958 0.535185
0 0.152865 0.868056 0.118229 0.262037
0 0.398958 0.757870 0.134375 0.482407
