0 0.441667 0.083333 0.008333 0.037037
0 0.435156 0.084722 0.010937 0.058333
0 0.426302 0.075000 0.009896 0.057407
0 0.428125 0.082407 0.010417 0.055556
0 0.413542 0.064815 0.009375 0.048148
0 0.413802 0.089815 0.006771 0.038889
0 0.382031 0.137963 0.025521 0.074074
0 0.386979 0.132407 0.021875 0.068519
0 0.382552 0.143981 0.028646 0.073148
0 0.358333 0.184259 0.035417 0.092593
0 0.350521 0.210185 0.042708 0.103704
0 0.364583 0.183333 0.020833 0.124074
0 0.428125 0.212963 0.021875 0.151852
0 0.454948 0.264352 0.031771 0.210185
0 0.489323 0.261574 0.039062 0.213889
0 0.592448 0.772685 0.153646 0.367593
0 0.300781 0.430556 0.084896 0.225926
0 0.302604 0.464352 0.109375 0.265741
0 0.214323 0.671296 0.083854 0.527778
