0 0.119792 0.866667 0.095833 0.264815
0 0.148438 0.748148 0.097917 0.320370
0 0.548177 0.116204 0.022396 0.119444
0 0.484115 0.039815 0.014063 0.066667
0 0.562240 0.074537 0.013021 0.113889
0 0.498958 0.101389 0.020833 0.125000
0 0.520312 0.105093 0.022917 0.132407
0 0.438802 0.100926 0.020313 0.085185
0 0.448958 0.163889 0.019792 0.118519
0 0.419531 0.140278 0.043229 0.125000
0 0.359635 0.141204 0.026562 0.104630
0 0.331510 0.133333 0.016146 0.081481
0 0.330208 0.173611 0.028125 0.100926
0 0.378125 0.201389 0.036458 0.117593
0 0.347396 0.214815 0.026042 0.101852
0 0.326823 0.233333 0.028646 0.111111
0 0.300260 0.186574 0.030729 0.119444
0 0.303125 0.215741 0.035417 0.125926
0 0.252604 0.230556 0.028125 0.131481
0 0.264583 0.156019 0.029167 0.139815
0 0.236198 0.184722 0.031771 0.162037
0 0.200781 0.184722 0.022396 0.163889
0 0.528646 0.292593 0.051042 0.251852
0 0.470052 0.278704 0.042188 0.237037
0 0.385937 0.283333 0.040625 0.190741
0 0.424219 0.271296 0.039062 0.251852
0 0.399479 0.298611 0.038542 0.250926
0 0.190365 0.291667 0.044271 0.268519
0 0.253646 0.427315 0.057292 0.167593
0 0.320833 0.452315 0.057292 0.212037
0 0.209115 0.398148 0.053646 0.238889
0 0.113021 0.356019 0.029167 0.095370
0 0.079687 0.411111 0.056250 0.200000
0 0.269531 0.541204 0.072396 0.278704
0 0.254427 0.583796 0.072396 0.275000
0 0.141927 0.499537 0.067187 0.293519
0 0.078906 0.499074 0.063021 0.257407
0 0.030729 0.567130 0.056250 0.341667
0 0.589844 0.243981 0.031771 0.212037
0 0.606250 0.393056 0.054167 0.286111
0 0.530208 0.346759 0.044792 0.284259
0 0.477604 0.343056 0.046875 0.269444
0 0.660417 0.817593 0.097917 0.362963
0 0.517448 0.810648 0.122396 0.376852
