0 0.624479 0.766204 0.101042 0.419444
0 0.149479 0.189352 0.020833 0.100926
0 0.496615 0.115278 0.008854 0.041667
0 0.412760 0.404630 0.039062 0.198148
0 0.484635 0.750926 0.077604 0.388889
0 0.118750 0.212500 0.019792 0.121296
0 0.144531 0.207407 0.013021 0.096296
0 0.142187 0.204167 0.019792 0.115741
0 0.152083 0.219907 0.019792 0.115741
0 0.131510 0.212037 0.016146 0.111111
0 0.481771 0.136111 0.010417 0.053704
0 0.131771 0.581944 0.015625 0.108333
0 0.534896 0.218519 0.011458 0.101852
0 0.184115 0.225926 0.026562 0.122222
0 0.466927 0.361574 0.022396 0.169444
0 0.538281 0.407407 0.033854 0.203704
0 0.275260 0.130093 0.006771 0.036111
0 0.411979 0.597685 0.088542 0.363889
0 0.572135 0.698611 0.071354 0.352778
0 0.492708 0.137037 0.012500 0.051852
0 0.505469 0.185185 0.014063 0.079630
0 0.475260 0.138889 0.008854 0.053704
0 0.267448 0.131944 0.006771 0.036111
0 0.505729 0.126389 0.007292 0.034259
0 0.497396 0.162963 0.014583 0.059259
0 0.266667 0.252315 0.023958 0.137963
0 0.491667 0.217593 0.019792 0.100000
0 0.536198 0.236574 0.030729 0.113889
0 0.514844 0.378704 0.034896 0.225926
0 0.517188 0.262963 0.023958 0.111111
0 0.414583 0.375463 0.043750 0.212037
0 0.403906 0.155556 0.022396 0.075926
0 0.494792 0.395370 0.037500 0.225926
0 0.547396 0.435648 0.040625 0.223148
0 0.409896 0.197222 0.023958 0.092593
0 0.598437 0.505093 0.046875 0.230556
0 0.471615 0.420833 0.039062 0.208333
0 0.499219 0.615278 0.068229 0.337963
0 0.412500 0.792593 0.100000 0.398148
0 0.444010 0.655093 0.077604 0.286111
0 0.098958 0.850463 0.092708 0.297222
0 0.254948 0.795370 0.077604 0.398148
0 0.289583 0.826389 0.100000 0.339815
0 0.543229 0.856019 0.088542 0.276852
0 0.456771 0.873611 0.084375 0.250926
0 0.373958 0.875000 0.095833 0.238889
