0 0.564844 0.749537 0.073438 0.493519
0 0.470573 0.200926 0.032813 0.105556
0 0.250781 0.681944 0.156771 0.347222
0 0.641146 0.648148 0.085417 0.153704
0 0.421094 0.273148 0.038021 0.166667
0 0.373437 0.193056 0.022917 0.058333
0 0.429167 0.137963 0.017708 0.088889
0 0.346615 0.145370 0.014063 0.048148
0 0.467187 0.123148 0.016667 0.085185
0 0.445833 0.159722 0.021875 0.121296
0 0.361198 0.253704 0.063021 0.137037
0 0.485156 0.287037 0.038021 0.229630
0 0.402344 0.145370 0.023438 0.098148
0 0.516667 0.765741 0.056250 0.316667
0 0.566667 0.452315 0.087500 0.278704
0 0.620052 0.557870 0.036979 0.128704
0 0.372917 0.173611 0.045833 0.086111
0 0.378646 0.156944 0.014583 0.052778
0 0.399219 0.080556 0.013021 0.057407
0 0.448437 0.074074 0.011458 0.038889
0 0.433333 0.082407 0.015625 0.040741
0 0.657552 0.830093 0.117188 0.337963
0 0.546875 0.477778 0.054167 0.305556
