0 0.726823 0.104630 0.030729 0.175926
0 0.766927 0.119907 0.033854 0.169444
0 0.757552 0.124074 0.038021 0.181481
0 0.723437 0.133333 0.039583 0.162963
0 0.684375 0.131944 0.032292 0.169444
0 0.659375 0.132870 0.033333 0.160185
0 0.727865 0.212037 0.041146 0.240741
0 0.663802 0.232407 0.050521 0.218519
0 0.692969 0.353241 0.046354 0.299074
0 0.754687 0.334722 0.054167 0.347222
0 0.698438 0.393056 0.059375 0.345370
0 0.789583 0.392593 0.066667 0.305556
0 0.733073 0.496296 0.093229 0.444444
0 0.801302 0.539352 0.076563 0.389815
0 0.055208 0.160185 0.031250 0.157407
0 0.929427 0.483796 0.065104 0.363889
