0 0.419271 0.113426 0.012500 0.086111
0 0.408073 0.106481 0.007812 0.066667
0 0.413802 0.144444 0.022396 0.109259
0 0.431250 0.106019 0.016667 0.080556
0 0.441406 0.134722 0.020313 0.108333
0 0.457292 0.116204 0.013542 0.082407
0 0.452604 0.164352 0.025000 0.095370
0 0.476042 0.154167 0.018750 0.112037
0 0.478385 0.168056 0.019271 0.099074
0 0.483854 0.241204 0.047917 0.126852
0 0.373958 0.212963 0.028125 0.185185
0 0.366406 0.229167 0.043229 0.134259
0 0.350521 0.222685 0.034375 0.108333
0 0.360417 0.268981 0.071875 0.156481
0 0.355208 0.283796 0.078125 0.150926
0 0.528646 0.418981 0.054167 0.356481
0 0.555990 0.560648 0.118229 0.271296
0 0.561458 0.608333 0.143750 0.301852
0 0.586198 0.716204 0.203646 0.350926
0 0.611979 0.793519 0.178125 0.375926
0 0.315104 0.430093 0.057292 0.367593
0 0.276562 0.543056 0.088542 0.289815
0 0.246354 0.638426 0.137500 0.354630
0 0.219010 0.756481 0.157812 0.392593
0 0.860417 0.520370 0.060417 0.266667
