0 0.814063 0.727315 0.093750 0.441667
0 0.604688 0.753241 0.177083 0.341667
0 0.201042 0.638426 0.061458 0.563889
0 0.268490 0.539815 0.099479 0.296296
0 0.305469 0.475000 0.116146 0.266667
0 0.538802 0.526389 0.070312 0.358333
0 0.490104 0.494907 0.052083 0.349074
0 0.386198 0.482407 0.085938 0.425926
0 0.360156 0.297685 0.055729 0.145370
0 0.448177 0.256019 0.031771 0.178704
0 0.479948 0.247685 0.035937 0.193519
0 0.354687 0.201389 0.019792 0.149074
0 0.386198 0.131944 0.014063 0.065741
0 0.390885 0.132870 0.013021 0.052778
0 0.427604 0.073611 0.007292 0.054630
0 0.407292 0.084259 0.009375 0.057407
0 0.765104 0.537963 0.052083 0.333333
0 0.857552 0.720833 0.069271 0.413889
0 0.312500 0.379630 0.082292 0.309259
0 0.694531 0.483796 0.054688 0.352778
0 0.428125 0.285185 0.040625 0.209259
0 0.578125 0.641204 0.128125 0.321296
0 0.496615 0.258796 0.017188 0.137963
0 0.728906 0.512037 0.051562 0.331481
0 0.344271 0.215741 0.020833 0.166667
0 0.257812 0.611574 0.110417 0.352778
0 0.366406 0.207407 0.021354 0.142593
0 0.384896 0.146759 0.034375 0.073148
0 0.284635 0.512963 0.103646 0.261111
0 0.388281 0.132407 0.011979 0.070370
0 0.441406 0.076389 0.008854 0.054630
0 0.545052 0.467130 0.070312 0.334259
0 0.428125 0.082870 0.011458 0.056481
0 0.412500 0.072222 0.008333 0.059259
0 0.508333 0.461111 0.052083 0.329630
0 0.443490 0.512963 0.057813 0.331481
0 0.570833 0.768981 0.085417 0.460185
