0 0.548177 0.562037 0.095312 0.270370
0 0.421615 0.536574 0.073438 0.330556
0 0.383073 0.134259 0.018229 0.088889
0 0.461719 0.123611 0.017188 0.089815
0 0.438802 0.134259 0.014063 0.090741
0 0.359635 0.168981 0.028646 0.125000
0 0.361979 0.242593 0.038542 0.138889
0 0.608854 0.795833 0.167708 0.286111
0 0.460417 0.205556 0.019792 0.146296
0 0.400260 0.137037 0.010937 0.100000
0 0.313021 0.453704 0.071875 0.235185
0 0.417708 0.131019 0.015625 0.100926
0 0.453646 0.137963 0.018750 0.087037
0 0.362500 0.191204 0.022917 0.110185
0 0.432031 0.159722 0.025521 0.113889
0 0.392708 0.381019 0.053125 0.276852
0 0.344792 0.196296 0.018750 0.100000
0 0.409635 0.064815 0.007812 0.037037
0 0.575260 0.589815 0.114062 0.246296
0 0.433333 0.097222 0.012500 0.064815
0 0.581771 0.704630 0.180208 0.331481
0 0.413021 0.082870 0.012500 0.060185
0 0.401042 0.205556 0.035417 0.172222
0 0.449740 0.073611 0.008854 0.050926
0 0.352865 0.262037 0.053646 0.133333
0 0.348698 0.282407 0.055729 0.148148
0 0.429948 0.212500 0.029687 0.147222
0 0.377604 0.185648 0.026042 0.150926
0 0.441667 0.210648 0.020833 0.143519
0 0.486719 0.188889 0.020313 0.142593
0 0.479948 0.212037 0.030729 0.144444
0 0.472396 0.470370 0.058333 0.357407
0 0.292708 0.508333 0.094792 0.237037
0 0.238542 0.656019 0.139583 0.371296
0 0.236979 0.776852 0.138542 0.377778
0 0.375000 0.650926 0.108333 0.553704
0 0.431250 0.433796 0.034375 0.228704
0 0.414583 0.769907 0.093750 0.458333
0 0.543750 0.841204 0.091667 0.315741
