0 0.231250 0.472222 0.020833 0.100000
0 0.750000 0.100463 0.030208 0.173148
0 0.783073 0.107870 0.034896 0.167593
0 0.734115 0.144907 0.027604 0.176852
0 0.706250 0.137963 0.036458 0.190741
0 0.763021 0.196759 0.043750 0.219444
0 0.715885 0.195833 0.033854 0.223148
0 0.814583 0.207407 0.040625 0.229630
0 0.777083 0.277315 0.044792 0.254630
0 0.736719 0.298148 0.051562 0.298148
0 0.650000 0.148148 0.031250 0.209259
0 0.826562 0.531481 0.070833 0.437037
0 0.701562 0.367130 0.051042 0.339815
0 0.696094 0.416204 0.056771 0.345370
0 0.641406 0.418519 0.048438 0.370370
0 0.688021 0.461574 0.077083 0.371296
0 0.054688 0.125000 0.026042 0.125926
0 0.062760 0.185648 0.020313 0.080556
0 0.031250 0.140741 0.020833 0.118519
0 0.923958 0.556481 0.069792 0.374074
0 0.608594 0.556019 0.075521 0.413889
0 0.830990 0.656944 0.093229 0.497222
0 0.742448 0.689815 0.100521 0.464815
0 0.613542 0.813426 0.129167 0.356481
0 0.505208 0.854167 0.131250 0.276852
