0 0.413802 0.068056 0.008854 0.039815
0 0.420573 0.063889 0.009896 0.048148
0 0.423698 0.123611 0.011979 0.060185
0 0.412500 0.137500 0.027083 0.106481
0 0.383854 0.134259 0.013542 0.068519
0 0.384375 0.145833 0.032292 0.078704
0 0.365365 0.175926 0.031771 0.085185
0 0.359375 0.192593 0.037500 0.109259
0 0.373958 0.158796 0.021875 0.089815
0 0.355729 0.243056 0.039583 0.117593
0 0.436198 0.071296 0.011979 0.051852
0 0.436719 0.110185 0.015104 0.090741
0 0.447656 0.129167 0.021354 0.110185
0 0.408594 0.169444 0.023438 0.120370
0 0.433073 0.188426 0.019271 0.106481
0 0.469271 0.172685 0.038542 0.100926
0 0.483333 0.232870 0.019792 0.137963
0 0.363802 0.293056 0.069271 0.160185
0 0.802344 0.523148 0.063021 0.337037
0 0.532813 0.461111 0.060417 0.342593
0 0.496354 0.482870 0.046875 0.360185
0 0.559115 0.519444 0.095312 0.342593
0 0.578646 0.639815 0.125000 0.314815
0 0.568750 0.711111 0.139583 0.309259
0 0.603125 0.771759 0.173958 0.347222
0 0.269271 0.536574 0.102083 0.267593
0 0.284375 0.517130 0.104167 0.265741
0 0.308333 0.478241 0.110417 0.262037
0 0.258333 0.616667 0.110417 0.333333
0 0.200781 0.638426 0.065104 0.560185
0 0.870052 0.541667 0.067187 0.303704
0 0.616406 0.837037 0.125521 0.324074
