0 0.567448 0.064815 0.010937 0.098148
0 0.547656 0.069907 0.015104 0.110185
0 0.515104 0.068519 0.019792 0.107407
0 0.032292 0.481019 0.046875 0.193519
0 0.528385 0.095370 0.017188 0.098148
0 0.510156 0.086111 0.016146 0.112963
0 0.506510 0.071759 0.015104 0.117593
0 0.607812 0.335648 0.053125 0.173148
0 0.533854 0.061574 0.014583 0.102778
0 0.599219 0.256944 0.031771 0.208333
0 0.491927 0.299074 0.047396 0.268519
0 0.405469 0.243056 0.038021 0.139815
0 0.361979 0.046759 0.015625 0.076852
0 0.294531 0.136111 0.021354 0.107407
0 0.555990 0.057870 0.010937 0.106481
0 0.267708 0.268981 0.039583 0.152778
0 0.595052 0.172685 0.030729 0.182407
0 0.100521 0.383796 0.047917 0.189815
0 0.402604 0.152778 0.032292 0.096296
0 0.316406 0.450926 0.078646 0.242593
0 0.553125 0.216667 0.051042 0.207407
0 0.109115 0.570370 0.076563 0.212963
0 0.393490 0.194444 0.020313 0.109259
0 0.380990 0.207870 0.030729 0.123148
0 0.153646 0.780556 0.100000 0.301852
0 0.125521 0.877315 0.129167 0.243519
0 0.417708 0.238889 0.023958 0.142593
0 0.215885 0.262037 0.036979 0.138889
0 0.349740 0.176389 0.025521 0.123148
0 0.571094 0.385185 0.077604 0.298148
0 0.284375 0.127778 0.019792 0.133333
0 0.249740 0.179167 0.039062 0.182407
0 0.377865 0.048148 0.015104 0.083333
0 0.203125 0.280093 0.042708 0.147222
0 0.320052 0.148611 0.024479 0.093519
0 0.303646 0.262037 0.035417 0.155556
0 0.411979 0.136111 0.016667 0.103704
0 0.228646 0.399074 0.035417 0.185185
0 0.338021 0.314815 0.048958 0.168519
0 0.079948 0.415741 0.059896 0.209259
0 0.330469 0.086111 0.026562 0.120370
0 0.332292 0.429630 0.061458 0.235185
0 0.433073 0.211574 0.032813 0.139815
0 0.203646 0.425926 0.062500 0.192593
0 0.443490 0.196296 0.028646 0.129630
0 0.074479 0.560648 0.038542 0.249074
0 0.132031 0.529630 0.058854 0.270370
0 0.174479 0.580093 0.073958 0.217593
0 0.322656 0.181481 0.033854 0.116667
0 0.572396 0.177315 0.033333 0.171296
