0 0.557031 0.078704 0.013021 0.105556
0 0.122135 0.745370 0.072396 0.325926
0 0.303125 0.261111 0.032292 0.172222
0 0.263802 0.269907 0.029687 0.160185
0 0.031250 0.498611 0.058333 0.200926
0 0.592448 0.220833 0.026562 0.180556
0 0.459375 0.137500 0.032292 0.132407
0 0.091927 0.543519 0.070312 0.214815
0 0.339844 0.227778 0.039062 0.122222
0 0.327604 0.299074 0.047917 0.159259
0 0.211719 0.387963 0.052604 0.183333
0 0.146615 0.430093 0.054688 0.180556
0 0.114583 0.368519 0.053125 0.190741
0 0.416146 0.403241 0.064583 0.300926
0 0.222917 0.526389 0.063542 0.286111
0 0.339323 0.271296 0.029687 0.170370
0 0.493750 0.080556 0.018750 0.105556
0 0.185156 0.565741 0.070312 0.212963
0 0.341146 0.114352 0.018750 0.130556
0 0.250000 0.294907 0.048958 0.169444
0 0.458333 0.306481 0.047917 0.255556
0 0.382812 0.299074 0.052083 0.172222
0 0.544271 0.038889 0.015625 0.077778
0 0.457292 0.212963 0.039583 0.181481
0 0.391146 0.288889 0.051042 0.168519
0 0.085156 0.410185 0.059896 0.174074
0 0.598437 0.255556 0.027083 0.181481
0 0.373958 0.219907 0.028125 0.136111
0 0.660937 0.767130 0.088542 0.463889
0 0.515104 0.132407 0.025000 0.150000
0 0.348177 0.383333 0.042188 0.214815
0 0.533594 0.287963 0.050521 0.251852
0 0.235937 0.179630 0.026042 0.140741
0 0.564323 0.212963 0.036979 0.207407
0 0.253646 0.437500 0.059375 0.217593
0 0.500000 0.205556 0.035417 0.168519
0 0.195573 0.284259 0.046354 0.151852
0 0.101562 0.837500 0.130208 0.323148
0 0.065625 0.274537 0.033333 0.100926
0 0.617188 0.370370 0.054167 0.240741
0 0.112500 0.896296 0.130208 0.205556
0 0.563802 0.818981 0.109896 0.360185
