0 0.407031 0.430093 0.040104 0.225000
0 0.499740 0.167130 0.011979 0.067593
0 0.517448 0.167130 0.015104 0.073148
0 0.477604 0.135648 0.011458 0.060185
0 0.075781 0.722222 0.084896 0.429630
0 0.145052 0.738426 0.074479 0.413889
0 0.605990 0.717593 0.066146 0.390741
0 0.140625 0.157870 0.017708 0.086111
0 0.123698 0.194907 0.023438 0.104630
0 0.493490 0.131944 0.010937 0.049074
0 0.423698 0.151852 0.011979 0.061111
0 0.419271 0.507407 0.059375 0.303704
0 0.112500 0.181019 0.015625 0.115741
0 0.456510 0.434259 0.046354 0.225926
0 0.537240 0.527315 0.053646 0.243519
0 0.479948 0.209722 0.022396 0.099074
0 0.678385 0.728241 0.072396 0.347222
0 0.519010 0.366667 0.033854 0.177778
0 0.541927 0.425463 0.048438 0.219444
0 0.494010 0.345370 0.031771 0.205556
0 0.530469 0.890278 0.073438 0.208333
0 0.469531 0.825926 0.109896 0.346296
