0 0.725260 0.091204 0.030729 0.141667
0 0.697135 0.080556 0.034896 0.153704
0 0.646354 0.183333 0.044792 0.242593
0 0.668229 0.216667 0.044792 0.255556
0 0.778646 0.138426 0.041667 0.193519
0 0.746875 0.201852 0.057292 0.255556
0 0.761198 0.372222 0.069271 0.320370
0 0.788021 0.704630 0.098958 0.396296
0 0.686458 0.671759 0.103125 0.497222
0 0.355729 0.470833 0.025000 0.089815
0 0.088542 0.546759 0.021875 0.134259
0 0.076302 0.546759 0.020313 0.115741
0 0.048438 0.530556 0.040625 0.129630
0 0.054167 0.524074 0.017708 0.075926
0 0.045052 0.153704 0.038021 0.172222
