0 0.522656 0.072685 0.015104 0.032407
0 0.523177 0.060185 0.020313 0.083333
0 0.561719 0.052778 0.017188 0.087037
0 0.543229 0.073611 0.015625 0.099074
0 0.501302 0.147685 0.018229 0.100926
0 0.524740 0.143519 0.025521 0.129630
0 0.523438 0.207870 0.029167 0.175000
0 0.483073 0.199074 0.021354 0.120370
0 0.504167 0.103241 0.025000 0.126852
0 0.453385 0.158333 0.021354 0.118519
0 0.409635 0.129630 0.032813 0.148148
0 0.338542 0.077778 0.023958 0.100000
0 0.439844 0.197685 0.031771 0.125000
0 0.417969 0.234259 0.032813 0.201852
0 0.319010 0.142593 0.021354 0.088889
0 0.332031 0.180093 0.038021 0.093519
0 0.355729 0.272222 0.037500 0.162963
0 0.343750 0.306019 0.039583 0.145370
0 0.300781 0.206944 0.023438 0.099074
0 0.293229 0.227778 0.040625 0.129630
0 0.267448 0.249074 0.032813 0.138889
0 0.248438 0.283333 0.050000 0.153704
0 0.584115 0.167593 0.023438 0.164815
0 0.589844 0.200463 0.025521 0.186111
0 0.597135 0.316667 0.040104 0.246296
0 0.500260 0.311574 0.036979 0.262037
0 0.514583 0.368056 0.059375 0.287963
0 0.550260 0.358796 0.038021 0.282407
0 0.613281 0.393981 0.040104 0.280556
0 0.623698 0.552778 0.072396 0.381481
0 0.453125 0.367130 0.048958 0.260185
0 0.455208 0.564352 0.089583 0.408333
0 0.175781 0.231944 0.034896 0.206481
0 0.196354 0.332870 0.046875 0.187963
0 0.338542 0.409259 0.053125 0.222222
0 0.336979 0.643056 0.088542 0.500926
0 0.195573 0.637500 0.074479 0.413889
0 0.119792 0.281944 0.046875 0.215741
0 0.072396 0.297222 0.059375 0.238889
0 0.102604 0.388889 0.055208 0.166667
0 0.065625 0.405093 0.056250 0.213889
0 0.023438 0.398148 0.042708 0.174074
0 0.078906 0.612500 0.070312 0.215741
0 0.140885 0.862963 0.066146 0.237037
0 0.573958 0.735648 0.094792 0.413889
0 0.692448 0.808333 0.101562 0.379630
0 0.661198 0.756944 0.074479 0.399074
0 0.550521 0.825000 0.096875 0.348148
0 0.274219 0.735648 0.120313 0.489815
0 0.286719 0.822222 0.159896 0.353704
0 0.390625 0.740741 0.087500 0.450000
0 0.448437 0.745370 0.058333 0.387037
