0 0.137500 0.166204 0.016667 0.099074
0 0.153125 0.212963 0.023958 0.127778
0 0.154688 0.189352 0.016667 0.069444
0 0.253385 0.241667 0.019271 0.107407
0 0.526563 0.705093 0.100000 0.426852
0 0.398438 0.541204 0.048958 0.282407
0 0.439583 0.537963 0.052083 0.298148
0 0.502604 0.580093 0.056250 0.360185
0 0.552083 0.618981 0.060417 0.349074
0 0.464583 0.337963 0.036458 0.183333
0 0.504687 0.367130 0.037500 0.193519
0 0.533594 0.388889 0.035937 0.172222
0 0.508594 0.331019 0.028646 0.162037
0 0.534635 0.337500 0.031771 0.191667
0 0.497917 0.277778 0.032292 0.172222
0 0.534115 0.240741 0.017188 0.125926
0 0.543490 0.250463 0.015104 0.104630
0 0.670833 0.840278 0.075000 0.317593
0 0.554427 0.828241 0.117188 0.339815
0 0.469271 0.815278 0.095833 0.365741
0 0.410677 0.209259 0.021354 0.070370
