0 0.430469 0.633796 0.078646 0.350926
0 0.400521 0.467593 0.053125 0.259259
0 0.501042 0.181481 0.013542 0.072222
0 0.469531 0.455556 0.047396 0.235185
0 0.558854 0.341204 0.030208 0.180556
0 0.202604 0.220833 0.033333 0.123148
0 0.423698 0.342593 0.034896 0.161111
0 0.476042 0.296296 0.020833 0.098148
0 0.229687 0.225463 0.041667 0.132407
0 0.456510 0.356944 0.038021 0.195370
0 0.541667 0.394907 0.040625 0.165741
0 0.529948 0.668519 0.074479 0.403704
0 0.403906 0.199074 0.019271 0.100000
0 0.136458 0.219907 0.028125 0.136111
0 0.511198 0.389352 0.041146 0.215741
0 0.480469 0.181944 0.017188 0.043519
0 0.559375 0.353241 0.025000 0.123148
0 0.529948 0.250000 0.022396 0.087037
0 0.418490 0.205093 0.017188 0.078704
0 0.143750 0.603704 0.020833 0.066667
0 0.491667 0.162963 0.013542 0.070370
0 0.128646 0.155556 0.015625 0.085185
0 0.507552 0.346296 0.033854 0.211111
0 0.118750 0.116667 0.001042 0.000000
