0 0.778906 0.100000 0.032813 0.185185
0 0.747135 0.091667 0.027604 0.155556
0 0.712760 0.117130 0.029687 0.152778
0 0.748177 0.146296 0.040104 0.192593
0 0.671094 0.119444 0.027604 0.188889
0 0.653906 0.128704 0.021354 0.209259
0 0.722656 0.210648 0.048438 0.210185
0 0.668490 0.236111 0.051562 0.283333
0 0.688021 0.234722 0.029167 0.197222
0 0.721094 0.263426 0.051562 0.256481
0 0.722656 0.423148 0.080729 0.409259
0 0.747396 0.399074 0.055208 0.329630
0 0.371094 0.690278 0.088021 0.458333
0 0.292187 0.602778 0.089583 0.485185
0 0.362500 0.386574 0.037500 0.141667
0 0.078646 0.562500 0.035417 0.178704
0 0.057292 0.563426 0.019792 0.165741
0 0.750000 0.904630 0.125000 0.188889
