0 0.386979 0.064815 0.018750 0.085185
0 0.454427 0.125000 0.040104 0.094444
0 0.514323 0.138426 0.026562 0.125000
0 0.286198 0.103241 0.021354 0.110185
0 0.505208 0.143056 0.030208 0.110185
0 0.303646 0.139815 0.029167 0.061111
0 0.356250 0.129630 0.038542 0.061111
0 0.393750 0.169444 0.036458 0.064815
0 0.435417 0.153704 0.031250 0.061111
0 0.541406 0.151389 0.036979 0.186111
0 0.475781 0.180556 0.036979 0.183333
0 0.461719 0.336111 0.070312 0.324074
0 0.240104 0.127778 0.041667 0.150000
0 0.511458 0.240741 0.045833 0.227778
0 0.599219 0.214815 0.038021 0.179630
0 0.563021 0.212037 0.046875 0.162963
0 0.584375 0.303704 0.043750 0.227778
0 0.585677 0.382407 0.040104 0.316667
0 0.609375 0.402778 0.044792 0.316667
0 0.475000 0.375000 0.060417 0.318519
0 0.446615 0.460185 0.076563 0.370370
0 0.378646 0.298148 0.052083 0.172222
0 0.340625 0.251389 0.050000 0.115741
0 0.328125 0.271759 0.057292 0.112037
0 0.308854 0.216667 0.046875 0.103704
0 0.265104 0.218519 0.042708 0.077778
0 0.220052 0.168519 0.040104 0.162963
0 0.193490 0.170370 0.025521 0.148148
0 0.157552 0.256481 0.030729 0.172222
0 0.182552 0.260185 0.035937 0.172222
0 0.339323 0.408333 0.051562 0.201852
0 0.276042 0.351852 0.096875 0.183333
0 0.235677 0.350463 0.067187 0.219444
0 0.285417 0.541204 0.091667 0.289815
0 0.191406 0.552315 0.070312 0.200926
0 0.161458 0.398148 0.057292 0.231481
0 0.123958 0.381019 0.046875 0.265741
0 0.076042 0.291204 0.059375 0.202778
0 0.079687 0.377315 0.052083 0.136111
0 0.066406 0.443056 0.070312 0.137963
0 0.098698 0.535648 0.077604 0.199074
0 0.033073 0.504630 0.065104 0.151852
0 0.127083 0.673611 0.084375 0.193519
0 0.065104 0.681019 0.061458 0.139815
0 0.108073 0.827778 0.119271 0.331481
0 0.030208 0.822222 0.055208 0.227778
0 0.689844 0.856944 0.080729 0.284259
0 0.630469 0.818519 0.104688 0.361111
