0 0.407552 0.177315 0.015104 0.080556
0 0.417708 0.193981 0.019792 0.095370
0 0.449219 0.741204 0.076563 0.426852
0 0.500521 0.396759 0.039583 0.208333
0 0.536198 0.284259 0.027604 0.140741
0 0.458073 0.300000 0.035937 0.162963
0 0.482031 0.202778 0.017188 0.081481
0 0.503646 0.200000 0.015625 0.074074
0 0.477865 0.123148 0.009896 0.050000
0 0.140625 0.206481 0.016667 0.096296
0 0.108594 0.535185 0.018229 0.100000
0 0.681250 0.718981 0.070833 0.365741
0 0.521354 0.210185 0.023958 0.090741
0 0.491406 0.163889 0.009896 0.057407
0 0.573958 0.751389 0.072917 0.360185
0 0.483333 0.157870 0.011458 0.069444
0 0.386979 0.756019 0.076042 0.397222
0 0.497656 0.354167 0.045312 0.180556
0 0.266146 0.224537 0.021875 0.123148
0 0.387760 0.173148 0.014063 0.051852
0 0.498437 0.258796 0.026042 0.117593
0 0.111458 0.177315 0.017708 0.104630
0 0.387500 0.193981 0.022917 0.095370
0 0.475781 0.263889 0.021354 0.101852
0 0.610156 0.880556 0.106771 0.231481
0 0.420573 0.611111 0.067187 0.300000
0 0.516667 0.835185 0.101042 0.322222
0 0.522135 0.766667 0.073438 0.318519
