0 0.627344 0.664352 0.124479 0.562037
0 0.148698 0.618056 0.165104 0.663889
0 0.163281 0.737500 0.064062 0.423148
0 0.135937 0.741204 0.101042 0.513889
0 0.308594 0.496296 0.110937 0.461111
0 0.417708 0.527778 0.103125 0.555556
0 0.451562 0.258333 0.085417 0.400000
0 0.528385 0.190741 0.074479 0.377778
0 0.556510 0.305093 0.075521 0.417593
0 0.598698 0.420833 0.082812 0.428704
0 0.655208 0.387037 0.094792 0.483333
0 0.506771 0.087037 0.051042 0.170370
0 0.321615 0.753241 0.153646 0.486111
0 0.426042 0.863889 0.127083 0.270370
