0 0.457292 0.156019 0.018750 0.108333
0 0.432812 0.263426 0.017708 0.102778
0 0.412500 0.242130 0.033333 0.171296
0 0.439583 0.200000 0.030208 0.155556
0 0.468490 0.257407 0.034896 0.185185
0 0.371094 0.175463 0.039062 0.102778
0 0.353385 0.208796 0.040104 0.099074
0 0.361458 0.277315 0.072917 0.149074
0 0.614583 0.649537 0.051042 0.430556
0 0.551302 0.534259 0.076563 0.396296
0 0.294271 0.422685 0.090625 0.200926
0 0.296615 0.519444 0.163021 0.253704
0 0.605729 0.776389 0.185417 0.367593
0 0.441667 0.075926 0.013542 0.042593
0 0.575000 0.633796 0.134375 0.291667
0 0.379948 0.142130 0.031771 0.080556
0 0.450000 0.573611 0.102083 0.437963
0 0.295312 0.435185 0.058333 0.225926
0 0.360677 0.191204 0.045312 0.106481
0 0.340885 0.660185 0.072396 0.372222
0 0.405469 0.119907 0.011979 0.078704
0 0.437760 0.160648 0.030729 0.117593
0 0.171615 0.848611 0.195312 0.300926
0 0.654427 0.810648 0.150521 0.376852
