0 0.509115 0.288426 0.021354 0.145370
0 0.154427 0.149537 0.015104 0.071296
0 0.138021 0.156481 0.019792 0.064815
0 0.480990 0.151389 0.014063 0.050926
0 0.509375 0.473611 0.053125 0.295370
0 0.500000 0.128241 0.012500 0.054630
0 0.530990 0.289352 0.029687 0.147222
0 0.442188 0.362037 0.034375 0.172222
0 0.447396 0.461111 0.040625 0.240741
0 0.382812 0.467130 0.027083 0.228704
0 0.565104 0.477778 0.060417 0.305556
0 0.128385 0.617593 0.033854 0.092593
0 0.473177 0.453704 0.044271 0.277778
0 0.393750 0.175000 0.018750 0.096296
0 0.509375 0.218056 0.023958 0.080556
0 0.261458 0.232407 0.028125 0.131481
0 0.402865 0.218056 0.020313 0.112037
0 0.229167 0.234259 0.027083 0.138889
0 0.407552 0.461111 0.042188 0.261111
0 0.485156 0.192130 0.022396 0.056481
0 0.488802 0.293981 0.022396 0.136111
0 0.679688 0.722685 0.072917 0.350926
0 0.482552 0.217593 0.022396 0.070370
0 0.474740 0.318519 0.034896 0.138889
0 0.433854 0.810185 0.095833 0.375926
0 0.565365 0.860648 0.117188 0.275000
