0 0.610156 0.766204 0.171354 0.352778
0 0.576302 0.692130 0.177604 0.317593
0 0.563542 0.702778 0.075000 0.372222
0 0.569792 0.637500 0.147917 0.315741
0 0.564844 0.588889 0.096354 0.192593
0 0.440625 0.094444 0.014583 0.070370
0 0.436979 0.075463 0.010417 0.049074
0 0.426563 0.080556 0.009375 0.053704
0 0.415104 0.072685 0.008333 0.047222
0 0.408854 0.075000 0.008333 0.040741
0 0.414323 0.087037 0.006771 0.037037
0 0.405208 0.091667 0.010417 0.053704
0 0.389844 0.124074 0.015104 0.053704
0 0.385417 0.132870 0.014583 0.062037
0 0.359375 0.169907 0.013542 0.089815
0 0.365885 0.190741 0.039062 0.107407
0 0.351562 0.195370 0.033333 0.151852
0 0.347396 0.202778 0.027083 0.142593
0 0.357812 0.256944 0.038542 0.134259
0 0.397656 0.210185 0.027604 0.129630
0 0.425260 0.209259 0.026562 0.166667
0 0.467969 0.230556 0.025521 0.138889
0 0.452083 0.381481 0.076042 0.292593
0 0.392448 0.349074 0.049479 0.251852
0 0.301042 0.418519 0.075000 0.183333
0 0.291667 0.444907 0.100000 0.234259
0 0.282552 0.516667 0.102604 0.264815
0 0.436198 0.585648 0.082812 0.423148
0 0.358854 0.617130 0.091667 0.439815
0 0.254688 0.608796 0.118750 0.347222
0 0.406771 0.731944 0.076042 0.426852
0 0.616406 0.864815 0.109896 0.268519
0 0.351823 0.784259 0.104688 0.429630
