0 0.455729 0.145833 0.009375 0.063889
0 0.475521 0.153704 0.010417 0.066667
0 0.485156 0.154167 0.011979 0.063889
0 0.507552 0.212500 0.021354 0.112037
0 0.515885 0.267593 0.025521 0.144444
0 0.478906 0.195370 0.022396 0.116667
0 0.459896 0.194907 0.018750 0.093519
0 0.454167 0.235185 0.023958 0.137037
0 0.487240 0.253241 0.027604 0.158333
0 0.506510 0.282870 0.036979 0.182407
0 0.428125 0.395833 0.056250 0.302778
0 0.484896 0.418519 0.050000 0.290741
0 0.418750 0.627778 0.093750 0.501852
0 0.452865 0.770370 0.109896 0.448148
