0 0.351302 0.281944 0.058854 0.149074
0 0.241927 0.661574 0.126562 0.376852
0 0.454167 0.153704 0.023958 0.122222
0 0.426823 0.114352 0.011979 0.062037
0 0.346875 0.188426 0.026042 0.154630
0 0.359896 0.269907 0.066667 0.154630
0 0.404167 0.311574 0.042708 0.263889
0 0.287500 0.529630 0.128125 0.274074
0 0.570312 0.707407 0.190625 0.338889
0 0.581510 0.598148 0.067187 0.459259
0 0.514062 0.376389 0.054167 0.267593
0 0.492448 0.210185 0.027604 0.150000
0 0.437240 0.226852 0.036979 0.185185
0 0.489063 0.240278 0.038542 0.117593
0 0.361719 0.228704 0.040104 0.120370
0 0.397135 0.144444 0.017188 0.105556
0 0.445573 0.118519 0.016146 0.088889
0 0.383594 0.121759 0.015104 0.086111
0 0.443750 0.528241 0.082292 0.389815
0 0.364844 0.174074 0.017188 0.081481
0 0.431771 0.156944 0.012500 0.089815
0 0.405469 0.163889 0.021354 0.138889
0 0.411979 0.071759 0.009375 0.054630
0 0.389844 0.208333 0.025521 0.153704
0 0.618750 0.798148 0.158333 0.359259
0 0.423438 0.078704 0.012500 0.062963
0 0.557031 0.599074 0.146354 0.268519
0 0.367969 0.191204 0.025521 0.134259
0 0.563021 0.451852 0.048958 0.307407
0 0.232031 0.749537 0.179688 0.415741
0 0.138281 0.788426 0.116146 0.419444
