0 0.268490 0.772222 0.155729 0.400000
0 0.241146 0.624537 0.137500 0.332407
0 0.285417 0.527778 0.120833 0.301852
0 0.577083 0.699537 0.190625 0.315741
0 0.630729 0.581481 0.073958 0.427778
0 0.566406 0.577778 0.071354 0.474074
0 0.429427 0.262037 0.044271 0.212963
0 0.491406 0.244444 0.035937 0.133333
0 0.464323 0.194444 0.017188 0.112963
0 0.456771 0.186111 0.019792 0.137037
0 0.459635 0.120833 0.018229 0.080556
0 0.436719 0.133333 0.013021 0.098148
0 0.391927 0.401852 0.072396 0.312963
0 0.344531 0.376852 0.060937 0.309259
0 0.288281 0.406944 0.052604 0.313889
0 0.297396 0.363426 0.039583 0.269444
0 0.372656 0.235185 0.038021 0.140741
0 0.352865 0.275000 0.055729 0.166667
0 0.378125 0.190278 0.020833 0.134259
0 0.392448 0.190741 0.016146 0.135185
0 0.401823 0.123611 0.011979 0.082407
0 0.449740 0.082870 0.007812 0.039815
0 0.435156 0.082407 0.007812 0.033333
0 0.427604 0.071296 0.008333 0.046296
0 0.585938 0.808796 0.184375 0.380556
