0 0.476562 0.664583 0.060417 0.257500
0 0.490885 0.100833 0.028646 0.096667
0 0.392448 0.145417 0.017188 0.057500
0 0.387760 0.166667 0.026562 0.098333
0 0.332552 0.106667 0.024479 0.088333
0 0.807292 0.270833 0.044792 0.155000
0 0.201042 0.400417 0.050000 0.170833
0 0.485677 0.500000 0.070312 0.185000
0 0.542969 0.137500 0.018229 0.060000
0 0.446875 0.183333 0.028125 0.110000
0 0.422396 0.207500 0.025000 0.116667
0 0.631510 0.124583 0.028646 0.114167
0 0.421354 0.222083 0.029167 0.129167
0 0.510938 0.315833 0.043750 0.151667
0 0.528385 0.127500 0.031771 0.086667
0 0.351562 0.406250 0.043750 0.182500
