0 0.059375 0.148611 0.028125 0.147222
0 0.015885 0.168056 0.026562 0.150926
0 0.040365 0.549537 0.032813 0.184259
0 0.421354 0.442593 0.060417 0.309259
0 0.708854 0.076389 0.028125 0.149074
0 0.674479 0.085648 0.027083 0.162037
0 0.701302 0.118981 0.031771 0.169444
0 0.661198 0.141667 0.040104 0.190741
0 0.693750 0.175463 0.023958 0.149074
0 0.762500 0.173148 0.041667 0.229630
0 0.652083 0.199074 0.046875 0.235185
0 0.648438 0.298148 0.059375 0.296296
0 0.787500 0.289815 0.061458 0.311111
0 0.663542 0.352315 0.061458 0.352778
0 0.871354 0.656019 0.103125 0.508333
0 0.935937 0.466204 0.061458 0.349074
0 0.933594 0.542593 0.067187 0.405556
0 0.633854 0.047222 0.025000 0.094444
0 0.427865 0.055556 0.022396 0.111111
0 0.460938 0.055556 0.021875 0.111111
0 0.488281 0.053241 0.023438 0.106481
