0 0.609635 0.807407 0.170313 0.333333
0 0.579688 0.706481 0.182292 0.335185
0 0.553906 0.589352 0.138021 0.282407
0 0.542448 0.430093 0.100521 0.332407
0 0.484115 0.241667 0.048438 0.122222
0 0.452865 0.101852 0.007812 0.048148
0 0.440104 0.101389 0.013542 0.063889
0 0.426302 0.076389 0.004687 0.032407
0 0.428646 0.079630 0.009375 0.048148
0 0.408073 0.075926 0.007812 0.048148
0 0.402083 0.076852 0.005208 0.037037
0 0.353125 0.174537 0.018750 0.128704
0 0.360156 0.195370 0.020313 0.129630
0 0.375521 0.194444 0.023958 0.150000
0 0.364583 0.248611 0.038542 0.137963
0 0.364063 0.256944 0.063542 0.143519
0 0.285938 0.372685 0.037500 0.323148
0 0.289583 0.519907 0.107292 0.308333
0 0.244271 0.642130 0.132292 0.367593
0 0.227344 0.744444 0.167187 0.396296
0 0.658594 0.854167 0.196354 0.284259
