0 0.416406 0.206019 0.018229 0.099074
0 0.395052 0.176389 0.018229 0.095370
0 0.483854 0.164352 0.015625 0.069444
0 0.517188 0.178704 0.012500 0.075926
0 0.495573 0.175463 0.016146 0.075000
0 0.486458 0.210648 0.011458 0.084259
0 0.509115 0.226852 0.022396 0.100000
0 0.505208 0.308333 0.025000 0.157407
0 0.535677 0.223148 0.016146 0.103704
0 0.475521 0.252778 0.023958 0.135185
0 0.536719 0.323611 0.024479 0.162037
0 0.492448 0.320370 0.040104 0.170370
0 0.526302 0.381019 0.036979 0.186111
0 0.471354 0.500926 0.056250 0.303704
0 0.416146 0.405093 0.041667 0.191667
0 0.583073 0.722685 0.076563 0.428704
0 0.515104 0.739815 0.083333 0.477778
0 0.406510 0.662037 0.065104 0.372222
0 0.134896 0.145370 0.015625 0.088889
0 0.259115 0.229167 0.027604 0.126852
0 0.173177 0.223611 0.027604 0.115741
0 0.148177 0.211574 0.019271 0.119444
0 0.114323 0.234259 0.022396 0.137037
0 0.009375 0.666204 0.018750 0.117593
0 0.683594 0.853241 0.075521 0.282407
0 0.375260 0.881019 0.108854 0.236111
0 0.406510 0.842593 0.077604 0.296296
0 0.323958 0.815741 0.093750 0.366667
