0 0.742188 0.085185 0.032292 0.170370
0 0.776563 0.092130 0.030208 0.171296
0 0.700781 0.104167 0.031771 0.167593
0 0.661198 0.115278 0.039062 0.197222
0 0.754948 0.141667 0.036979 0.196296
0 0.722656 0.212037 0.033854 0.242593
0 0.696094 0.326852 0.048438 0.300000
0 0.638021 0.347222 0.055208 0.311111
0 0.705208 0.452315 0.057292 0.358333
0 0.765885 0.465741 0.067187 0.388889
0 0.650000 0.499537 0.103125 0.430556
0 0.228385 0.381481 0.023438 0.112963
0 0.030729 0.519444 0.038542 0.142593
0 0.028646 0.149074 0.026042 0.138889
0 0.386979 0.400463 0.019792 0.102778
0 0.807552 0.790278 0.114062 0.408333
0 0.667188 0.769907 0.126042 0.458333
0 0.507552 0.766204 0.104688 0.465741
