0 0.733854 0.114815 0.029167 0.142593
0 0.759635 0.158333 0.044271 0.212963
0 0.634896 0.241204 0.050000 0.262037
0 0.719010 0.229630 0.046354 0.233333
0 0.695312 0.273611 0.034375 0.186111
0 0.783073 0.436574 0.071354 0.369444
0 0.723437 0.417130 0.075000 0.408333
0 0.658073 0.337037 0.082812 0.296296
0 0.597396 0.693056 0.095833 0.486111
0 0.662760 0.719907 0.066146 0.358333
0 0.930990 0.477315 0.064062 0.367593
0 0.362760 0.063426 0.034896 0.123148
0 0.358333 0.484722 0.028125 0.121296
0 0.658594 0.788426 0.115104 0.419444
0 0.854167 0.791204 0.133333 0.410185
