0 0.411198 0.068981 0.011979 0.052778
0 0.413021 0.100463 0.012500 0.063889
0 0.406250 0.114352 0.010417 0.071296
0 0.354427 0.182407 0.019271 0.133333
0 0.393490 0.181944 0.023438 0.150926
0 0.365365 0.210185 0.026562 0.166667
0 0.407292 0.203704 0.030208 0.170370
0 0.435937 0.097685 0.014583 0.073148
0 0.452083 0.107870 0.014583 0.084259
0 0.466146 0.154630 0.018750 0.131481
0 0.443490 0.159259 0.018229 0.112963
0 0.479948 0.206481 0.035937 0.101852
0 0.504167 0.262500 0.031250 0.186111
0 0.954427 0.714815 0.064062 0.325926
0 0.582292 0.759722 0.228125 0.354630
0 0.566406 0.663889 0.108854 0.311111
0 0.549219 0.652778 0.076563 0.174074
0 0.571354 0.521296 0.077083 0.225926
0 0.516927 0.476389 0.085938 0.217593
0 0.439063 0.441667 0.086458 0.366667
0 0.389583 0.394444 0.063542 0.301852
0 0.389323 0.546759 0.041146 0.163889
0 0.300521 0.473611 0.106250 0.262037
0 0.236458 0.681481 0.144792 0.355556
0 0.677604 0.865741 0.144792 0.266667
0 0.615625 0.842130 0.134375 0.313889
0 0.100521 0.884259 0.140625 0.227778
