0 0.731771 0.145833 0.035417 0.230556
0 0.688021 0.163889 0.042708 0.188889
0 0.642448 0.354167 0.058854 0.330556
0 0.794792 0.393519 0.060417 0.388889
0 0.765625 0.471296 0.063542 0.368519
0 0.717969 0.489352 0.064062 0.330556
0 0.663021 0.598611 0.107292 0.450926
0 0.359635 0.042593 0.008854 0.066667
0 0.235677 0.422685 0.013021 0.067593
0 0.017969 0.137500 0.020313 0.128704
0 0.488281 0.456019 0.051562 0.302778
0 0.409115 0.348148 0.016146 0.072222
0 0.727344 0.041667 0.022396 0.083333
0 0.484635 0.050463 0.017188 0.097222
0 0.463281 0.055556 0.026562 0.111111
0 0.404167 0.070370 0.027083 0.137037
0 0.378125 0.350463 0.020833 0.067593
0 0.581771 0.767130 0.171875 0.463889
