0 0.231771 0.704630 0.135417 0.387037
0 0.607812 0.756481 0.166667 0.346296
0 0.553385 0.697685 0.071354 0.262037
0 0.578646 0.639352 0.096875 0.284259
0 0.555469 0.539815 0.114062 0.279630
0 0.403385 0.534722 0.093229 0.384259
0 0.325781 0.427315 0.059896 0.230556
0 0.451042 0.426852 0.050000 0.311111
0 0.439323 0.343981 0.030729 0.176852
0 0.472135 0.301389 0.050521 0.236111
0 0.472656 0.231944 0.031771 0.152778
0 0.495833 0.195370 0.026042 0.159259
0 0.454948 0.158333 0.023438 0.116667
0 0.388542 0.210648 0.050000 0.189815
0 0.360417 0.229630 0.039583 0.116667
0 0.364844 0.199074 0.019271 0.151852
0 0.356250 0.178704 0.034375 0.159259
0 0.349740 0.182407 0.022396 0.142593
0 0.384375 0.183796 0.023958 0.169444
0 0.418490 0.154167 0.022396 0.123148
0 0.403646 0.151389 0.020833 0.117593
0 0.437760 0.095833 0.017188 0.075000
0 0.429948 0.064352 0.007812 0.036111
0 0.437760 0.070833 0.010937 0.049074
0 0.444792 0.076389 0.010417 0.039815
0 0.405208 0.068056 0.007292 0.039815
0 0.331250 0.719444 0.130208 0.559259
0 0.279687 0.883796 0.098958 0.230556
0 0.150781 0.913426 0.147396 0.171296
0 0.619792 0.865278 0.093750 0.265741
