0 0.553906 0.651852 0.071354 0.450000
0 0.515885 0.447222 0.131771 0.227778
0 0.509375 0.437500 0.056250 0.321296
0 0.481771 0.268519 0.036458 0.198148
0 0.400781 0.111574 0.020313 0.058333
0 0.466146 0.163426 0.023958 0.076852
0 0.452083 0.107870 0.012500 0.075000
0 0.440365 0.125000 0.013021 0.077778
0 0.440885 0.068056 0.006771 0.041667
0 0.435677 0.067593 0.007812 0.046296
0 0.423177 0.074537 0.008854 0.054630
0 0.427865 0.107407 0.017188 0.081481
0 0.415885 0.106944 0.010937 0.080556
0 0.407813 0.100926 0.012500 0.072222
0 0.400781 0.140741 0.023438 0.068519
0 0.392969 0.134722 0.017188 0.058333
0 0.384375 0.132407 0.014583 0.051852
0 0.384115 0.144444 0.035937 0.079630
0 0.363021 0.187500 0.042708 0.104630
0 0.353646 0.213426 0.033333 0.087963
0 0.340625 0.358796 0.043750 0.291667
0 0.291927 0.336111 0.050521 0.277778
0 0.286719 0.473611 0.084896 0.269444
0 0.246354 0.642593 0.114583 0.335185
0 0.195573 0.835648 0.159896 0.326852
0 0.394010 0.775463 0.118229 0.447222
0 0.470833 0.748611 0.101042 0.499074
0 0.577604 0.750000 0.086458 0.498148
