0 0.141927 0.208333 0.011979 0.081481
0 0.545833 0.313426 0.032292 0.175000
0 0.505208 0.313889 0.027083 0.146296
0 0.525260 0.351852 0.036979 0.174074
0 0.483073 0.350926 0.035937 0.172222
0 0.526823 0.436111 0.049479 0.248148
0 0.485417 0.494907 0.043750 0.263889
0 0.548438 0.675926 0.071875 0.353704
0 0.509375 0.538889 0.071875 0.283333
0 0.383073 0.528241 0.043229 0.271296
0 0.426823 0.576852 0.075521 0.361111
0 0.610156 0.833333 0.090104 0.329630
0 0.385937 0.863426 0.095833 0.271296
0 0.240104 0.843056 0.127083 0.306481
