0 0.410156 0.175463 0.010937 0.071296
0 0.400781 0.172222 0.013021 0.074074
0 0.418229 0.182870 0.011458 0.082407
0 0.393490 0.250463 0.020313 0.143519
0 0.376823 0.280093 0.020313 0.328704
0 0.391667 0.162963 0.009375 0.064815
0 0.128646 0.181481 0.014583 0.090741
0 0.112500 0.228241 0.020833 0.115741
0 0.146354 0.656019 0.041667 0.184259
0 0.520312 0.165278 0.010417 0.058333
0 0.510677 0.164352 0.010937 0.052778
0 0.511198 0.197685 0.010937 0.067593
0 0.526563 0.193981 0.016667 0.084259
0 0.479687 0.187963 0.013542 0.070370
0 0.498437 0.220833 0.018750 0.091667
0 0.502604 0.262037 0.025000 0.116667
0 0.481510 0.241667 0.017188 0.116667
0 0.558073 0.354630 0.031771 0.133333
0 0.521615 0.410185 0.035937 0.209259
0 0.538281 0.441667 0.048438 0.233333
0 0.435937 0.341667 0.036458 0.183333
0 0.417708 0.428241 0.043750 0.223148
0 0.465365 0.489815 0.051562 0.275926
0 0.419271 0.567593 0.066667 0.324074
0 0.536719 0.575000 0.057813 0.290741
0 0.483073 0.571296 0.054688 0.290741
0 0.552083 0.663889 0.075000 0.394444
0 0.477865 0.873148 0.106771 0.255556
0 0.613802 0.874074 0.115104 0.257407
0 0.414583 0.823148 0.098958 0.350000
