0 0.296615 0.191667 0.031771 0.114815
0 0.530208 0.637500 0.154167 0.471296
0 0.602083 0.764815 0.053125 0.340741
0 0.547135 0.426852 0.036979 0.220370
0 0.508333 0.372685 0.070833 0.319444
0 0.603125 0.391667 0.066667 0.329630
0 0.614062 0.259722 0.034375 0.202778
0 0.596615 0.265278 0.039062 0.193519
0 0.590365 0.223611 0.028646 0.163889
0 0.590104 0.171296 0.028125 0.127778
0 0.539583 0.334722 0.036458 0.269444
0 0.405990 0.472685 0.048438 0.349074
0 0.427083 0.396759 0.047917 0.302778
0 0.364844 0.392593 0.053646 0.277778
0 0.458333 0.341204 0.054167 0.284259
0 0.477083 0.281944 0.031250 0.199074
0 0.480990 0.234722 0.046354 0.228704
0 0.507031 0.144907 0.024479 0.130556
0 0.507292 0.082870 0.019792 0.095370
0 0.543750 0.071759 0.016667 0.099074
0 0.559635 0.077778 0.010937 0.096296
0 0.565885 0.079167 0.014063 0.099074
0 0.547917 0.082407 0.016667 0.103704
0 0.527865 0.071759 0.017188 0.112037
0 0.531250 0.112500 0.017708 0.087963
0 0.521875 0.036574 0.013542 0.067593
0 0.076823 0.714815 0.090104 0.224074
0 0.100260 0.565278 0.080729 0.247222
0 0.069792 0.486111 0.063542 0.200000
0 0.188281 0.574537 0.075521 0.239815
0 0.213802 0.500463 0.065104 0.232407
0 0.288542 0.534722 0.086458 0.267593
0 0.314844 0.447685 0.056771 0.228704
0 0.252604 0.441204 0.059375 0.225000
0 0.222656 0.366204 0.045312 0.173148
0 0.153125 0.419907 0.065625 0.175000
0 0.114062 0.366204 0.051042 0.184259
0 0.082812 0.402315 0.047917 0.182407
0 0.069531 0.290278 0.046354 0.226852
0 0.380729 0.298611 0.037500 0.208333
0 0.339583 0.249074 0.030208 0.129630
0 0.327604 0.287963 0.040625 0.140741
0 0.313281 0.252315 0.058854 0.150926
0 0.260937 0.262500 0.044792 0.139815
0 0.246615 0.288889 0.051562 0.172222
0 0.200000 0.268056 0.038542 0.117593
0 0.236719 0.167130 0.027604 0.162037
0 0.373958 0.218519 0.031250 0.114815
0 0.336719 0.216667 0.038021 0.118519
0 0.438281 0.183796 0.035937 0.125000
0 0.403385 0.182407 0.026562 0.090741
0 0.290625 0.216204 0.032292 0.128704
0 0.296354 0.193981 0.031250 0.119444
0 0.328646 0.148148 0.026042 0.103704
0 0.308594 0.169907 0.019271 0.093519
0 0.330729 0.177778 0.028125 0.096296
0 0.361979 0.148148 0.029167 0.098148
0 0.341406 0.130556 0.023438 0.092593
0 0.459375 0.137963 0.028125 0.094444
0 0.457813 0.080093 0.018750 0.060185
0 0.419010 0.105556 0.026562 0.075926
0 0.420833 0.129630 0.028125 0.079630
0 0.409635 0.049074 0.019271 0.092593
0 0.477865 0.865741 0.182812 0.266667
0 0.107813 0.829167 0.131250 0.337963
