0 0.507812 0.439352 0.054167 0.321296
0 0.513281 0.444907 0.127604 0.232407
0 0.535417 0.569907 0.061458 0.395370
0 0.645573 0.804630 0.147396 0.379630
0 0.495833 0.202778 0.023958 0.153704
0 0.463802 0.203704 0.025521 0.157407
0 0.460156 0.123611 0.017188 0.100926
0 0.424219 0.126852 0.016146 0.088889
0 0.411719 0.123611 0.014063 0.084259
0 0.388802 0.113889 0.017188 0.077778
0 0.373958 0.148611 0.016667 0.104630
0 0.360417 0.170370 0.038542 0.074074
0 0.378125 0.270370 0.036458 0.170370
0 0.408333 0.449537 0.069792 0.365741
0 0.324740 0.289815 0.043229 0.242593
0 0.362240 0.349537 0.044271 0.293519
0 0.286458 0.475463 0.094792 0.252778
0 0.246094 0.641204 0.114062 0.336111
0 0.710417 0.901852 0.138542 0.194444
0 0.199219 0.834259 0.158854 0.329630
