0 0.610417 0.766667 0.169792 0.394444
0 0.479948 0.579630 0.081771 0.400000
0 0.552604 0.479167 0.090625 0.263889
0 0.474219 0.468981 0.066146 0.365741
0 0.323698 0.460648 0.074479 0.360185
0 0.468229 0.227315 0.043750 0.212037
0 0.373958 0.266667 0.057292 0.257407
0 0.359896 0.219907 0.025000 0.110185
0 0.362500 0.206944 0.039583 0.099074
0 0.356510 0.219444 0.031771 0.092593
0 0.355208 0.238426 0.038542 0.137963
0 0.366146 0.202778 0.029167 0.131481
0 0.363802 0.168981 0.040104 0.080556
0 0.431250 0.205556 0.023958 0.111111
0 0.408333 0.189352 0.026042 0.139815
0 0.458073 0.190741 0.028646 0.153704
0 0.458854 0.143519 0.031250 0.068519
0 0.447396 0.136111 0.016667 0.064815
0 0.383073 0.155556 0.021354 0.109259
0 0.382031 0.109722 0.029687 0.060185
0 0.456250 0.089352 0.012500 0.067593
0 0.397396 0.095370 0.017708 0.046296
0 0.406771 0.066667 0.008333 0.050000
0 0.446354 0.079167 0.011458 0.058333
0 0.440885 0.073611 0.010937 0.056481
0 0.434115 0.076389 0.010937 0.056481
0 0.427604 0.071296 0.010417 0.055556
0 0.416146 0.069907 0.012500 0.056481
0 0.860417 0.525926 0.052083 0.244444
0 0.621354 0.843056 0.087500 0.312037
0 0.335677 0.769907 0.103646 0.458333
