0 0.227604 0.776389 0.189583 0.445370
0 0.242188 0.638426 0.138542 0.339815
0 0.627604 0.818981 0.171875 0.360185
0 0.575521 0.694907 0.187500 0.343519
0 0.557292 0.598611 0.134375 0.282407
0 0.578646 0.520833 0.100000 0.210185
0 0.451562 0.650463 0.093750 0.565741
0 0.227604 0.496296 0.089583 0.409259
0 0.547917 0.492130 0.061458 0.415741
0 0.535417 0.463426 0.094792 0.221296
0 0.298177 0.498611 0.106771 0.276852
0 0.317969 0.461111 0.082812 0.311111
0 0.509115 0.295833 0.045312 0.228704
0 0.502344 0.239815 0.039062 0.192593
0 0.406771 0.216667 0.027083 0.168519
0 0.379688 0.218056 0.030208 0.163889
0 0.353906 0.285648 0.072396 0.160185
0 0.356771 0.191204 0.034375 0.076852
0 0.354687 0.167130 0.015625 0.104630
0 0.367969 0.181019 0.020313 0.125000
0 0.377604 0.137500 0.019792 0.063889
0 0.389844 0.122685 0.015104 0.067593
0 0.386458 0.133333 0.018750 0.085185
0 0.473698 0.152315 0.022396 0.102778
0 0.452865 0.151852 0.016146 0.101852
0 0.461979 0.135648 0.016667 0.110185
0 0.452865 0.121296 0.011979 0.088889
0 0.441667 0.123148 0.017708 0.090741
0 0.400521 0.083333 0.010417 0.055556
0 0.412760 0.113889 0.013021 0.072222
0 0.426823 0.113889 0.011979 0.055556
0 0.437240 0.103704 0.013021 0.075926
0 0.418490 0.077778 0.011979 0.057407
0 0.425781 0.058796 0.005729 0.039815
0 0.445312 0.068519 0.008333 0.048148
0 0.422656 0.066204 0.007812 0.043519
0 0.405208 0.065278 0.007292 0.052778
0 0.428385 0.062037 0.006771 0.042593
0 0.642448 0.851852 0.124479 0.294444
