0 0.612760 0.570833 0.076563 0.337963
0 0.588542 0.672222 0.088542 0.227778
0 0.595052 0.749537 0.205729 0.345370
0 0.634375 0.806944 0.094792 0.282407
0 0.262240 0.520370 0.070312 0.381481
0 0.297135 0.475926 0.082812 0.246296
0 0.463021 0.345833 0.055208 0.289815
0 0.367448 0.180093 0.041146 0.097222
0 0.361458 0.191204 0.035417 0.104630
0 0.357552 0.258333 0.042188 0.151852
0 0.345052 0.253704 0.032813 0.170370
0 0.382031 0.150000 0.019271 0.111111
0 0.398177 0.134259 0.019271 0.096296
0 0.466927 0.191204 0.047396 0.086111
0 0.461458 0.140741 0.023958 0.114815
0 0.440625 0.157407 0.029167 0.135185
0 0.426042 0.148611 0.021875 0.117593
0 0.414583 0.132870 0.017708 0.099074
0 0.440365 0.082407 0.014063 0.057407
0 0.424740 0.067130 0.008854 0.045370
