0 0.080208 0.406481 0.050000 0.164815
0 0.078906 0.500000 0.063021 0.255556
0 0.247396 0.564352 0.088542 0.319444
0 0.448437 0.140278 0.026042 0.102778
0 0.390885 0.156944 0.027604 0.084259
0 0.313802 0.151852 0.026562 0.081481
0 0.591667 0.152315 0.020833 0.141667
0 0.589583 0.212500 0.027083 0.167593
0 0.613802 0.401389 0.044271 0.273148
0 0.416406 0.215278 0.033854 0.110185
0 0.421615 0.330556 0.052604 0.288889
0 0.276823 0.099537 0.025521 0.112037
0 0.301302 0.261574 0.033854 0.165741
0 0.193490 0.289815 0.045312 0.183333
0 0.109635 0.375926 0.063021 0.203704
0 0.384115 0.639815 0.081771 0.418519
0 0.395052 0.126389 0.023438 0.087963
0 0.450781 0.175926 0.020313 0.114815
0 0.438542 0.195370 0.023958 0.107407
0 0.029167 0.489815 0.055208 0.251852
0 0.386198 0.190741 0.026562 0.103704
0 0.329427 0.121759 0.021354 0.086111
0 0.138021 0.740741 0.089583 0.350000
0 0.340104 0.171296 0.027083 0.098148
0 0.530729 0.069444 0.017708 0.101852
0 0.348177 0.066667 0.017188 0.090741
0 0.070833 0.737500 0.057292 0.215741
0 0.325000 0.078704 0.017708 0.092593
0 0.088802 0.570833 0.070312 0.273148
0 0.482552 0.183333 0.034896 0.164815
0 0.524740 0.192593 0.030729 0.153704
0 0.543229 0.199537 0.020833 0.150926
0 0.415885 0.131481 0.019271 0.077778
0 0.601823 0.218056 0.030729 0.191667
0 0.594010 0.257870 0.030729 0.189815
0 0.611979 0.354167 0.043750 0.254630
0 0.528385 0.314815 0.043229 0.248148
0 0.541406 0.331481 0.039062 0.250000
0 0.480990 0.375926 0.061979 0.331481
0 0.370833 0.217130 0.034375 0.128704
0 0.371094 0.233796 0.040104 0.121296
0 0.554427 0.072685 0.019271 0.108333
0 0.377083 0.289815 0.039583 0.155556
0 0.336458 0.202315 0.035417 0.115741
0 0.294531 0.185648 0.033854 0.106481
0 0.507552 0.056019 0.018229 0.100926
0 0.325260 0.283796 0.042188 0.137963
0 0.320052 0.441667 0.051562 0.200000
0 0.359635 0.143519 0.027604 0.085185
0 0.260937 0.256944 0.040625 0.125000
0 0.247396 0.292593 0.051042 0.170370
0 0.221875 0.254630 0.030208 0.122222
0 0.210938 0.397222 0.050000 0.196296
0 0.376042 0.432407 0.066667 0.355556
0 0.388542 0.495370 0.066667 0.370370
0 0.138021 0.439352 0.067708 0.221296
0 0.255729 0.496759 0.073958 0.349074
0 0.518750 0.754630 0.092708 0.488889
0 0.441406 0.742130 0.066146 0.513889
0 0.646875 0.797222 0.090625 0.401852
0 0.563802 0.839815 0.122396 0.305556
