0 0.594531 0.587963 0.068229 0.475926
0 0.540885 0.576389 0.064062 0.510185
0 0.220573 0.764352 0.166146 0.354630
0 0.245573 0.652315 0.142187 0.373148
0 0.286719 0.487037 0.079687 0.300000
0 0.448437 0.462963 0.065625 0.379630
0 0.501302 0.237500 0.023438 0.112037
0 0.493750 0.203704 0.029167 0.162963
0 0.470313 0.201852 0.017708 0.101852
0 0.357552 0.407407 0.052604 0.279630
0 0.338542 0.347685 0.053125 0.273148
0 0.370833 0.218981 0.031250 0.165741
0 0.379167 0.119444 0.009375 0.074074
0 0.388542 0.145833 0.016667 0.119444
0 0.398438 0.144907 0.017708 0.113889
0 0.411198 0.150000 0.014063 0.101852
0 0.422656 0.146759 0.016146 0.097222
0 0.434635 0.126389 0.015104 0.086111
0 0.449479 0.125463 0.015625 0.087963
0 0.409115 0.087963 0.009896 0.055556
0 0.400521 0.076389 0.009375 0.052778
0 0.414844 0.069907 0.011979 0.058333
0 0.425521 0.079167 0.011458 0.058333
0 0.439063 0.074074 0.011458 0.059259
0 0.449740 0.076852 0.008854 0.051852
0 0.549479 0.416667 0.055208 0.305556
0 0.583073 0.449537 0.073438 0.337963
0 0.224479 0.826852 0.134375 0.344444
0 0.479948 0.655093 0.072396 0.482407
0 0.425781 0.729167 0.107813 0.502778
0 0.473438 0.816204 0.089583 0.356481
0 0.582031 0.700463 0.152604 0.360185
0 0.608333 0.787963 0.168750 0.390741
0 0.626563 0.777778 0.098958 0.442593
0 0.663281 0.858333 0.156771 0.281481
