0 0.396615 0.156019 0.014063 0.076852
0 0.399479 0.234259 0.022917 0.114815
0 0.424740 0.167593 0.013021 0.083333
0 0.487760 0.151389 0.011979 0.069444
0 0.503646 0.181019 0.014583 0.071296
0 0.498698 0.167130 0.011979 0.063889
0 0.476823 0.175463 0.014063 0.078704
0 0.520833 0.272685 0.028125 0.149074
0 0.492969 0.280093 0.022396 0.126852
0 0.485417 0.291204 0.025000 0.139815
0 0.552344 0.332407 0.036979 0.135185
0 0.509896 0.361111 0.042708 0.172222
0 0.468229 0.343056 0.031250 0.169444
0 0.434115 0.347222 0.036979 0.179630
0 0.526302 0.407407 0.046354 0.238889
0 0.449219 0.441667 0.047396 0.270370
0 0.543750 0.549074 0.080208 0.277778
0 0.427083 0.512500 0.047917 0.230556
0 0.568229 0.685648 0.071875 0.360185
0 0.590104 0.776389 0.089583 0.387963
0 0.510156 0.783796 0.086979 0.399074
0 0.380469 0.727315 0.065104 0.419444
0 0.411458 0.759259 0.077083 0.470370
0 0.151823 0.181019 0.013021 0.097222
0 0.141927 0.169444 0.016146 0.083333
0 0.129948 0.162037 0.019271 0.079630
0 0.115365 0.164815 0.014063 0.077778
0 0.487500 0.791204 0.095833 0.413889
0 0.607292 0.824537 0.098958 0.343519
0 0.312760 0.810648 0.105729 0.373148
