0 0.423698 0.213889 0.033854 0.164815
0 0.369271 0.164352 0.015625 0.119444
0 0.417448 0.185648 0.017188 0.143519
0 0.461458 0.220370 0.029167 0.157407
0 0.471094 0.213426 0.014063 0.112037
0 0.450521 0.214815 0.016667 0.111111
0 0.490625 0.206019 0.028125 0.141667
0 0.538021 0.480093 0.066667 0.230556
0 0.536719 0.571296 0.110937 0.272222
0 0.565365 0.599537 0.098437 0.282407
0 0.568490 0.716204 0.154688 0.328704
0 0.625260 0.808333 0.166146 0.353704
0 0.324740 0.471759 0.101562 0.276852
0 0.278906 0.502778 0.085938 0.272222
0 0.243229 0.632870 0.136458 0.323148
0 0.235156 0.763889 0.194271 0.403704
0 0.347656 0.253704 0.054688 0.088889
0 0.341667 0.174537 0.008333 0.073148
0 0.360417 0.214815 0.029167 0.155556
0 0.393750 0.198148 0.027083 0.151852
0 0.465104 0.151852 0.015625 0.072222
0 0.461979 0.118981 0.013542 0.097222
0 0.444010 0.137963 0.020313 0.096296
0 0.434635 0.112500 0.016146 0.084259
0 0.421875 0.108333 0.017708 0.072222
0 0.414844 0.076852 0.010937 0.050000
0 0.428646 0.079630 0.015625 0.053704
