0 0.362760 0.387037 0.010937 0.064815
0 0.513542 0.368056 0.018750 0.095370
0 0.347656 0.064352 0.015104 0.095370
0 0.354167 0.064352 0.011458 0.075000
0 0.381510 0.074074 0.021354 0.127778
0 0.446094 0.068056 0.033854 0.136111
0 0.702344 0.077778 0.022396 0.155556
0 0.694792 0.075926 0.027083 0.151852
0 0.762500 0.086111 0.031250 0.170370
0 0.739323 0.131944 0.041146 0.213889
0 0.702865 0.117593 0.032813 0.151852
0 0.665365 0.119444 0.038021 0.172222
0 0.716146 0.177315 0.054167 0.219444
0 0.738021 0.220370 0.032292 0.137037
0 0.732292 0.322685 0.034375 0.208333
0 0.752865 0.402315 0.060937 0.326852
0 0.658594 0.350463 0.068229 0.319444
0 0.664583 0.469444 0.077083 0.381481
0 0.618490 0.599537 0.070312 0.408333
0 0.691667 0.574537 0.092708 0.426852
0 0.910937 0.475926 0.058333 0.366667
0 0.772135 0.777315 0.078646 0.443519
