0 0.363802 0.069167 0.017188 0.070000
0 0.621094 0.138333 0.020313 0.101667
0 0.638021 0.126667 0.021875 0.095000
0 0.616406 0.097500 0.020313 0.070000
0 0.351823 0.069583 0.018229 0.072500
0 0.561458 0.182917 0.034375 0.120833
0 0.417969 0.284167 0.032813 0.133333
0 0.366927 0.453750 0.057813 0.194167
0 0.328906 0.115417 0.023438 0.085833
0 0.604167 0.139167 0.028125 0.118333
0 0.632292 0.162500 0.030208 0.133333
0 0.419792 0.172917 0.025000 0.107500
0 0.723437 0.466667 0.060417 0.226667
0 0.527865 0.184583 0.034896 0.105833
0 0.351562 0.111667 0.019792 0.081667
