0 0.598177 0.750463 0.208854 0.358333
0 0.580469 0.691204 0.191146 0.343519
0 0.594010 0.674074 0.126562 0.255556
0 0.391406 0.719444 0.126562 0.540741
0 0.293750 0.475926 0.093750 0.261111
0 0.570312 0.470370 0.053125 0.303704
0 0.449740 0.442593 0.080729 0.335185
0 0.467708 0.318056 0.041667 0.234259
0 0.407552 0.317130 0.044271 0.243519
0 0.378385 0.290741 0.040104 0.218519
0 0.356250 0.252778 0.035417 0.148148
0 0.430990 0.220370 0.030729 0.172222
0 0.350000 0.169907 0.021875 0.139815
0 0.350781 0.159722 0.024479 0.130556
0 0.462500 0.187963 0.052083 0.090741
0 0.380990 0.134259 0.031771 0.079630
0 0.382552 0.148148 0.033854 0.107407
0 0.487760 0.199537 0.021354 0.108333
0 0.451042 0.169444 0.025000 0.114815
0 0.400000 0.147222 0.012500 0.109259
0 0.407813 0.128241 0.016667 0.091667
0 0.415365 0.077778 0.011979 0.081481
0 0.415885 0.094444 0.016146 0.087037
0 0.430469 0.086111 0.008854 0.061111
0 0.434375 0.101389 0.012500 0.082407
0 0.445573 0.078241 0.010937 0.056481
0 0.442188 0.089815 0.009375 0.057407
0 0.616667 0.839815 0.102083 0.314815
