0 0.654427 0.373611 0.067187 0.143519
0 0.720052 0.444444 0.068229 0.148148
0 0.555469 0.713426 0.113021 0.186111
0 0.200000 0.850926 0.185417 0.244444
0 0.234896 0.696296 0.142708 0.375926
0 0.315365 0.406481 0.025521 0.107407
0 0.328646 0.434259 0.056250 0.250000
0 0.297656 0.466204 0.081771 0.284259
0 0.386198 0.506481 0.081771 0.174074
0 0.354167 0.240278 0.037500 0.141667
0 0.459375 0.231944 0.025000 0.184259
0 0.471875 0.237500 0.036458 0.208333
0 0.433594 0.210185 0.029687 0.168519
0 0.408854 0.227315 0.036458 0.184259
0 0.391406 0.210185 0.022396 0.159259
0 0.344531 0.162037 0.021354 0.090741
0 0.349479 0.145370 0.019792 0.085185
0 0.361458 0.180093 0.026042 0.110185
0 0.382552 0.183333 0.023438 0.172222
0 0.419531 0.129167 0.019271 0.067593
0 0.402083 0.120833 0.014583 0.073148
0 0.414323 0.080093 0.011979 0.036111
0 0.457292 0.120370 0.014583 0.074074
0 0.445833 0.107870 0.010417 0.041667
0 0.433333 0.096759 0.014583 0.069444
0 0.441667 0.064815 0.007292 0.025926
0 0.406250 0.063426 0.010417 0.028704
0 0.433333 0.060185 0.008333 0.027778
0 0.619531 0.821759 0.130729 0.354630
0 0.151042 0.915741 0.134375 0.166667
