0 0.451302 0.064815 0.005729 0.027778
0 0.426563 0.063889 0.009375 0.046296
0 0.421354 0.061574 0.008333 0.045370
0 0.417448 0.059722 0.007812 0.047222
0 0.386979 0.150926 0.010417 0.077778
0 0.406771 0.074074 0.009375 0.048148
0 0.400521 0.082870 0.008333 0.058333
0 0.393229 0.094907 0.009375 0.063889
0 0.393229 0.148148 0.015625 0.109259
0 0.377865 0.165278 0.014063 0.130556
0 0.347656 0.184722 0.020313 0.143519
0 0.372917 0.193519 0.019792 0.174074
0 0.362500 0.201389 0.028125 0.184259
0 0.398958 0.188426 0.020833 0.147222
0 0.423438 0.181944 0.027083 0.154630
0 0.432812 0.196296 0.047917 0.159259
0 0.429948 0.099537 0.014063 0.071296
0 0.436719 0.103241 0.014063 0.075000
0 0.450781 0.099074 0.019271 0.074074
0 0.453125 0.133333 0.020833 0.118519
0 0.466146 0.171296 0.017708 0.137037
0 0.475000 0.204167 0.046875 0.104630
0 0.498698 0.232407 0.017188 0.096296
0 0.523177 0.456019 0.110937 0.219444
0 0.527865 0.549537 0.084896 0.456481
0 0.543490 0.545833 0.138021 0.267593
0 0.586719 0.762500 0.199479 0.369444
0 0.440885 0.419907 0.058854 0.323148
0 0.308073 0.421759 0.079687 0.239815
0 0.306250 0.464352 0.113542 0.260185
0 0.297917 0.486111 0.120833 0.272222
0 0.259375 0.568981 0.094792 0.295370
0 0.227344 0.706944 0.132812 0.393519
0 0.674740 0.886111 0.156771 0.224074
0 0.168229 0.905556 0.088542 0.187037
0 0.195833 0.813426 0.183333 0.354630
0 0.239323 0.877778 0.068229 0.237037
