0 0.900260 0.755556 0.081771 0.379630
0 0.483333 0.254630 0.047917 0.192593
0 0.433854 0.285185 0.039583 0.205556
0 0.475781 0.340278 0.042188 0.189815
0 0.358594 0.289352 0.064062 0.162037
0 0.356250 0.235185 0.044792 0.111111
0 0.359115 0.192130 0.021354 0.128704
0 0.386979 0.144444 0.035417 0.077778
0 0.406250 0.086111 0.013542 0.072222
0 0.417187 0.096759 0.012500 0.075000
0 0.428646 0.095370 0.014583 0.079630
0 0.432812 0.129167 0.016667 0.091667
0 0.440104 0.134259 0.023958 0.098148
0 0.439583 0.091204 0.012500 0.062037
0 0.445573 0.087963 0.011979 0.064815
0 0.263281 0.618981 0.108854 0.345370
0 0.282031 0.518056 0.115104 0.273148
0 0.301302 0.473611 0.121354 0.275000
0 0.312500 0.408333 0.098958 0.179630
0 0.209375 0.649537 0.093750 0.563889
0 0.574479 0.637963 0.133333 0.320370
0 0.578385 0.718519 0.122396 0.320370
0 0.603646 0.763426 0.172917 0.358333
0 0.638542 0.850463 0.171875 0.297222
0 0.690365 0.907870 0.066146 0.182407
