0 0.415365 0.066204 0.007812 0.039815
0 0.425521 0.073148 0.010417 0.053704
0 0.446615 0.075000 0.011979 0.055556
0 0.442969 0.105556 0.014063 0.057407
0 0.416927 0.101852 0.009896 0.055556
0 0.396875 0.104630 0.008333 0.038889
0 0.386979 0.120833 0.012500 0.063889
0 0.403385 0.149074 0.022396 0.111111
0 0.469271 0.178241 0.022917 0.130556
0 0.439844 0.227778 0.032813 0.164815
0 0.358333 0.191204 0.035417 0.108333
0 0.350521 0.217593 0.042708 0.116667
0 0.391406 0.239815 0.028646 0.155556
0 0.394531 0.263426 0.030729 0.204630
0 0.400000 0.290741 0.057292 0.253704
0 0.456250 0.327315 0.032292 0.191667
0 0.299740 0.433333 0.068229 0.251852
0 0.306510 0.473148 0.116146 0.270370
0 0.273177 0.540278 0.114062 0.304630
0 0.541406 0.450000 0.055729 0.318519
0 0.533594 0.492593 0.055729 0.316667
0 0.560417 0.517593 0.053125 0.301852
0 0.582031 0.533796 0.026562 0.195370
0 0.592969 0.773611 0.153646 0.365741
0 0.431771 0.740278 0.104167 0.484259
0 0.967708 0.593981 0.059375 0.212037
0 0.616146 0.744907 0.097917 0.499074
