0 0.548698 0.728704 0.108854 0.494444
0 0.448177 0.486111 0.074479 0.340741
0 0.386198 0.479630 0.063021 0.331481
0 0.524740 0.351852 0.065104 0.287037
0 0.603385 0.397685 0.043229 0.304630
0 0.566667 0.363889 0.035417 0.290741
0 0.456250 0.253704 0.030208 0.214815
0 0.476823 0.265278 0.042188 0.217593
0 0.466146 0.174074 0.050000 0.179630
0 0.498177 0.145370 0.032813 0.164815
0 0.548698 0.088426 0.021354 0.106481
0 0.555990 0.050000 0.011979 0.062963
0 0.410938 0.059259 0.018750 0.077778
0 0.416667 0.130556 0.028125 0.124074
0 0.312240 0.105556 0.026562 0.148148
0 0.255208 0.109259 0.023958 0.146296
0 0.415104 0.247222 0.046875 0.146296
0 0.364583 0.178241 0.026042 0.100926
0 0.332292 0.188889 0.031250 0.120370
0 0.300781 0.214352 0.040104 0.128704
0 0.271875 0.153704 0.037500 0.155556
0 0.272656 0.156944 0.024479 0.141667
0 0.233594 0.176389 0.028646 0.160185
0 0.202083 0.172685 0.037500 0.169444
0 0.394792 0.300926 0.044792 0.164815
0 0.330469 0.285185 0.053646 0.211111
0 0.276562 0.278241 0.035417 0.145370
0 0.251563 0.227778 0.036458 0.129630
0 0.322135 0.450000 0.059896 0.216667
0 0.251563 0.430093 0.058333 0.186111
0 0.200521 0.387963 0.043750 0.194444
0 0.151042 0.267593 0.037500 0.192593
0 0.161979 0.387500 0.036458 0.167593
0 0.143229 0.424074 0.062500 0.211111
0 0.113802 0.360185 0.028646 0.116667
0 0.047135 0.255556 0.049479 0.207407
0 0.263542 0.537500 0.089583 0.267593
0 0.138802 0.484722 0.070312 0.275000
0 0.083854 0.487963 0.055208 0.251852
0 0.032813 0.417130 0.051042 0.276852
0 0.146354 0.750926 0.096875 0.325926
0 0.594531 0.843056 0.120313 0.312037
0 0.662500 0.818519 0.093750 0.361111
0 0.258073 0.555556 0.074479 0.225926
0 0.130208 0.852315 0.088542 0.280556
0 0.043229 0.830093 0.085417 0.337963
