0 0.404167 0.409722 0.015625 0.091667
0 0.691927 0.414352 0.076563 0.375000
0 0.933073 0.617593 0.064062 0.431481
0 0.694531 0.160185 0.045312 0.251852
0 0.691406 0.189352 0.043229 0.223148
0 0.680208 0.091667 0.028125 0.183333
0 0.654427 0.222222 0.059896 0.246296
0 0.711719 0.213889 0.053646 0.231481
0 0.734115 0.181019 0.044271 0.228704
0 0.778906 0.193519 0.043229 0.222222
0 0.723698 0.066204 0.032813 0.132407
0 0.767448 0.381019 0.059896 0.347222
0 0.723698 0.063889 0.022396 0.111111
0 0.753385 0.050926 0.027604 0.096296
0 0.785417 0.807407 0.172917 0.383333
0 0.840885 0.822685 0.115104 0.352778
0 0.633333 0.740278 0.129167 0.517593
0 0.547135 0.802778 0.155729 0.392593
