0 0.126042 0.218056 0.018750 0.110185
0 0.133854 0.164815 0.015625 0.088889
0 0.136458 0.207870 0.015625 0.089815
0 0.414323 0.228704 0.024479 0.116667
0 0.545052 0.250000 0.014063 0.100000
0 0.517188 0.286574 0.028125 0.134259
0 0.518490 0.320833 0.025521 0.119444
0 0.482031 0.285648 0.025521 0.141667
0 0.452604 0.282870 0.030208 0.162037
0 0.527865 0.352778 0.038021 0.190741
0 0.491927 0.374074 0.042188 0.196296
0 0.458073 0.403704 0.023438 0.112963
0 0.444010 0.440278 0.036979 0.221296
0 0.528125 0.466204 0.045833 0.252778
0 0.490104 0.456481 0.045833 0.224074
0 0.428385 0.480093 0.054688 0.265741
0 0.678385 0.718981 0.067187 0.336111
0 0.550000 0.784259 0.091667 0.387037
0 0.463021 0.731944 0.088542 0.419444
0 0.418490 0.794907 0.076563 0.408333
0 0.654687 0.854630 0.090625 0.288889
0 0.532031 0.875000 0.123438 0.246296
0 0.441146 0.830556 0.095833 0.337037
0 0.245052 0.864352 0.108854 0.263889
