0 0.424740 0.156944 0.009896 0.073148
0 0.405208 0.168056 0.013542 0.073148
0 0.390885 0.188426 0.018229 0.089815
0 0.402604 0.207870 0.013542 0.047222
0 0.497135 0.173148 0.019271 0.059259
0 0.507031 0.217593 0.026562 0.098148
0 0.520052 0.180556 0.015104 0.088889
0 0.496615 0.243056 0.021354 0.121296
0 0.477865 0.237037 0.018229 0.098148
0 0.483073 0.294907 0.030729 0.137963
0 0.429688 0.329167 0.035417 0.173148
0 0.445573 0.334722 0.044271 0.176852
0 0.544792 0.314815 0.033333 0.177778
0 0.524219 0.356019 0.027604 0.152778
0 0.504948 0.410648 0.044271 0.245370
0 0.467708 0.431481 0.054167 0.225926
0 0.537500 0.450000 0.033333 0.172222
0 0.281771 0.243519 0.018750 0.135185
0 0.147656 0.216204 0.016146 0.108333
0 0.161198 0.219444 0.026562 0.124074
0 0.144792 0.137500 0.014583 0.084259
0 0.126302 0.158333 0.020313 0.096296
0 0.107552 0.161574 0.018229 0.095370
0 0.172135 0.570833 0.059896 0.295370
0 0.474479 0.596759 0.058333 0.263889
0 0.458073 0.656944 0.068229 0.282407
0 0.403385 0.675000 0.066146 0.309259
0 0.385937 0.766667 0.084375 0.379630
0 0.535677 0.724074 0.069271 0.396296
0 0.597656 0.730093 0.074479 0.419444
0 0.480208 0.131481 0.009375 0.061111
0 0.478646 0.161574 0.014583 0.058333
0 0.487760 0.158333 0.011979 0.059259
0 0.491667 0.138426 0.010417 0.073148
0 0.500260 0.139815 0.009896 0.064815
0 0.478906 0.211111 0.019271 0.092593
0 0.517448 0.302315 0.031771 0.136111
0 0.233854 0.592130 0.041667 0.284259
0 0.032292 0.766667 0.057292 0.459259
0 0.460156 0.796296 0.079687 0.400000
0 0.302344 0.809259 0.108854 0.370370
0 0.257292 0.904630 0.100000 0.188889
0 0.404167 0.874537 0.091667 0.249074
0 0.513542 0.829167 0.088542 0.334259
0 0.492969 0.873611 0.120313 0.250926
0 0.611458 0.836574 0.089583 0.325000
