0 0.415625 0.483796 0.070833 0.410185
0 0.259896 0.561574 0.093750 0.276852
0 0.239063 0.692130 0.156250 0.354630
0 0.587760 0.746759 0.202604 0.358333
0 0.542188 0.543519 0.139583 0.274074
0 0.387240 0.180556 0.024479 0.172222
0 0.397396 0.187500 0.025000 0.147222
0 0.346615 0.184722 0.019271 0.147222
0 0.356771 0.202315 0.036458 0.165741
0 0.378646 0.215741 0.021875 0.168519
0 0.448958 0.138426 0.025000 0.106481
0 0.432812 0.150000 0.012500 0.083333
0 0.461198 0.191667 0.036979 0.098148
0 0.458854 0.200926 0.014583 0.077778
0 0.482031 0.204167 0.025521 0.150926
0 0.301302 0.464352 0.119271 0.265741
0 0.519792 0.424074 0.101042 0.225926
0 0.520573 0.460185 0.117188 0.229630
0 0.123438 0.901389 0.169792 0.193519
0 0.177083 0.817130 0.137500 0.362037
0 0.606250 0.811111 0.135417 0.374074
0 0.539062 0.870370 0.086458 0.251852
0 0.701562 0.879167 0.125000 0.239815
