0 0.480990 0.256481 0.027604 0.151852
0 0.471875 0.214815 0.023958 0.072222
0 0.462240 0.175000 0.028646 0.068519
0 0.479948 0.153704 0.019271 0.107407
0 0.477865 0.138889 0.015104 0.059259
0 0.462240 0.156481 0.019271 0.105556
0 0.448698 0.101389 0.010937 0.050926
0 0.453385 0.109722 0.011979 0.062037
0 0.450521 0.080556 0.009375 0.046296
0 0.445833 0.070370 0.006250 0.042593
0 0.440885 0.071296 0.005729 0.038889
0 0.441406 0.088889 0.007812 0.038889
0 0.435417 0.104630 0.014583 0.070370
0 0.426302 0.089815 0.009896 0.062963
0 0.432812 0.061111 0.008333 0.050000
0 0.422917 0.073148 0.010417 0.061111
0 0.398438 0.099537 0.008333 0.047222
0 0.414844 0.070833 0.007812 0.049074
0 0.409635 0.071296 0.006771 0.050000
0 0.404167 0.077315 0.007292 0.052778
0 0.441667 0.193981 0.033333 0.156481
0 0.433594 0.178241 0.029687 0.136111
0 0.414844 0.223148 0.031771 0.140741
0 0.394010 0.191667 0.023438 0.150000
0 0.391146 0.170370 0.026042 0.135185
0 0.388542 0.128241 0.017708 0.089815
0 0.375260 0.199537 0.022396 0.182407
0 0.363281 0.200463 0.024479 0.156481
0 0.348698 0.194907 0.023438 0.150926
0 0.342187 0.179630 0.011458 0.109259
0 0.526302 0.532407 0.057813 0.301852
0 0.408333 0.522222 0.079167 0.405556
0 0.369271 0.593981 0.110417 0.523148
0 0.233333 0.715278 0.148958 0.395370
