0 0.462500 0.128704 0.029167 0.112963
0 0.526823 0.066204 0.020313 0.115741
0 0.517969 0.086111 0.018229 0.109259
0 0.344792 0.102778 0.019792 0.111111
0 0.484115 0.183333 0.038021 0.177778
0 0.476823 0.296296 0.049479 0.248148
0 0.442969 0.156481 0.030729 0.090741
0 0.427865 0.169444 0.032813 0.101852
0 0.389583 0.188889 0.029167 0.096296
0 0.366667 0.167130 0.030208 0.093519
0 0.334115 0.174537 0.027604 0.100926
0 0.316146 0.150000 0.030208 0.085185
0 0.542708 0.116667 0.025000 0.129630
0 0.519271 0.191204 0.030208 0.182407
0 0.496094 0.240741 0.043229 0.218519
0 0.550000 0.057407 0.014583 0.081481
0 0.568750 0.188889 0.019792 0.164815
0 0.595573 0.199537 0.024479 0.169444
0 0.528385 0.280556 0.032813 0.200000
0 0.561719 0.337500 0.045312 0.276852
0 0.602604 0.377315 0.042708 0.269444
0 0.604948 0.402315 0.053646 0.280556
0 0.615104 0.450463 0.035417 0.226852
0 0.531510 0.400926 0.033854 0.242593
0 0.435156 0.426389 0.063021 0.349074
0 0.485938 0.489352 0.078125 0.369444
0 0.391667 0.540741 0.071875 0.368519
0 0.449219 0.237963 0.057813 0.138889
0 0.376042 0.212963 0.034375 0.125926
0 0.307031 0.225463 0.029687 0.173148
0 0.269010 0.217130 0.032813 0.123148
0 0.254427 0.226389 0.041146 0.149074
0 0.392969 0.283796 0.045312 0.178704
0 0.344531 0.253241 0.041146 0.152778
0 0.319531 0.280556 0.051562 0.153704
0 0.210677 0.177315 0.040104 0.180556
0 0.204167 0.202778 0.030208 0.150000
0 0.243750 0.268519 0.047917 0.146296
0 0.208073 0.255093 0.031771 0.141667
0 0.170833 0.273611 0.039583 0.256481
0 0.330729 0.420833 0.054167 0.228704
0 0.261979 0.366204 0.048958 0.176852
0 0.205990 0.397685 0.076563 0.302778
0 0.106250 0.310648 0.050000 0.241667
0 0.036979 0.349537 0.063542 0.273148
0 0.286979 0.526852 0.083333 0.292593
0 0.248958 0.569907 0.082292 0.265741
0 0.121875 0.458796 0.064583 0.302778
0 0.072917 0.478241 0.062500 0.217593
0 0.074479 0.724537 0.050000 0.215741
0 0.139323 0.764352 0.070312 0.365741
0 0.085417 0.838889 0.168750 0.314815
0 0.667969 0.850463 0.105729 0.287963
