0 0.450781 0.135648 0.015104 0.100926
0 0.459896 0.134259 0.014583 0.101852
0 0.433594 0.137963 0.021354 0.096296
0 0.413281 0.121296 0.024479 0.092593
0 0.399219 0.187500 0.017188 0.139815
0 0.389062 0.196759 0.018750 0.143519
0 0.356771 0.166204 0.019792 0.108333
0 0.365625 0.202315 0.023958 0.136111
0 0.414844 0.248148 0.023438 0.194444
0 0.425781 0.270833 0.042188 0.219444
0 0.486458 0.243519 0.051042 0.125926
0 0.347917 0.226389 0.039583 0.093519
0 0.354948 0.256019 0.041146 0.091667
0 0.365365 0.385185 0.077604 0.303704
0 0.401302 0.346759 0.036979 0.228704
0 0.317969 0.374074 0.049479 0.285185
0 0.280729 0.383796 0.046875 0.319444
0 0.440104 0.359259 0.051042 0.235185
0 0.480990 0.380093 0.049479 0.271296
0 0.534896 0.411574 0.055208 0.295370
0 0.511719 0.407407 0.035937 0.242593
0 0.535677 0.570833 0.118229 0.265741
0 0.628906 0.571759 0.077604 0.408333
0 0.582031 0.713426 0.191146 0.349074
0 0.617708 0.809722 0.172917 0.358333
0 0.283333 0.532407 0.126042 0.298148
0 0.246354 0.646759 0.129167 0.337963
0 0.231510 0.756019 0.199479 0.423148
0 0.396875 0.087500 0.010417 0.063889
0 0.419010 0.064352 0.007812 0.043519
0 0.664062 0.847685 0.178125 0.302778
