0 0.385937 0.115278 0.015625 0.076852
0 0.455990 0.082407 0.011979 0.055556
0 0.401302 0.068981 0.009896 0.043519
0 0.418229 0.115278 0.016667 0.097222
0 0.431510 0.081481 0.008854 0.055556
0 0.440885 0.080556 0.009896 0.048148
0 0.355729 0.168981 0.031250 0.136111
0 0.378646 0.175926 0.016667 0.118519
0 0.398698 0.155556 0.020313 0.127778
0 0.428906 0.150463 0.017188 0.102778
0 0.440365 0.152778 0.029687 0.112963
0 0.460417 0.146296 0.027083 0.127778
0 0.362240 0.248611 0.048438 0.149074
0 0.476042 0.199074 0.038542 0.103704
0 0.436198 0.268056 0.046354 0.221296
0 0.398958 0.411574 0.066667 0.336111
0 0.341406 0.374537 0.051562 0.237963
0 0.344792 0.443056 0.051042 0.287963
0 0.392708 0.563889 0.070833 0.414815
0 0.463281 0.478241 0.053646 0.365741
0 0.534896 0.461111 0.070833 0.353704
0 0.572656 0.422685 0.042188 0.249074
0 0.486458 0.512963 0.069792 0.385185
0 0.529427 0.549074 0.099479 0.372222
0 0.538802 0.582407 0.155729 0.344444
0 0.561719 0.661111 0.183854 0.312963
0 0.582031 0.667593 0.117188 0.487037
0 0.416146 0.686574 0.101042 0.580556
0 0.686458 0.856944 0.129167 0.284259
