0 0.812760 0.626389 0.116146 0.278704
0 0.816146 0.761111 0.088542 0.472222
0 0.648698 0.410185 0.068229 0.364815
0 0.672135 0.302778 0.045312 0.279630
0 0.773698 0.284259 0.053646 0.257407
0 0.728906 0.281944 0.065104 0.326852
0 0.783594 0.153704 0.043229 0.222222
0 0.762500 0.111111 0.022917 0.122222
0 0.730208 0.140278 0.042708 0.202778
0 0.719531 0.091667 0.027604 0.162963
0 0.707031 0.073611 0.026562 0.147222
0 0.678646 0.110185 0.044792 0.166667
0 0.663802 0.091667 0.031771 0.144444
0 0.583854 0.801852 0.135417 0.394444
