0 0.484896 0.123148 0.011458 0.051852
0 0.480469 0.144444 0.014063 0.064815
0 0.508854 0.186574 0.020833 0.086111
0 0.490625 0.205093 0.022917 0.102778
0 0.490625 0.227315 0.020833 0.106481
0 0.483594 0.256944 0.020313 0.117593
0 0.494531 0.353241 0.026562 0.186111
0 0.445833 0.346296 0.037500 0.188889
0 0.508333 0.379167 0.039583 0.225000
0 0.461458 0.387963 0.059375 0.212963
0 0.540625 0.393056 0.040625 0.226852
0 0.504948 0.429630 0.033854 0.233333
0 0.413021 0.225000 0.020833 0.112963
0 0.407292 0.154630 0.010417 0.066667
0 0.398958 0.156019 0.014583 0.069444
0 0.687240 0.722685 0.064062 0.363889
0 0.435937 0.604167 0.100000 0.365741
