0 0.164583 0.676389 0.039583 0.189815
0 0.407031 0.158333 0.013021 0.075926
0 0.408594 0.181019 0.010937 0.069444
0 0.420573 0.170833 0.014063 0.091667
0 0.411198 0.632407 0.076563 0.412963
0 0.461198 0.299537 0.031771 0.139815
0 0.487240 0.383796 0.041146 0.232407
0 0.536458 0.362037 0.043750 0.209259
0 0.540625 0.398611 0.045833 0.221296
0 0.525260 0.458333 0.036979 0.216667
0 0.530208 0.202778 0.018750 0.105556
0 0.489583 0.148611 0.011458 0.073148
0 0.487500 0.247222 0.018750 0.124074
0 0.513542 0.255556 0.017708 0.114815
0 0.531771 0.235185 0.017708 0.114815
0 0.484375 0.193056 0.013542 0.075000
0 0.500000 0.159722 0.012500 0.076852
0 0.509635 0.850000 0.117188 0.296296
0 0.599219 0.847685 0.105729 0.302778
