0 0.405729 0.234722 0.021875 0.099074
0 0.451562 0.190741 0.026042 0.146296
0 0.454948 0.117593 0.018229 0.090741
0 0.428646 0.165278 0.021875 0.110185
0 0.358333 0.196759 0.022917 0.087963
0 0.518490 0.413426 0.064062 0.219444
0 0.382292 0.209722 0.022917 0.160185
0 0.482031 0.550926 0.107813 0.468519
0 0.289844 0.648611 0.131771 0.534259
0 0.413281 0.304167 0.046354 0.210185
0 0.348177 0.230093 0.033854 0.089815
0 0.421094 0.073611 0.010937 0.050926
0 0.448177 0.068981 0.009896 0.049074
0 0.415885 0.082870 0.013021 0.063889
0 0.436719 0.088889 0.015104 0.072222
0 0.433854 0.115741 0.015625 0.081481
0 0.440365 0.137500 0.022396 0.125000
0 0.391146 0.145833 0.027083 0.130556
0 0.406250 0.156481 0.020833 0.103704
0 0.426042 0.068056 0.009375 0.049074
0 0.465365 0.181944 0.020313 0.089815
0 0.479687 0.186574 0.031250 0.080556
0 0.365625 0.187963 0.020833 0.103704
0 0.412760 0.069444 0.008854 0.048148
0 0.354167 0.231019 0.020833 0.087963
