0 0.412500 0.127315 0.021875 0.087963
0 0.415365 0.161111 0.019271 0.100000
0 0.429688 0.160185 0.019792 0.112963
0 0.442188 0.181944 0.016667 0.112037
0 0.430990 0.136574 0.001563 0.019444
0 0.428646 0.077778 0.010417 0.051852
0 0.354427 0.229630 0.032813 0.129630
0 0.351302 0.240741 0.030729 0.138889
0 0.457552 0.204167 0.023438 0.145370
0 0.476302 0.212963 0.027604 0.159259
0 0.412500 0.213889 0.026042 0.164815
0 0.387240 0.245833 0.040104 0.182407
0 0.385417 0.207870 0.021875 0.097222
0 0.427344 0.208796 0.019271 0.099074
0 0.432552 0.255556 0.023438 0.111111
0 0.480208 0.247685 0.023958 0.106481
0 0.315365 0.332870 0.068229 0.287963
0 0.451823 0.409722 0.063021 0.315741
0 0.530990 0.426389 0.053646 0.280556
0 0.609896 0.764815 0.166667 0.383333
0 0.860938 0.527778 0.055208 0.244444
0 0.583594 0.796759 0.122396 0.404630
