0 0.414062 0.390278 0.050000 0.295370
0 0.397917 0.460648 0.044792 0.250926
0 0.372135 0.481019 0.058854 0.363889
0 0.339844 0.516667 0.081771 0.394444
0 0.726042 0.065741 0.026042 0.109259
0 0.653646 0.097685 0.041667 0.169444
0 0.706250 0.129630 0.037500 0.187037
0 0.707812 0.180556 0.040625 0.212963
0 0.671615 0.165741 0.049479 0.212963
0 0.772656 0.278704 0.070312 0.268519
0 0.800781 0.274074 0.033854 0.220370
0 0.684115 0.312037 0.058854 0.255556
0 0.630208 0.326852 0.043750 0.242593
0 0.726042 0.358333 0.061458 0.305556
0 0.629948 0.425463 0.053646 0.287963
0 0.675521 0.436574 0.073958 0.345370
0 0.737760 0.473611 0.069271 0.373148
0 0.829688 0.483796 0.068750 0.399074
0 0.825000 0.602778 0.079167 0.420370
0 0.763802 0.559259 0.082812 0.433333
0 0.626302 0.556019 0.114062 0.389815
0 0.690885 0.582407 0.059896 0.305556
0 0.572135 0.670370 0.126562 0.512963
0 0.749740 0.068056 0.029687 0.134259
0 0.640365 0.777778 0.118229 0.442593
0 0.490365 0.396296 0.064062 0.262963
