0 0.607031 0.712037 0.061979 0.387037
0 0.498958 0.138426 0.012500 0.062037
0 0.481771 0.149537 0.012500 0.065741
0 0.677865 0.719907 0.078646 0.354630
0 0.447396 0.395833 0.027083 0.117593
0 0.497396 0.495833 0.055208 0.304630
0 0.248698 0.548611 0.048438 0.282407
0 0.147656 0.557870 0.060937 0.306481
0 0.109115 0.174537 0.017188 0.087963
0 0.138021 0.161574 0.015625 0.080556
0 0.390885 0.181481 0.014063 0.090741
0 0.402604 0.182870 0.016667 0.097222
0 0.482552 0.209259 0.018229 0.087037
0 0.475781 0.376389 0.043229 0.186111
0 0.215104 0.556944 0.066667 0.334259
0 0.471094 0.243519 0.021354 0.118519
0 0.114844 0.640741 0.028646 0.094444
0 0.456250 0.494907 0.051042 0.284259
0 0.145052 0.157870 0.014063 0.084259
0 0.492969 0.250000 0.036979 0.114815
0 0.133854 0.175463 0.018750 0.095370
0 0.510938 0.254167 0.032292 0.132407
0 0.415104 0.156019 0.011458 0.069444
0 0.542448 0.220833 0.019271 0.104630
0 0.297917 0.875000 0.132292 0.248148
0 0.693750 0.863426 0.066667 0.269444
