0 0.546875 0.570370 0.090625 0.312963
0 0.541406 0.452778 0.079687 0.229630
0 0.339844 0.207407 0.015104 0.168519
0 0.359375 0.214815 0.035417 0.151852
0 0.348958 0.196759 0.021875 0.152778
0 0.380990 0.206481 0.023438 0.168519
0 0.392708 0.156019 0.020833 0.134259
0 0.455729 0.134722 0.015625 0.091667
0 0.468750 0.138889 0.013542 0.100000
0 0.462240 0.190741 0.052604 0.088889
0 0.462500 0.183796 0.043750 0.082407
0 0.402604 0.128704 0.018750 0.088889
0 0.419010 0.123148 0.021354 0.107407
0 0.433854 0.128704 0.018750 0.096296
0 0.427604 0.074074 0.011458 0.061111
0 0.720313 0.855093 0.088542 0.282407
