0 0.491927 0.132407 0.013021 0.048148
0 0.478906 0.131481 0.011979 0.053704
0 0.492188 0.151389 0.011458 0.060185
0 0.477344 0.151852 0.008854 0.029630
0 0.481771 0.194444 0.013542 0.059259
0 0.476302 0.212500 0.017188 0.086111
0 0.496354 0.217130 0.018750 0.095370
0 0.518229 0.220833 0.017708 0.091667
0 0.492708 0.285648 0.030208 0.156481
0 0.479427 0.300926 0.033854 0.155556
0 0.511458 0.271296 0.025000 0.116667
0 0.541406 0.290741 0.026562 0.131481
0 0.514323 0.326852 0.031771 0.155556
0 0.516667 0.369907 0.040625 0.208333
0 0.452083 0.361111 0.038542 0.196296
0 0.480990 0.370370 0.033854 0.179630
0 0.552865 0.380556 0.033854 0.168519
0 0.536458 0.425000 0.042708 0.250000
0 0.460677 0.441667 0.041146 0.227778
0 0.493490 0.457870 0.043229 0.195370
0 0.387760 0.198611 0.013021 0.091667
0 0.398438 0.198611 0.015625 0.099074
0 0.422135 0.210648 0.016146 0.089815
0 0.151823 0.136574 0.013021 0.075000
0 0.132812 0.205556 0.014583 0.092593
0 0.684115 0.717130 0.064062 0.352778
0 0.620573 0.705556 0.073438 0.370370
0 0.215365 0.606481 0.067187 0.388889
0 0.152865 0.598611 0.064062 0.354630
0 0.067448 0.691667 0.072396 0.381481
0 0.133854 0.712963 0.085417 0.470370
0 0.402604 0.733333 0.090625 0.453704
