0 0.392708 0.257870 0.017708 0.147222
0 0.408594 0.267130 0.021354 0.137963
0 0.447396 0.320370 0.032292 0.175926
0 0.437240 0.372685 0.053646 0.200926
0 0.475000 0.310185 0.035417 0.181481
0 0.506771 0.299537 0.050000 0.152778
0 0.546354 0.295370 0.033333 0.164815
0 0.556771 0.377315 0.047917 0.215741
0 0.530208 0.383333 0.037500 0.205556
0 0.500521 0.392593 0.033333 0.177778
0 0.545052 0.511111 0.072396 0.309259
0 0.403125 0.474074 0.048958 0.242593
0 0.394792 0.491204 0.045833 0.265741
0 0.379427 0.483796 0.029687 0.200926
0 0.410156 0.580556 0.078646 0.303704
0 0.465365 0.573611 0.065104 0.347222
0 0.507292 0.692593 0.084375 0.394444
0 0.432292 0.697222 0.088542 0.385185
0 0.208333 0.637500 0.057292 0.360185
0 0.244792 0.232407 0.023958 0.137037
0 0.159635 0.223611 0.034896 0.128704
0 0.132812 0.229630 0.021875 0.090741
0 0.113802 0.233796 0.022396 0.121296
0 0.292187 0.889815 0.079167 0.218519
