0 0.026042 0.158333 0.022917 0.151852
0 0.045833 0.146759 0.021875 0.154630
0 0.385937 0.071296 0.032292 0.125926
0 0.714583 0.112037 0.035417 0.192593
0 0.704167 0.126852 0.033333 0.201852
0 0.744010 0.127315 0.039062 0.189815
0 0.782552 0.209259 0.047396 0.248148
0 0.801042 0.247222 0.050000 0.248148
0 0.773438 0.290741 0.054167 0.264815
0 0.358854 0.385185 0.019792 0.112963
0 0.685937 0.181481 0.050000 0.238889
0 0.721354 0.162963 0.039583 0.129630
0 0.673698 0.240278 0.040104 0.232407
0 0.650521 0.280556 0.021875 0.177778
0 0.679948 0.468981 0.081771 0.437963
0 0.652604 0.623611 0.102083 0.495370
0 0.615625 0.723611 0.083333 0.499074
0 0.815104 0.752315 0.056250 0.302778
0 0.811979 0.499537 0.081250 0.384259
0 0.823177 0.570833 0.085938 0.439815
0 0.886198 0.564352 0.069271 0.389815
0 0.794792 0.780093 0.101042 0.425000
0 0.688542 0.782870 0.123958 0.426852
0 0.564323 0.726852 0.106771 0.542593
0 0.486458 0.765278 0.126042 0.467593
0 0.325000 0.031019 0.013542 0.058333
0 0.348698 0.045370 0.034896 0.090741
0 0.009896 0.189352 0.019792 0.189815
