0 0.238021 0.484722 0.028125 0.121296
0 0.435677 0.385185 0.056771 0.320370
0 0.403385 0.068519 0.017188 0.077778
0 0.777865 0.114352 0.036979 0.184259
0 0.744271 0.136111 0.032292 0.177778
0 0.722917 0.120370 0.035417 0.177778
0 0.693490 0.105093 0.030729 0.180556
0 0.661458 0.096759 0.025000 0.149074
0 0.670833 0.111111 0.028125 0.153704
0 0.658073 0.289352 0.054688 0.254630
0 0.719792 0.278704 0.054167 0.255556
0 0.689063 0.398148 0.060417 0.318519
0 0.758333 0.408333 0.060417 0.305556
0 0.801823 0.434259 0.048438 0.303704
0 0.659896 0.560185 0.089583 0.429630
0 0.716406 0.595833 0.063021 0.439815
0 0.925000 0.462500 0.066667 0.330556
0 0.926302 0.704630 0.079687 0.444444
0 0.751302 0.700000 0.070312 0.470370
0 0.501563 0.868519 0.129167 0.261111
0 0.589063 0.774537 0.126042 0.449074
0 0.859115 0.752315 0.110937 0.491667
