0 0.401302 0.070370 0.005729 0.040741
0 0.407552 0.078241 0.009896 0.052778
0 0.417187 0.100000 0.014583 0.081481
0 0.434375 0.092593 0.011458 0.053704
0 0.452344 0.115741 0.017188 0.075926
0 0.419271 0.167130 0.020833 0.095370
0 0.460417 0.158796 0.023958 0.110185
0 0.440885 0.171759 0.020313 0.110185
0 0.470052 0.246296 0.043229 0.187037
0 0.450000 0.212500 0.027083 0.149074
0 0.437240 0.248611 0.016146 0.082407
0 0.414062 0.229167 0.020833 0.106481
0 0.403646 0.193519 0.015625 0.094444
0 0.396875 0.121296 0.019792 0.055556
0 0.373958 0.197222 0.023958 0.161111
0 0.363802 0.202778 0.016146 0.162963
0 0.347656 0.197685 0.029687 0.184259
0 0.472656 0.246296 0.042188 0.190741
0 0.874219 0.523148 0.061979 0.225926
0 0.200781 0.789815 0.150521 0.327778
0 0.176302 0.834722 0.192188 0.328704
