0 0.491146 0.268056 0.018750 0.100926
0 0.519531 0.278704 0.014063 0.101852
0 0.540885 0.280556 0.025521 0.107407
0 0.494531 0.305093 0.030729 0.132407
0 0.534115 0.338426 0.036979 0.176852
0 0.478385 0.414815 0.032813 0.188889
0 0.516927 0.443056 0.024479 0.143519
0 0.522656 0.661574 0.071354 0.352778
0 0.563802 0.782870 0.079687 0.423148
0 0.441146 0.687500 0.062500 0.347222
0 0.355990 0.784722 0.083854 0.426852
0 0.359896 0.770833 0.044792 0.199074
0 0.319792 0.579630 0.003125 0.005556
0 0.294271 0.852315 0.102083 0.293519
