0 0.418750 0.242130 0.017708 0.132407
0 0.420312 0.256944 0.014583 0.100926
0 0.395052 0.249074 0.025521 0.148148
0 0.440365 0.331944 0.040104 0.182407
0 0.436198 0.357870 0.046354 0.193519
0 0.516667 0.322222 0.023958 0.150000
0 0.504687 0.275000 0.047917 0.162963
0 0.529687 0.306481 0.027083 0.150000
0 0.492708 0.351852 0.029167 0.174074
0 0.500521 0.369907 0.030208 0.191667
0 0.516927 0.357407 0.031771 0.181481
0 0.550000 0.359259 0.033333 0.155556
0 0.490625 0.387963 0.035417 0.175926
0 0.440625 0.414815 0.037500 0.214815
0 0.469531 0.445833 0.052604 0.252778
0 0.440885 0.510648 0.047396 0.312037
0 0.529167 0.428241 0.050000 0.202778
0 0.546615 0.463889 0.047396 0.224074
0 0.513802 0.571759 0.123438 0.354630
0 0.474219 0.573611 0.063021 0.343519
0 0.383854 0.519444 0.042708 0.298148
0 0.415625 0.567130 0.061458 0.349074
0 0.246094 0.250000 0.041146 0.137037
0 0.138021 0.167593 0.021875 0.087037
0 0.131771 0.208333 0.032292 0.137037
0 0.118750 0.232870 0.023958 0.143519
0 0.502344 0.838426 0.116146 0.321296
