0 0.083073 0.125926 0.016146 0.120370
0 0.075521 0.518056 0.007292 0.039815
0 0.081771 0.518056 0.009375 0.041667
0 0.040365 0.548611 0.034896 0.130556
0 0.469271 0.394444 0.056250 0.300000
0 0.414583 0.394907 0.061458 0.291667
0 0.703125 0.106944 0.035417 0.171296
0 0.777604 0.150926 0.038542 0.214815
0 0.648698 0.213889 0.053646 0.248148
0 0.930729 0.463889 0.060417 0.350000
0 0.866667 0.473148 0.053125 0.357407
0 0.909375 0.700926 0.072917 0.464815
0 0.805208 0.623611 0.093750 0.500926
0 0.691146 0.645833 0.114583 0.460185
0 0.495573 0.660185 0.074479 0.470370
0 0.525521 0.726852 0.135417 0.474074
0 0.757812 0.060648 0.028125 0.102778
0 0.015885 0.182870 0.028646 0.143519
