0 0.480208 0.172222 0.016667 0.062963
0 0.496875 0.174537 0.020833 0.097222
0 0.404427 0.179167 0.011979 0.100926
0 0.538021 0.385185 0.038542 0.190741
0 0.435156 0.333796 0.043229 0.213889
0 0.624219 0.712037 0.068229 0.379630
0 0.475521 0.277778 0.032292 0.157407
0 0.111198 0.624537 0.027604 0.063889
0 0.499219 0.277315 0.020313 0.123148
0 0.491927 0.375926 0.040104 0.203704
0 0.470052 0.343056 0.033854 0.186111
0 0.540104 0.287963 0.031250 0.120370
0 0.390625 0.193981 0.009375 0.113889
0 0.678906 0.697222 0.075521 0.324074
0 0.556771 0.345833 0.028125 0.154630
0 0.375781 0.777315 0.120313 0.437963
0 0.675000 0.862963 0.102083 0.272222
