0 0.407813 0.112037 0.018750 0.090741
0 0.419010 0.073611 0.013021 0.058333
0 0.430990 0.075926 0.009896 0.042593
0 0.438542 0.078241 0.009375 0.045370
0 0.450000 0.101389 0.014583 0.060185
0 0.470833 0.121759 0.009375 0.049074
0 0.456771 0.142130 0.013542 0.075000
0 0.460677 0.243519 0.051562 0.183333
0 0.492708 0.208333 0.028125 0.133333
0 0.467969 0.167130 0.025521 0.110185
0 0.441667 0.186574 0.025000 0.130556
0 0.433073 0.164352 0.022396 0.115741
0 0.413802 0.149074 0.022396 0.124074
0 0.389323 0.177778 0.025521 0.150000
0 0.397917 0.190741 0.020833 0.146296
0 0.364583 0.211574 0.032292 0.147222
0 0.388281 0.302315 0.049479 0.106481
0 0.355990 0.300926 0.052604 0.142593
0 0.593490 0.714815 0.088021 0.512963
0 0.564844 0.612037 0.078646 0.477778
0 0.552344 0.515741 0.057813 0.385185
0 0.523438 0.494444 0.054167 0.353704
0 0.489323 0.420833 0.052604 0.310185
0 0.458073 0.520833 0.080729 0.460185
0 0.407813 0.552315 0.077083 0.417593
0 0.297135 0.312963 0.048438 0.279630
0 0.298438 0.459259 0.101042 0.250000
0 0.279167 0.545833 0.120833 0.300926
0 0.605208 0.758333 0.097917 0.450000
0 0.177083 0.722685 0.100000 0.552778
