0 0.879687 0.729630 0.060417 0.353704
0 0.630208 0.758333 0.129167 0.301852
0 0.593490 0.785648 0.120313 0.360185
0 0.578906 0.636574 0.100521 0.293519
0 0.509896 0.743981 0.097917 0.500926
0 0.486458 0.623148 0.103125 0.331481
0 0.486719 0.601389 0.068229 0.371296
0 0.529948 0.446759 0.068229 0.286111
0 0.500000 0.369907 0.044792 0.249074
0 0.441406 0.398611 0.046354 0.323148
0 0.465625 0.155556 0.026042 0.070370
0 0.421354 0.107870 0.012500 0.071296
0 0.395573 0.105556 0.016146 0.053704
0 0.383854 0.175000 0.020833 0.133333
0 0.376042 0.193056 0.029167 0.126852
0 0.352083 0.178704 0.014583 0.103704
0 0.352604 0.221296 0.039583 0.114815
0 0.263281 0.694907 0.111979 0.410185
0 0.715885 0.425463 0.072396 0.217593
0 0.597396 0.829630 0.097917 0.331481
0 0.427344 0.856019 0.121354 0.284259
0 0.152865 0.860648 0.106771 0.275000
