0 0.280729 0.551389 0.096875 0.278704
0 0.252344 0.593981 0.064062 0.200926
0 0.445573 0.537963 0.076563 0.381481
0 0.389062 0.582407 0.061458 0.238889
0 0.403906 0.038889 0.013021 0.062963
0 0.428125 0.073148 0.019792 0.074074
0 0.454948 0.075463 0.011979 0.058333
0 0.291927 0.111574 0.018229 0.136111
0 0.272396 0.111111 0.031250 0.144444
0 0.311719 0.081019 0.020313 0.095370
0 0.332813 0.081019 0.021875 0.099074
0 0.353646 0.087037 0.028125 0.116667
0 0.381510 0.107407 0.021354 0.087037
0 0.404167 0.106019 0.037500 0.099074
0 0.432812 0.088889 0.023958 0.074074
0 0.482552 0.099537 0.043229 0.130556
0 0.506250 0.078704 0.022917 0.107407
0 0.555729 0.036574 0.014583 0.069444
0 0.511979 0.138426 0.027083 0.149074
0 0.465365 0.128704 0.020313 0.124074
0 0.401562 0.139815 0.017708 0.090741
0 0.384115 0.148611 0.031771 0.106481
0 0.342708 0.156944 0.028125 0.086111
0 0.281510 0.183796 0.025521 0.112037
0 0.265365 0.212500 0.036979 0.152778
0 0.314583 0.227778 0.029167 0.164815
0 0.369010 0.222685 0.049479 0.150926
0 0.355729 0.218519 0.020833 0.103704
0 0.414062 0.229630 0.042708 0.192593
0 0.447917 0.214815 0.034375 0.179630
0 0.476302 0.222222 0.035937 0.205556
0 0.511979 0.168056 0.030208 0.143519
0 0.548698 0.172685 0.025521 0.169444
0 0.572135 0.158333 0.021354 0.148148
0 0.591406 0.152315 0.023438 0.137963
0 0.595052 0.181944 0.026562 0.158333
0 0.531771 0.246296 0.031250 0.224074
0 0.558594 0.219907 0.030729 0.226852
0 0.599479 0.221296 0.035417 0.196296
0 0.559896 0.290278 0.036458 0.221296
0 0.384635 0.300000 0.053646 0.179630
0 0.323958 0.291204 0.055208 0.175000
0 0.264323 0.266667 0.045312 0.168519
0 0.221875 0.212963 0.037500 0.198148
0 0.172917 0.262037 0.063542 0.188889
0 0.123958 0.251852 0.047917 0.253704
0 0.163281 0.256019 0.048438 0.237963
0 0.054948 0.365278 0.077604 0.278704
0 0.162760 0.390278 0.036979 0.189815
0 0.312760 0.443056 0.080729 0.239815
0 0.328385 0.413889 0.064062 0.257407
0 0.070312 0.521296 0.054167 0.238889
0 0.098177 0.581944 0.076563 0.284259
0 0.133073 0.502778 0.058854 0.264815
0 0.171615 0.579167 0.068229 0.228704
0 0.213021 0.519907 0.058333 0.278704
0 0.456510 0.394907 0.064062 0.334259
0 0.517969 0.325926 0.040104 0.303704
0 0.576823 0.350463 0.069271 0.269444
0 0.601042 0.414352 0.058333 0.293519
0 0.082292 0.763426 0.087500 0.341667
0 0.037240 0.539815 0.069271 0.251852
0 0.051042 0.827778 0.101042 0.342593
0 0.264323 0.879167 0.064062 0.239815
0 0.182031 0.821296 0.110937 0.355556
0 0.347656 0.828704 0.118229 0.340741
