0 0.146875 0.184722 0.020833 0.113889
0 0.481250 0.213889 0.025000 0.107407
0 0.519531 0.247685 0.023438 0.115741
0 0.500260 0.265278 0.023438 0.119444
0 0.474219 0.496759 0.051562 0.287963
0 0.447656 0.569444 0.065104 0.340741
0 0.512500 0.637963 0.068750 0.401852
0 0.397656 0.734722 0.066146 0.413889
0 0.394792 0.200926 0.022917 0.101852
0 0.129688 0.688426 0.063542 0.445370
0 0.480990 0.270370 0.029687 0.122222
0 0.556771 0.687500 0.055208 0.350926
0 0.451302 0.736111 0.081771 0.448148
0 0.551042 0.513426 0.047917 0.284259
0 0.545573 0.314815 0.034896 0.170370
0 0.421615 0.462963 0.052604 0.264815
0 0.418229 0.244444 0.021875 0.146296
0 0.517448 0.379630 0.033854 0.196296
0 0.685677 0.714352 0.065104 0.339815
0 0.546094 0.373148 0.038021 0.205556
0 0.442188 0.636111 0.065625 0.361111
0 0.220573 0.573611 0.079687 0.363889
0 0.482812 0.179167 0.017708 0.080556
0 0.484375 0.138889 0.013542 0.055556
0 0.402604 0.144444 0.011458 0.053704
0 0.410938 0.139815 0.009375 0.044444
0 0.421875 0.190741 0.016667 0.088889
0 0.498437 0.168056 0.014583 0.084259
0 0.500000 0.196759 0.017708 0.095370
0 0.524479 0.209722 0.021875 0.106481
0 0.229427 0.820370 0.079687 0.357407
0 0.667969 0.838426 0.076563 0.321296
