0 0.433333 0.131944 0.023958 0.091667
0 0.392188 0.126852 0.012500 0.090741
0 0.364844 0.171296 0.038021 0.081481
0 0.360938 0.209722 0.052083 0.099074
0 0.424479 0.244907 0.029167 0.176852
0 0.553125 0.470833 0.045833 0.332407
0 0.569531 0.620833 0.145313 0.291667
0 0.623437 0.816204 0.169792 0.341667
0 0.368750 0.176389 0.032292 0.080556
0 0.433333 0.071759 0.011458 0.050926
0 0.461198 0.131481 0.020313 0.057407
0 0.368490 0.195833 0.033854 0.086111
0 0.443229 0.068519 0.011458 0.050000
0 0.362240 0.252315 0.063021 0.137963
0 0.417708 0.187037 0.025000 0.162963
0 0.569531 0.434259 0.036979 0.301852
0 0.479427 0.197222 0.032813 0.101852
0 0.525521 0.509259 0.070833 0.368519
0 0.399219 0.148148 0.016146 0.116667
0 0.666146 0.679167 0.096875 0.421296
0 0.388281 0.137037 0.017188 0.098148
0 0.597917 0.814815 0.103125 0.327778
0 0.672656 0.851389 0.122396 0.289815
