0 0.795573 0.671296 0.158854 0.422222
0 0.602083 0.790278 0.118750 0.378704
0 0.605729 0.738426 0.113542 0.241667
0 0.576302 0.670833 0.170313 0.293519
0 0.578646 0.640278 0.079167 0.310185
0 0.490885 0.530093 0.084896 0.328704
0 0.410417 0.512500 0.100000 0.465741
0 0.530469 0.569907 0.078646 0.425000
0 0.410156 0.613889 0.091146 0.500000
0 0.427344 0.689352 0.088021 0.452778
0 0.468750 0.728704 0.089583 0.479630
0 0.197656 0.800463 0.132812 0.397222
0 0.308594 0.387500 0.061979 0.247222
0 0.346354 0.456481 0.057292 0.338889
0 0.304688 0.430556 0.069792 0.161111
0 0.335156 0.544444 0.065104 0.388889
0 0.320573 0.634722 0.067187 0.402778
0 0.248698 0.617593 0.125521 0.550000
0 0.485677 0.279630 0.046354 0.198148
0 0.468490 0.264352 0.030729 0.162037
0 0.348958 0.279630 0.046875 0.159259
0 0.368750 0.249074 0.065625 0.138889
0 0.355469 0.199537 0.030729 0.158333
0 0.377604 0.241667 0.039583 0.196296
0 0.390365 0.188889 0.017188 0.140741
0 0.403125 0.158796 0.018750 0.115741
0 0.414844 0.162963 0.018229 0.118519
0 0.441927 0.170370 0.022396 0.105556
0 0.451823 0.124537 0.018229 0.102778
0 0.427083 0.071759 0.008333 0.049074
0 0.446094 0.074537 0.008854 0.047222
0 0.441667 0.074074 0.008333 0.050000
0 0.412500 0.079167 0.012500 0.037963
0 0.421354 0.075000 0.009375 0.048148
0 0.429688 0.075000 0.009375 0.055556
0 0.436719 0.076389 0.010937 0.054630
0 0.659115 0.867593 0.164062 0.262963
0 0.110156 0.810648 0.110937 0.376852
