0 0.140365 0.155556 0.014063 0.094444
0 0.141146 0.218519 0.019792 0.112963
0 0.425521 0.169444 0.010417 0.072222
0 0.412760 0.181019 0.019271 0.091667
0 0.398698 0.185185 0.015104 0.088889
0 0.391406 0.159259 0.007812 0.074074
0 0.413542 0.244907 0.021875 0.136111
0 0.475000 0.156944 0.009375 0.073148
0 0.504948 0.161111 0.011979 0.077778
0 0.486719 0.166204 0.013021 0.080556
0 0.473438 0.193981 0.009375 0.080556
0 0.494271 0.232407 0.017708 0.100000
0 0.513542 0.229167 0.017708 0.100926
0 0.486979 0.249537 0.014583 0.049074
0 0.427604 0.329167 0.025000 0.158333
0 0.432812 0.357407 0.033333 0.188889
0 0.468490 0.339815 0.029687 0.175926
0 0.527344 0.337500 0.020313 0.156481
0 0.510938 0.338426 0.023958 0.154630
0 0.492708 0.362500 0.034375 0.186111
0 0.479167 0.430093 0.047917 0.208333
0 0.458073 0.406019 0.040104 0.217593
0 0.561198 0.334259 0.023438 0.161111
0 0.541667 0.385648 0.032292 0.180556
0 0.548177 0.422222 0.031771 0.212963
0 0.499479 0.457407 0.041667 0.237037
0 0.512500 0.545370 0.057292 0.329630
0 0.578646 0.756481 0.076042 0.411111
0 0.429688 0.638889 0.050000 0.329630
0 0.408854 0.724537 0.078125 0.452778
0 0.222396 0.578704 0.066667 0.300000
0 0.177865 0.619907 0.074479 0.384259
0 0.137500 0.743981 0.076042 0.421296
0 0.512240 0.835185 0.114062 0.322222
0 0.338021 0.781481 0.103125 0.435185
0 0.220312 0.863889 0.102083 0.270370
