0 0.476042 0.231481 0.015625 0.122222
0 0.491927 0.239815 0.019271 0.116667
0 0.515625 0.287963 0.027083 0.150000
0 0.567448 0.355093 0.032813 0.169444
0 0.535417 0.360185 0.038542 0.177778
0 0.513802 0.371759 0.021354 0.143519
0 0.497396 0.367593 0.031250 0.179630
0 0.478385 0.303241 0.032813 0.136111
0 0.447917 0.330093 0.032292 0.176852
0 0.464844 0.375463 0.022396 0.115741
0 0.424740 0.351389 0.034896 0.187963
0 0.421615 0.547685 0.060937 0.308333
0 0.426302 0.715278 0.098437 0.399074
0 0.420573 0.237963 0.017188 0.125926
0 0.402604 0.255556 0.022917 0.131481
0 0.148698 0.203704 0.013021 0.098148
0 0.421354 0.807407 0.086458 0.374074
0 0.261719 0.808333 0.074479 0.379630
