0 0.400521 0.399537 0.058333 0.349074
0 0.366927 0.460185 0.061979 0.342593
0 0.392708 0.543056 0.072917 0.386111
0 0.458594 0.399537 0.056771 0.328704
0 0.710938 0.109722 0.025000 0.119444
0 0.761719 0.103704 0.022396 0.131481
0 0.763021 0.672685 0.144792 0.571296
0 0.054167 0.118056 0.022917 0.123148
0 0.367188 0.058333 0.016667 0.087037
0 0.044271 0.128241 0.023958 0.119444
0 0.688802 0.099074 0.031771 0.164815
0 0.063021 0.116204 0.025000 0.139815
0 0.734896 0.089352 0.036458 0.160185
0 0.780469 0.110185 0.036979 0.168519
0 0.773177 0.517130 0.075521 0.404630
0 0.723177 0.688426 0.074479 0.512037
