0 0.378125 0.539352 0.095833 0.434259
0 0.505208 0.442593 0.047917 0.331481
0 0.412500 0.404630 0.059375 0.327778
0 0.358333 0.269444 0.068750 0.137037
0 0.373698 0.132870 0.013021 0.086111
0 0.394010 0.153241 0.022396 0.130556
0 0.419531 0.141667 0.013021 0.107407
0 0.415885 0.093519 0.010937 0.059259
0 0.431250 0.097685 0.013542 0.071296
0 0.443750 0.107870 0.015625 0.075000
0 0.546875 0.598148 0.100000 0.300000
0 0.645312 0.743981 0.093750 0.497222
0 0.475521 0.263426 0.029167 0.134259
0 0.369271 0.184722 0.041667 0.108333
0 0.323437 0.659722 0.098958 0.508333
0 0.385417 0.119907 0.010417 0.084259
0 0.409635 0.153704 0.018229 0.127778
0 0.474219 0.629630 0.067187 0.466667
0 0.428646 0.149074 0.011458 0.105556
0 0.280729 0.525000 0.129167 0.253704
0 0.425521 0.082870 0.008333 0.065741
0 0.499479 0.391667 0.058333 0.316667
0 0.299479 0.431019 0.087500 0.202778
0 0.572917 0.453241 0.048958 0.287963
0 0.446615 0.272222 0.034896 0.203704
0 0.586979 0.633333 0.126042 0.311111
0 0.591146 0.792130 0.089583 0.412037
0 0.168229 0.842130 0.186458 0.313889
