0 0.466406 0.192130 0.040104 0.087963
0 0.450260 0.077778 0.007812 0.053704
0 0.447396 0.103704 0.014583 0.068519
0 0.417187 0.066204 0.007292 0.049074
0 0.421875 0.080556 0.008333 0.048148
0 0.431771 0.077778 0.010417 0.053704
0 0.420833 0.105093 0.008333 0.060185
0 0.415104 0.097685 0.009375 0.058333
0 0.407813 0.164352 0.029167 0.139815
0 0.380208 0.176389 0.016667 0.143519
0 0.366667 0.205093 0.029167 0.169444
0 0.360417 0.207407 0.019792 0.150000
0 0.346094 0.254167 0.019271 0.186111
0 0.874740 0.523148 0.070312 0.233333
0 0.596354 0.775463 0.120833 0.445370
0 0.637240 0.876389 0.102604 0.239815
