0 0.782031 0.117593 0.034896 0.190741
0 0.765104 0.111111 0.050000 0.187037
0 0.725000 0.086574 0.037500 0.167593
0 0.688281 0.100926 0.028646 0.168519
0 0.707292 0.143519 0.038542 0.185185
0 0.747917 0.140278 0.037500 0.191667
0 0.657552 0.205556 0.047396 0.253704
0 0.685937 0.246296 0.044792 0.235185
0 0.705729 0.269444 0.054167 0.244444
0 0.760938 0.344444 0.070833 0.337037
0 0.712760 0.409722 0.068229 0.363889
0 0.919792 0.484722 0.058333 0.358333
0 0.884635 0.706481 0.075521 0.474074
0 0.755208 0.673611 0.096875 0.560185
0 0.430990 0.736111 0.125521 0.522222
0 0.076823 0.115741 0.024479 0.157407
0 0.063281 0.168519 0.049479 0.157407
0 0.816146 0.756944 0.098958 0.484259
0 0.697656 0.727315 0.118229 0.543519
0 0.564844 0.855556 0.116146 0.287037
