0 0.228646 0.456481 0.016667 0.096296
0 0.054167 0.133796 0.031250 0.152778
0 0.727865 0.083796 0.027604 0.167593
0 0.754948 0.096296 0.027604 0.168519
0 0.691406 0.087037 0.026562 0.162963
0 0.687240 0.053241 0.020313 0.099074
0 0.665885 0.095370 0.039062 0.153704
0 0.667969 0.209259 0.053646 0.237037
0 0.785677 0.331019 0.036979 0.295370
0 0.750781 0.380093 0.075521 0.336111
0 0.910937 0.443056 0.105208 0.330556
0 0.850781 0.485185 0.064062 0.374074
0 0.921094 0.710185 0.070312 0.468519
0 0.563542 0.622685 0.094792 0.493519
0 0.506510 0.713426 0.080729 0.504630
