0 0.619010 0.812037 0.157812 0.350000
0 0.580469 0.705556 0.180729 0.333333
0 0.413021 0.424537 0.060417 0.306481
0 0.453385 0.287500 0.049479 0.221296
0 0.430990 0.253704 0.025521 0.181481
0 0.461458 0.159722 0.014583 0.108333
0 0.436719 0.071759 0.006771 0.028704
0 0.411719 0.075463 0.009896 0.049074
0 0.407552 0.106944 0.018229 0.067593
0 0.418229 0.138426 0.018750 0.102778
0 0.389844 0.197685 0.020313 0.143519
0 0.356771 0.176389 0.018750 0.130556
0 0.363281 0.284259 0.039062 0.125926
0 0.282031 0.524537 0.113021 0.299074
0 0.229427 0.758796 0.198437 0.415741
0 0.563542 0.548148 0.103125 0.268519
0 0.550521 0.418981 0.060417 0.239815
0 0.405469 0.082407 0.013021 0.064815
0 0.423438 0.124074 0.016667 0.085185
0 0.503906 0.275000 0.047396 0.227778
0 0.498698 0.430556 0.045312 0.344444
0 0.366146 0.194907 0.023958 0.121296
0 0.366146 0.250000 0.060417 0.133333
0 0.453125 0.466204 0.077083 0.350926
0 0.351562 0.284259 0.037500 0.151852
0 0.470313 0.196759 0.027083 0.139815
0 0.288802 0.386111 0.056771 0.303704
0 0.633594 0.567130 0.068229 0.378704
0 0.263802 0.637037 0.125521 0.337037
0 0.451302 0.125000 0.016146 0.092593
0 0.414323 0.062500 0.006771 0.043519
0 0.145313 0.898611 0.139583 0.197222
0 0.658333 0.851852 0.167708 0.294444
