0 0.540625 0.067130 0.014583 0.106481
0 0.554948 0.080093 0.014063 0.097222
0 0.518750 0.102778 0.033333 0.129630
0 0.492188 0.096759 0.022917 0.123148
0 0.450260 0.163889 0.030729 0.125926
0 0.439323 0.187963 0.022396 0.112963
0 0.529427 0.172685 0.032813 0.160185
0 0.489583 0.225000 0.050000 0.237037
0 0.581510 0.139815 0.019271 0.124074
0 0.568229 0.306944 0.035417 0.217593
0 0.588802 0.312500 0.046354 0.265741
0 0.612760 0.344444 0.041146 0.264815
0 0.426563 0.225000 0.028125 0.155556
0 0.417448 0.243981 0.035937 0.125000
0 0.390885 0.180556 0.033854 0.088889
0 0.387500 0.156481 0.026042 0.107407
0 0.389323 0.189815 0.026562 0.087037
0 0.321354 0.166204 0.035417 0.137963
0 0.287240 0.186111 0.026562 0.103704
0 0.266146 0.195370 0.033333 0.137037
0 0.246615 0.142593 0.028646 0.146296
0 0.348177 0.275463 0.028646 0.169444
0 0.332031 0.297685 0.045312 0.149074
0 0.264844 0.256481 0.045312 0.146296
0 0.238542 0.287500 0.064583 0.178704
0 0.310156 0.438426 0.067187 0.237963
0 0.291927 0.554167 0.069271 0.252778
0 0.211979 0.503241 0.048958 0.212037
0 0.085417 0.285185 0.034375 0.237037
0 0.103646 0.377778 0.051042 0.196296
0 0.129688 0.506481 0.061458 0.244444
0 0.069792 0.512500 0.051042 0.189815
0 0.088802 0.775000 0.070312 0.309259
0 0.043750 0.817593 0.083333 0.318519
0 0.423438 0.061111 0.018750 0.042593
0 0.527604 0.044444 0.016667 0.088889
0 0.409635 0.058796 0.016146 0.049074
0 0.395573 0.060648 0.015104 0.050926
0 0.541927 0.044907 0.017188 0.084259
0 0.410677 0.098148 0.017188 0.062963
0 0.438021 0.023611 0.013542 0.034259
0 0.422396 0.021759 0.013542 0.034259
0 0.589844 0.163889 0.021354 0.114815
0 0.566146 0.068519 0.013542 0.100000
0 0.472135 0.026852 0.010937 0.037037
