0 0.764583 0.041667 0.013542 0.070370
0 0.850781 0.140278 0.021354 0.189815
0 0.054427 0.547685 0.033854 0.169444
0 0.081250 0.568519 0.029167 0.137037
0 0.110677 0.594907 0.027604 0.136111
0 0.685417 0.095370 0.041667 0.172222
0 0.705990 0.111574 0.030729 0.200926
0 0.707031 0.077778 0.030729 0.092593
0 0.644271 0.207870 0.048958 0.263889
0 0.689063 0.219444 0.046875 0.231481
0 0.740365 0.221296 0.040104 0.246296
0 0.749740 0.258333 0.067187 0.301852
0 0.779427 0.272222 0.034896 0.177778
0 0.774740 0.153704 0.040104 0.231481
0 0.383594 0.052778 0.032813 0.105556
