0 0.523958 0.196759 0.015625 0.086111
0 0.478385 0.138426 0.008854 0.069444
0 0.426042 0.167593 0.013542 0.088889
0 0.170052 0.242130 0.024479 0.136111
0 0.126042 0.144444 0.014583 0.083333
0 0.475000 0.262500 0.020833 0.132407
0 0.476562 0.169907 0.008333 0.041667
0 0.512240 0.296759 0.027604 0.145370
0 0.488021 0.296296 0.023958 0.146296
0 0.397396 0.179630 0.016667 0.100000
0 0.509375 0.201389 0.014583 0.093519
0 0.424219 0.194444 0.013021 0.050000
0 0.417448 0.157407 0.014063 0.077778
0 0.531771 0.158333 0.010417 0.031481
0 0.441927 0.300926 0.034896 0.161111
0 0.148958 0.229167 0.029167 0.123148
0 0.536458 0.307407 0.026042 0.151852
0 0.495052 0.158333 0.017188 0.075926
0 0.414844 0.155093 0.014063 0.067593
0 0.408854 0.155556 0.010417 0.066667
