0 0.864062 0.517593 0.062500 0.235185
0 0.438281 0.076852 0.009896 0.050000
0 0.439323 0.082870 0.008854 0.036111
0 0.428125 0.071296 0.010417 0.048148
0 0.412500 0.069907 0.009375 0.045370
0 0.426302 0.113426 0.021354 0.078704
0 0.389844 0.121759 0.014063 0.080556
0 0.468490 0.190741 0.041146 0.092593
0 0.445312 0.156019 0.029167 0.113889
0 0.379427 0.170833 0.027604 0.084259
0 0.366667 0.177315 0.029167 0.102778
0 0.364063 0.193519 0.038542 0.098148
0 0.354948 0.232870 0.036979 0.121296
0 0.353125 0.239352 0.037500 0.143519
0 0.327344 0.331019 0.072396 0.282407
0 0.441146 0.471296 0.088542 0.381481
0 0.579688 0.471759 0.044792 0.291667
0 0.513281 0.595370 0.080729 0.398148
0 0.562240 0.720370 0.121354 0.322222
0 0.608594 0.769444 0.163021 0.392593
