0 0.530990 0.170833 0.030729 0.162037
0 0.591927 0.213426 0.030729 0.176852
0 0.583073 0.261574 0.054688 0.206481
0 0.549219 0.256019 0.041146 0.254630
0 0.565365 0.176389 0.035937 0.180556
0 0.580208 0.393981 0.088542 0.289815
0 0.518750 0.065278 0.022917 0.104630
0 0.544792 0.066204 0.016667 0.104630
0 0.533073 0.075926 0.011979 0.075926
0 0.433333 0.062500 0.017708 0.058333
0 0.403906 0.044444 0.015104 0.066667
0 0.469271 0.116667 0.028125 0.098148
0 0.436979 0.078704 0.021875 0.066667
0 0.399740 0.106481 0.022396 0.094444
0 0.307292 0.048611 0.014583 0.073148
0 0.372917 0.117593 0.023958 0.103704
0 0.451302 0.152315 0.020313 0.117593
0 0.438021 0.166667 0.026042 0.092593
0 0.336458 0.163426 0.029167 0.104630
0 0.289323 0.102778 0.025521 0.120370
0 0.265885 0.121759 0.020313 0.126852
0 0.440365 0.194907 0.028646 0.126852
0 0.462760 0.213426 0.033854 0.187963
0 0.422135 0.268519 0.047396 0.188889
0 0.328385 0.310185 0.048438 0.275926
0 0.297917 0.184722 0.029167 0.123148
0 0.266667 0.215741 0.038542 0.159259
0 0.259896 0.270833 0.046875 0.173148
0 0.506510 0.389352 0.063021 0.313889
0 0.420833 0.390278 0.069792 0.341667
0 0.312240 0.338426 0.045312 0.252778
0 0.727604 0.853241 0.089583 0.217593
0 0.307031 0.450926 0.072396 0.229630
0 0.160417 0.406019 0.044792 0.200926
0 0.019531 0.305093 0.039062 0.212037
0 0.130469 0.510185 0.064062 0.253704
0 0.274479 0.550463 0.084375 0.289815
0 0.390625 0.580556 0.103125 0.398148
0 0.082292 0.778241 0.087500 0.334259
0 0.296094 0.128241 0.016146 0.078704
0 0.384635 0.163426 0.033854 0.130556
0 0.611719 0.394907 0.045312 0.278704
0 0.432552 0.206019 0.031771 0.125000
0 0.421094 0.233333 0.042188 0.161111
0 0.391667 0.286111 0.040625 0.164815
0 0.364323 0.257407 0.042188 0.177778
0 0.492969 0.062500 0.018229 0.071296
0 0.325260 0.176852 0.033854 0.098148
0 0.396875 0.055556 0.016667 0.066667
0 0.284896 0.198611 0.034375 0.132407
0 0.252083 0.247222 0.033333 0.175926
0 0.460156 0.085185 0.021354 0.079630
0 0.403906 0.068519 0.017188 0.072222
0 0.513542 0.321296 0.037500 0.224074
0 0.515365 0.208796 0.031771 0.176852
0 0.469271 0.357407 0.051042 0.266667
0 0.317188 0.038889 0.014583 0.072222
0 0.371354 0.348148 0.052083 0.272222
0 0.169010 0.292130 0.058854 0.217593
0 0.372396 0.060648 0.021875 0.110185
0 0.424219 0.468519 0.068229 0.405556
0 0.495573 0.232407 0.034896 0.190741
0 0.211458 0.396296 0.051042 0.177778
0 0.426563 0.128241 0.028125 0.121296
0 0.560937 0.063889 0.017708 0.087037
0 0.084375 0.497685 0.057292 0.210185
0 0.104688 0.600926 0.084375 0.312963
0 0.255208 0.594907 0.059375 0.206481
0 0.441146 0.740278 0.136458 0.512037
0 0.475000 0.062963 0.016667 0.068519
0 0.036198 0.563426 0.067187 0.280556
0 0.308333 0.163426 0.025000 0.100926
0 0.039844 0.816667 0.078646 0.309259
0 0.292708 0.853704 0.093750 0.290741
0 0.361458 0.837500 0.058333 0.323148
