0 0.369271 0.770370 0.086458 0.444444
0 0.495052 0.366204 0.033854 0.186111
0 0.445833 0.388889 0.040625 0.203704
0 0.541927 0.287037 0.023438 0.120370
0 0.500260 0.299537 0.025521 0.136111
0 0.476302 0.271759 0.019271 0.075000
0 0.499479 0.137037 0.009375 0.055556
0 0.112240 0.644907 0.025521 0.102778
0 0.470573 0.363426 0.027604 0.182407
0 0.623698 0.707407 0.071354 0.370370
0 0.519792 0.289815 0.023958 0.133333
0 0.527344 0.623611 0.065104 0.419444
0 0.494531 0.248611 0.025521 0.128704
0 0.557292 0.782870 0.084375 0.430556
0 0.519792 0.170833 0.018750 0.076852
0 0.525521 0.685185 0.059375 0.383333
0 0.490104 0.137963 0.012500 0.059259
0 0.530990 0.375926 0.031771 0.144444
0 0.403646 0.159722 0.014583 0.060185
0 0.682031 0.723611 0.075521 0.365741
0 0.388021 0.794444 0.083333 0.409259
0 0.516667 0.745833 0.056250 0.352778
0 0.482292 0.800000 0.085417 0.396296
0 0.683854 0.870370 0.059375 0.255556
