0 0.127083 0.144907 0.013542 0.084259
0 0.402083 0.155556 0.009375 0.070370
0 0.478385 0.162500 0.011979 0.069444
0 0.559375 0.456944 0.043750 0.237963
0 0.471875 0.402778 0.029167 0.198148
0 0.390885 0.146296 0.009896 0.053704
0 0.492188 0.316667 0.025000 0.148148
0 0.485417 0.151852 0.009375 0.068519
0 0.512500 0.450926 0.044792 0.261111
0 0.475000 0.326389 0.016667 0.097222
0 0.410938 0.405093 0.038542 0.213889
0 0.508854 0.351852 0.035417 0.181481
0 0.500521 0.570833 0.045833 0.269444
0 0.472656 0.700926 0.070312 0.375926
0 0.480729 0.241204 0.016667 0.113889
0 0.546875 0.300463 0.025000 0.141667
0 0.113021 0.167130 0.012500 0.091667
0 0.496094 0.164815 0.013021 0.070370
0 0.685937 0.720370 0.060417 0.355556
0 0.413542 0.155556 0.011458 0.074074
0 0.467187 0.640278 0.061458 0.343519
0 0.563802 0.632407 0.064062 0.362963
0 0.443229 0.591204 0.044792 0.304630
0 0.141927 0.204167 0.019271 0.104630
0 0.543750 0.671759 0.075000 0.436111
0 0.415885 0.666667 0.073438 0.366667
0 0.559115 0.385648 0.042188 0.189815
0 0.509115 0.282407 0.029687 0.140741
0 0.377083 0.750463 0.065625 0.358333
0 0.121094 0.580093 0.020313 0.099074
0 0.424219 0.162963 0.015104 0.074074
0 0.515625 0.373148 0.038542 0.174074
0 0.441667 0.394444 0.041667 0.214815
