0 0.376042 0.153241 0.018750 0.100926
0 0.429688 0.065741 0.005208 0.046296
0 0.426302 0.175000 0.024479 0.120370
0 0.355729 0.225000 0.047917 0.085185
0 0.458333 0.240278 0.036458 0.184259
0 0.310937 0.491204 0.091667 0.299074
0 0.414323 0.471296 0.081771 0.361111
0 0.371875 0.345370 0.076042 0.309259
0 0.511198 0.412037 0.065104 0.294444
0 0.282031 0.549074 0.123438 0.279630
0 0.571615 0.688889 0.122396 0.292593
0 0.436979 0.066667 0.007292 0.046296
0 0.481771 0.194444 0.022917 0.112963
0 0.446354 0.064815 0.011458 0.044444
0 0.568750 0.629167 0.134375 0.275000
0 0.441927 0.134259 0.021354 0.100000
0 0.358073 0.167593 0.023438 0.120370
0 0.477344 0.147222 0.017188 0.100000
0 0.580729 0.730093 0.179167 0.345370
0 0.428125 0.309722 0.051042 0.256481
0 0.477083 0.403241 0.038542 0.263889
0 0.425781 0.064815 0.006771 0.050000
0 0.404427 0.164352 0.023438 0.119444
0 0.628646 0.846759 0.180208 0.304630
0 0.586979 0.832407 0.088542 0.333333
