0 0.610938 0.683333 0.082292 0.462963
0 0.451302 0.130556 0.018229 0.085185
0 0.462500 0.162500 0.023958 0.076852
0 0.442188 0.065278 0.006250 0.039815
0 0.440104 0.072222 0.006250 0.029630
0 0.429688 0.083333 0.010417 0.059259
0 0.389583 0.122685 0.023958 0.071296
0 0.385156 0.144907 0.032813 0.076852
0 0.381771 0.156481 0.015625 0.112963
0 0.364583 0.191204 0.046875 0.108333
0 0.350521 0.213889 0.031250 0.092593
0 0.292448 0.502315 0.101562 0.391667
0 0.270833 0.697222 0.076042 0.407407
0 0.221615 0.731019 0.077604 0.536111
