0 0.143229 0.200926 0.025000 0.112963
0 0.201042 0.544444 0.071875 0.222222
0 0.148177 0.685648 0.073438 0.434259
0 0.084896 0.637963 0.065625 0.400000
0 0.408854 0.233796 0.026042 0.084259
0 0.522135 0.227315 0.017188 0.104630
0 0.468490 0.296296 0.036979 0.162963
0 0.548698 0.312500 0.031771 0.162037
0 0.526823 0.346296 0.032813 0.153704
0 0.476302 0.347685 0.046354 0.217593
0 0.419010 0.407870 0.048438 0.252778
0 0.526042 0.442593 0.064583 0.251852
0 0.532031 0.543056 0.079687 0.302778
0 0.555208 0.790741 0.088542 0.405556
0 0.455469 0.817130 0.072396 0.358333
