0 0.775781 0.111574 0.041146 0.186111
0 0.746875 0.156019 0.048958 0.223148
0 0.680469 0.149074 0.039062 0.133333
0 0.682292 0.247685 0.048958 0.215741
0 0.646615 0.535648 0.077604 0.410185
0 0.336979 0.699074 0.098958 0.485185
0 0.767708 0.150926 0.041667 0.201852
0 0.754427 0.405556 0.056771 0.355556
0 0.675781 0.125926 0.034896 0.162963
0 0.709635 0.170370 0.049479 0.227778
0 0.717708 0.111574 0.032292 0.178704
0 0.728385 0.221759 0.064062 0.265741
0 0.742969 0.469444 0.076563 0.401852
0 0.372396 0.052778 0.028125 0.103704
