0 0.410156 0.068056 0.009896 0.047222
0 0.423438 0.092130 0.009375 0.067593
0 0.413542 0.094444 0.014583 0.061111
0 0.436719 0.090278 0.013021 0.062037
0 0.449219 0.084259 0.015104 0.070370
0 0.459635 0.121759 0.016146 0.087963
0 0.413281 0.147222 0.022396 0.105556
0 0.390104 0.131481 0.023958 0.101852
0 0.384896 0.160185 0.023958 0.090741
0 0.419271 0.166667 0.022917 0.120370
0 0.437240 0.162500 0.022396 0.110185
0 0.467187 0.156944 0.017708 0.119444
0 0.474219 0.168981 0.032813 0.123148
0 0.473698 0.191667 0.022396 0.142593
0 0.485417 0.238889 0.047917 0.127778
0 0.435677 0.241204 0.042188 0.200926
0 0.355208 0.217130 0.034375 0.106481
0 0.352083 0.216667 0.035417 0.105556
0 0.363021 0.273148 0.068750 0.150000
0 0.357552 0.283333 0.075521 0.153704
0 0.276302 0.487500 0.122396 0.508333
0 0.242708 0.629630 0.144792 0.329630
0 0.267969 0.804630 0.164062 0.383333
0 0.432031 0.470833 0.070312 0.358333
0 0.412500 0.545833 0.097917 0.412037
0 0.467448 0.527315 0.079687 0.269444
0 0.527604 0.418056 0.059375 0.362037
0 0.545833 0.558796 0.142708 0.286111
0 0.557031 0.606481 0.149479 0.298148
0 0.582031 0.709722 0.197396 0.356481
0 0.599219 0.753704 0.078646 0.475926
0 0.623177 0.802778 0.119271 0.387037
0 0.187760 0.881019 0.116146 0.236111
