0 0.841146 0.514815 0.055208 0.220370
0 0.247656 0.700000 0.171354 0.346296
0 0.241146 0.728704 0.107292 0.374074
0 0.285677 0.494907 0.075521 0.280556
0 0.332552 0.446759 0.065104 0.380556
0 0.328906 0.347222 0.046354 0.227778
0 0.341406 0.221296 0.021354 0.103704
0 0.364063 0.288889 0.056250 0.137037
0 0.342969 0.187037 0.021354 0.127778
0 0.358594 0.182407 0.018229 0.111111
0 0.366927 0.193519 0.018229 0.105556
0 0.385156 0.175000 0.021354 0.131481
0 0.396094 0.200926 0.025521 0.144444
0 0.411719 0.140741 0.013021 0.046296
0 0.393229 0.100463 0.013542 0.047222
0 0.413281 0.071296 0.010937 0.053704
0 0.426823 0.071759 0.007812 0.047222
0 0.425260 0.089815 0.009896 0.057407
0 0.444010 0.113889 0.017188 0.085185
0 0.435937 0.156019 0.031250 0.125000
0 0.457813 0.171759 0.020833 0.128704
0 0.452865 0.244444 0.047396 0.192593
0 0.436719 0.402315 0.048438 0.312037
0 0.512240 0.431481 0.067187 0.235185
0 0.542448 0.585648 0.101562 0.304630
0 0.568229 0.616667 0.105208 0.290741
0 0.570312 0.627778 0.153125 0.288889
0 0.610417 0.788889 0.164583 0.357407
0 0.582812 0.788426 0.144792 0.345370
0 0.899479 0.768056 0.094792 0.319444
0 0.171615 0.893056 0.113021 0.212037
0 0.170313 0.750463 0.097917 0.500926
0 0.621094 0.847685 0.109896 0.299074
0 0.412240 0.794444 0.190104 0.409259
