0 0.348177 0.045833 0.034896 0.086111
0 0.367448 0.057407 0.021354 0.077778
0 0.386719 0.061111 0.019271 0.122222
0 0.449479 0.132407 0.096875 0.003704
0 0.047656 0.137500 0.036979 0.143519
0 0.355469 0.492593 0.073438 0.388889
0 0.389583 0.448611 0.058333 0.347222
0 0.447917 0.389352 0.061458 0.289815
0 0.467187 0.335648 0.046875 0.204630
0 0.647135 0.743981 0.109896 0.504630
0 0.799219 0.632407 0.066146 0.461111
0 0.809635 0.530093 0.063021 0.412037
0 0.876823 0.538426 0.077604 0.439815
0 0.932813 0.509722 0.051042 0.415741
0 0.946615 0.600463 0.040104 0.426852
0 0.792188 0.756481 0.094792 0.475926
0 0.708854 0.631481 0.088542 0.462963
0 0.631771 0.608796 0.098958 0.515741
0 0.640885 0.402315 0.065104 0.341667
0 0.636719 0.357407 0.040104 0.309259
0 0.652865 0.257870 0.035937 0.265741
0 0.677083 0.318056 0.060417 0.287963
0 0.684375 0.120833 0.035417 0.187963
0 0.716146 0.143981 0.033333 0.193519
0 0.721875 0.073148 0.027083 0.138889
0 0.738281 0.062037 0.015104 0.111111
0 0.761458 0.063426 0.023958 0.112037
0 0.892188 0.805556 0.087500 0.387037
0 0.483594 0.756481 0.111979 0.474074
