0 0.605990 0.775000 0.190104 0.374074
0 0.436719 0.182870 0.046354 0.141667
0 0.509896 0.469444 0.061458 0.403704
0 0.444792 0.135648 0.018750 0.087963
0 0.464583 0.151389 0.020833 0.110185
0 0.404167 0.075000 0.008333 0.051852
0 0.355990 0.216204 0.039062 0.104630
0 0.425781 0.126389 0.020313 0.102778
0 0.294271 0.437500 0.098958 0.219444
0 0.276302 0.551852 0.122396 0.314815
0 0.569792 0.454167 0.051042 0.206481
0 0.575000 0.634259 0.138542 0.296296
0 0.358854 0.176389 0.029167 0.134259
0 0.361198 0.286574 0.060937 0.137963
0 0.545052 0.591667 0.106771 0.300000
0 0.954167 0.603241 0.062500 0.275000
0 0.170052 0.844444 0.194271 0.309259
