0 0.412760 0.062963 0.004687 0.029630
0 0.434896 0.057870 0.008333 0.021296
0 0.428385 0.078241 0.010937 0.056481
0 0.432812 0.084259 0.011458 0.062963
0 0.446354 0.073148 0.010417 0.051852
0 0.434896 0.142593 0.020833 0.107407
0 0.429167 0.111111 0.008333 0.042593
0 0.418490 0.140741 0.017188 0.107407
0 0.392188 0.105556 0.014583 0.050000
0 0.373958 0.142130 0.016667 0.104630
0 0.465885 0.162963 0.026562 0.085185
0 0.463021 0.164352 0.017708 0.108333
0 0.476823 0.213426 0.022396 0.115741
0 0.436719 0.194444 0.024479 0.148148
0 0.385417 0.176389 0.025000 0.136111
0 0.357031 0.189352 0.035937 0.123148
0 0.356771 0.223611 0.046875 0.119444
0 0.501302 0.390741 0.047396 0.290741
0 0.447656 0.398611 0.041146 0.328704
0 0.565885 0.693056 0.069271 0.506481
0 0.245833 0.708333 0.168750 0.357407
0 0.459635 0.767593 0.121354 0.453704
