0 0.865885 0.583796 0.164062 0.363889
0 0.554167 0.724074 0.083333 0.522222
0 0.563542 0.489815 0.058333 0.357407
0 0.534115 0.556944 0.093229 0.415741
0 0.474740 0.369444 0.067187 0.303704
0 0.501823 0.278704 0.042188 0.190741
0 0.458594 0.297222 0.046354 0.250000
0 0.422656 0.296759 0.048438 0.234259
0 0.422917 0.068981 0.010417 0.050926
0 0.445312 0.068981 0.009375 0.049074
0 0.439063 0.070833 0.011458 0.045370
0 0.434115 0.061111 0.008854 0.048148
0 0.442969 0.084259 0.008854 0.044444
0 0.451302 0.077315 0.008854 0.047222
0 0.410156 0.070833 0.010937 0.054630
0 0.403646 0.085185 0.011458 0.040741
0 0.452344 0.104630 0.010937 0.072222
0 0.447396 0.135185 0.016667 0.064815
0 0.473438 0.172685 0.023958 0.143519
0 0.457031 0.166204 0.015104 0.069444
0 0.442708 0.186111 0.018750 0.105556
0 0.441927 0.110185 0.009896 0.062963
0 0.429948 0.116667 0.016146 0.083333
0 0.419531 0.144444 0.016146 0.105556
0 0.408333 0.154630 0.022917 0.116667
0 0.392188 0.126389 0.015625 0.099074
0 0.396354 0.147685 0.020833 0.102778
0 0.380729 0.147685 0.021875 0.073148
0 0.369010 0.182407 0.040104 0.090741
0 0.359115 0.288426 0.068229 0.139815
0 0.336979 0.296759 0.047917 0.271296
0 0.309896 0.470370 0.118750 0.283333
0 0.278646 0.553241 0.130208 0.313889
0 0.594271 0.741667 0.128125 0.514815
0 0.168229 0.855556 0.184375 0.287037
