0 0.519792 0.277778 0.030208 0.131481
0 0.499740 0.264352 0.019271 0.099074
0 0.480208 0.272685 0.023958 0.113889
0 0.552604 0.301389 0.029167 0.134259
0 0.465104 0.304167 0.035417 0.141667
0 0.520573 0.307407 0.034896 0.138889
0 0.505208 0.320833 0.031250 0.158333
0 0.508333 0.365278 0.030208 0.162037
0 0.482292 0.353241 0.025000 0.139815
0 0.459375 0.368056 0.035417 0.199074
0 0.422656 0.406019 0.042188 0.228704
0 0.405208 0.426852 0.045833 0.214815
0 0.477604 0.436111 0.063542 0.231481
0 0.529687 0.453241 0.051042 0.243519
0 0.561198 0.448148 0.033854 0.181481
0 0.569792 0.645370 0.048958 0.303704
0 0.457292 0.607407 0.066667 0.301852
0 0.393750 0.568519 0.050000 0.224074
0 0.423698 0.683796 0.065104 0.267593
0 0.502083 0.721296 0.070833 0.318519
0 0.436198 0.704630 0.073438 0.337037
0 0.358333 0.739352 0.073958 0.321296
0 0.619010 0.746759 0.082812 0.384259
0 0.363281 0.818056 0.104688 0.363889
0 0.314323 0.799537 0.070312 0.397222
0 0.269792 0.797685 0.065625 0.400926
0 0.212240 0.241667 0.025521 0.146296
0 0.186979 0.253704 0.022917 0.118519
0 0.163542 0.223148 0.026042 0.118519
0 0.160417 0.237037 0.030208 0.116667
0 0.113802 0.237037 0.020313 0.125926
0 0.130729 0.207407 0.027083 0.112963
0 0.303906 0.884722 0.064062 0.228704
0 0.395833 0.874074 0.098958 0.250000
0 0.549740 0.835185 0.150521 0.327778
0 0.646354 0.817130 0.061458 0.363889
