0 0.419010 0.063889 0.008854 0.044444
0 0.414062 0.068056 0.009375 0.045370
0 0.414323 0.083796 0.008854 0.047222
0 0.431771 0.070833 0.007292 0.028704
0 0.427604 0.070833 0.006250 0.030556
0 0.437760 0.066667 0.006771 0.027778
0 0.443490 0.071296 0.009896 0.046296
0 0.451823 0.078704 0.007812 0.038889
0 0.446875 0.098148 0.011458 0.061111
0 0.427604 0.096759 0.011458 0.060185
0 0.380469 0.150926 0.017188 0.109259
0 0.397917 0.159722 0.017708 0.115741
0 0.351302 0.225000 0.048438 0.112963
0 0.364323 0.191667 0.049479 0.109259
0 0.464583 0.162037 0.025000 0.077778
0 0.441667 0.172222 0.028125 0.131481
0 0.515885 0.465741 0.074479 0.253704
0 0.309635 0.468981 0.129688 0.271296
0 0.206510 0.603241 0.069271 0.449074
0 0.244792 0.716204 0.175000 0.349074
0 0.177865 0.842593 0.195312 0.312963
