0 0.216406 0.650926 0.067187 0.527778
0 0.293229 0.660648 0.139583 0.347222
0 0.462500 0.639352 0.097917 0.497222
0 0.575781 0.571296 0.080729 0.407407
0 0.519792 0.535185 0.086458 0.387037
0 0.565625 0.438426 0.052083 0.297222
0 0.461458 0.427778 0.048958 0.309259
0 0.476823 0.397685 0.039062 0.267593
0 0.300000 0.475463 0.097917 0.295370
0 0.315885 0.423148 0.111979 0.248148
0 0.486458 0.171759 0.019792 0.134259
0 0.477083 0.185648 0.023958 0.137963
0 0.353646 0.254630 0.052083 0.131481
0 0.358073 0.209259 0.042188 0.101852
0 0.364844 0.194907 0.057813 0.112037
0 0.373698 0.178704 0.042188 0.087037
0 0.454427 0.117593 0.018229 0.074074
0 0.379427 0.143056 0.022396 0.078704
0 0.406771 0.099074 0.019792 0.081481
0 0.425260 0.094907 0.017188 0.075000
0 0.491927 0.818981 0.158854 0.360185
0 0.573438 0.745370 0.090625 0.507407
0 0.639323 0.764352 0.116146 0.469444
0 0.254167 0.731019 0.090625 0.536111
