0 0.429427 0.061574 0.008854 0.039815
0 0.442188 0.073148 0.009375 0.057407
0 0.411719 0.062500 0.009896 0.045370
0 0.411979 0.074074 0.012500 0.048148
0 0.420573 0.080093 0.009896 0.056481
0 0.435417 0.081481 0.012500 0.064815
0 0.449219 0.094444 0.013021 0.064815
0 0.406771 0.118519 0.014583 0.094444
0 0.383594 0.163426 0.028646 0.087963
0 0.395313 0.137963 0.009375 0.098148
0 0.457813 0.125926 0.012500 0.094444
0 0.430469 0.124537 0.024479 0.121296
0 0.388021 0.144907 0.018750 0.119444
0 0.423438 0.173611 0.018750 0.136111
0 0.369792 0.179167 0.015625 0.130556
0 0.388021 0.147685 0.018750 0.117593
0 0.348958 0.176389 0.018750 0.130556
0 0.356771 0.178241 0.017708 0.117593
0 0.358594 0.210185 0.025521 0.105556
0 0.461719 0.158796 0.022396 0.113889
0 0.402604 0.174537 0.019792 0.137963
0 0.429948 0.183333 0.029687 0.151852
0 0.370052 0.212963 0.023438 0.164815
0 0.360417 0.248148 0.044792 0.151852
0 0.363802 0.265278 0.066146 0.143519
0 0.354427 0.283333 0.070312 0.153704
0 0.575781 0.626852 0.114062 0.229630
0 0.533594 0.467130 0.082812 0.206481
0 0.577083 0.443519 0.045833 0.311111
0 0.458073 0.377315 0.064062 0.287963
0 0.328125 0.481944 0.088542 0.280556
0 0.289583 0.511574 0.092708 0.267593
0 0.629948 0.822685 0.167187 0.350926
0 0.597135 0.602315 0.077604 0.449074
0 0.495833 0.581019 0.052083 0.437963
0 0.239323 0.661111 0.118229 0.392593
0 0.219271 0.767130 0.173958 0.437963
0 0.475781 0.696296 0.119271 0.603704
0 0.489063 0.751852 0.096875 0.494444
