0 0.492188 0.083796 0.020833 0.095370
0 0.448958 0.078241 0.016667 0.063889
0 0.457292 0.151852 0.026042 0.148148
0 0.317188 0.150926 0.032292 0.085185
0 0.337760 0.212500 0.024479 0.091667
0 0.531250 0.063426 0.016667 0.087963
0 0.561719 0.044444 0.010937 0.059259
0 0.514844 0.197222 0.019271 0.118519
0 0.557552 0.183796 0.022396 0.141667
0 0.591667 0.250000 0.021875 0.177778
0 0.296615 0.243519 0.036979 0.131481
0 0.342187 0.282407 0.043750 0.146296
0 0.380469 0.307870 0.038021 0.154630
0 0.221875 0.252778 0.038542 0.120370
0 0.610156 0.321759 0.053646 0.200926
0 0.381771 0.541667 0.060417 0.377778
0 0.520573 0.472685 0.068229 0.269444
0 0.336198 0.413889 0.053646 0.237037
0 0.254167 0.427315 0.070833 0.184259
0 0.187500 0.415741 0.063542 0.190741
0 0.061979 0.401852 0.056250 0.174074
0 0.180990 0.576389 0.059896 0.219444
0 0.104167 0.565278 0.078125 0.265741
0 0.554427 0.278241 0.072396 0.186111
0 0.409635 0.110648 0.022396 0.099074
0 0.415365 0.268519 0.048438 0.192593
0 0.280208 0.284259 0.062500 0.157407
0 0.443490 0.228241 0.033854 0.199074
0 0.222396 0.178241 0.040625 0.162037
0 0.467969 0.164352 0.020313 0.139815
0 0.459115 0.324537 0.057813 0.312037
0 0.404167 0.233796 0.044792 0.112037
0 0.616146 0.396759 0.048958 0.299074
0 0.378125 0.075463 0.019792 0.100926
0 0.428646 0.524074 0.053125 0.316667
0 0.318229 0.225926 0.032292 0.111111
0 0.605729 0.693056 0.091667 0.417593
0 0.394792 0.123611 0.029167 0.073148
0 0.322656 0.460185 0.054688 0.246296
0 0.352865 0.076389 0.022396 0.110185
0 0.051562 0.223148 0.025000 0.153704
0 0.245312 0.610648 0.084375 0.304630
0 0.125781 0.512963 0.063021 0.203704
0 0.497656 0.204630 0.041146 0.205556
0 0.190104 0.760185 0.084375 0.396296
0 0.434375 0.082407 0.022917 0.064815
0 0.569792 0.179630 0.023958 0.148148
0 0.365365 0.162500 0.025521 0.082407
0 0.423958 0.041667 0.018750 0.083333
0 0.654427 0.806944 0.118229 0.384259
0 0.310937 0.819907 0.093750 0.345370
0 0.406510 0.766667 0.120313 0.455556
0 0.524219 0.788426 0.081771 0.415741
