0 0.855729 0.532870 0.091667 0.456481
0 0.764844 0.076389 0.023438 0.149074
0 0.747917 0.379630 0.058333 0.307407
0 0.635156 0.606019 0.075521 0.467593
0 0.742708 0.168056 0.048958 0.202778
0 0.814844 0.303241 0.051562 0.284259
0 0.685417 0.082870 0.029167 0.156481
0 0.681771 0.336574 0.054167 0.202778
0 0.562500 0.604630 0.070833 0.457407
0 0.687760 0.246759 0.057813 0.245370
0 0.331771 0.025463 0.016667 0.045370
0 0.389323 0.056481 0.028646 0.105556
0 0.436979 0.054167 0.036458 0.104630
0 0.529427 0.838426 0.147396 0.321296
0 0.607812 0.757407 0.094792 0.470370
0 0.580729 0.871759 0.059375 0.254630
0 0.686719 0.781019 0.123438 0.423148
0 0.790365 0.743056 0.121354 0.502778
0 0.867448 0.826852 0.147396 0.344444
