0 0.540885 0.260185 0.046354 0.225926
0 0.584896 0.194907 0.025000 0.173148
0 0.551562 0.207407 0.036458 0.209259
0 0.574479 0.155093 0.026042 0.156481
0 0.511719 0.098611 0.027604 0.115741
0 0.527604 0.112963 0.017708 0.087037
0 0.506250 0.095370 0.017708 0.105556
0 0.565885 0.051389 0.011979 0.087963
0 0.542188 0.056944 0.018750 0.095370
0 0.531510 0.041667 0.016146 0.081481
0 0.518750 0.047222 0.013542 0.077778
0 0.473698 0.037963 0.016146 0.050000
0 0.420573 0.045833 0.027604 0.076852
0 0.390625 0.027315 0.014583 0.052778
0 0.429167 0.158333 0.032292 0.114815
0 0.489844 0.320833 0.057813 0.287963
0 0.438281 0.450463 0.057813 0.347222
0 0.356510 0.453241 0.065104 0.339815
0 0.324479 0.774074 0.088542 0.448148
0 0.328125 0.660648 0.094792 0.291667
0 0.443490 0.200926 0.029687 0.133333
0 0.413281 0.240278 0.030729 0.143519
0 0.330990 0.230556 0.042188 0.148148
0 0.261458 0.141204 0.025000 0.134259
0 0.258333 0.209722 0.030208 0.125000
0 0.339583 0.299537 0.035417 0.139815
0 0.305990 0.279167 0.048438 0.156481
0 0.266146 0.267593 0.037500 0.153704
0 0.220052 0.257870 0.031771 0.154630
0 0.194792 0.288426 0.041667 0.175000
0 0.317448 0.450000 0.076563 0.231481
0 0.226823 0.394907 0.043229 0.182407
0 0.204167 0.449074 0.065625 0.229630
0 0.101302 0.385185 0.045312 0.187037
0 0.059115 0.290278 0.048438 0.191667
0 0.202083 0.618519 0.097917 0.268519
0 0.133073 0.519907 0.045312 0.243519
0 0.112240 0.581019 0.075521 0.273148
0 0.052083 0.565741 0.059375 0.216667
0 0.133594 0.861111 0.074479 0.268519
0 0.166927 0.768519 0.107813 0.374074
0 0.626563 0.807870 0.060417 0.363889
0 0.676562 0.808333 0.102083 0.379630
0 0.601562 0.830556 0.142708 0.337037
