0 0.102604 0.843981 0.130208 0.310185
0 0.513281 0.146296 0.021354 0.148148
0 0.489583 0.145370 0.025000 0.161111
0 0.548177 0.114352 0.026562 0.147222
0 0.533073 0.135648 0.025521 0.160185
0 0.268750 0.195370 0.028125 0.092593
0 0.195052 0.185185 0.043229 0.153704
0 0.300781 0.247222 0.045312 0.148148
0 0.115625 0.244907 0.022917 0.215741
0 0.505469 0.439815 0.068229 0.344444
0 0.175260 0.420833 0.057813 0.182407
0 0.247396 0.592130 0.081250 0.254630
0 0.339323 0.271296 0.041146 0.116667
0 0.270052 0.271759 0.059896 0.137963
0 0.200521 0.280556 0.035417 0.118519
0 0.568490 0.306481 0.048438 0.201852
0 0.448177 0.492593 0.057813 0.359259
0 0.380990 0.422222 0.056771 0.344444
0 0.323437 0.443056 0.057292 0.204630
0 0.096875 0.358333 0.051042 0.155556
0 0.310677 0.701852 0.154688 0.474074
0 0.179948 0.574074 0.059896 0.200000
0 0.098698 0.545370 0.067187 0.235185
0 0.186458 0.183796 0.022917 0.160185
0 0.309635 0.150926 0.029687 0.090741
0 0.409375 0.233333 0.030208 0.112963
0 0.436458 0.104630 0.020833 0.062963
0 0.222396 0.256944 0.038542 0.134259
0 0.429948 0.206944 0.025521 0.112037
0 0.459635 0.162037 0.021354 0.162963
0 0.595833 0.318981 0.031250 0.254630
0 0.415625 0.212500 0.023958 0.123148
0 0.485938 0.544444 0.071875 0.377778
0 0.395313 0.120833 0.026042 0.069444
0 0.254948 0.415741 0.054688 0.142593
0 0.252344 0.215278 0.035937 0.089815
0 0.437760 0.189815 0.038021 0.125926
0 0.399479 0.042130 0.015625 0.073148
0 0.309375 0.029630 0.013542 0.046296
0 0.124740 0.509722 0.067187 0.195370
0 0.556771 0.204167 0.028125 0.178704
0 0.361198 0.164815 0.032813 0.085185
0 0.411979 0.095370 0.023958 0.101852
