0 0.680729 0.102778 0.030208 0.161111
0 0.760156 0.109259 0.033854 0.177778
0 0.749219 0.135648 0.039062 0.197222
0 0.664323 0.132407 0.034896 0.142593
0 0.713802 0.172685 0.053646 0.258333
0 0.774479 0.216667 0.058333 0.290741
0 0.708333 0.229630 0.059375 0.277778
0 0.774479 0.259259 0.057292 0.309259
0 0.708073 0.283796 0.060937 0.317593
0 0.785937 0.431944 0.072917 0.400926
0 0.724479 0.427315 0.071875 0.378704
0 0.650521 0.466667 0.051042 0.272222
0 0.459896 0.431944 0.098958 0.356481
0 0.364844 0.488426 0.111979 0.423148
0 0.590625 0.723611 0.137500 0.513889
