0 0.552344 0.594907 0.066146 0.417593
0 0.485938 0.432407 0.057292 0.264815
0 0.338802 0.389352 0.075521 0.306481
0 0.454427 0.209259 0.042188 0.157407
0 0.409375 0.200926 0.028125 0.148148
0 0.362500 0.237963 0.060417 0.124074
0 0.374219 0.177315 0.057813 0.087963
0 0.371354 0.187037 0.022917 0.098148
0 0.444271 0.098148 0.010417 0.057407
0 0.429167 0.096759 0.007292 0.056481
0 0.406771 0.091667 0.012500 0.062963
0 0.420312 0.059722 0.008333 0.039815
0 0.587760 0.733796 0.199479 0.330556
0 0.362760 0.251852 0.054688 0.137037
0 0.364844 0.210185 0.034896 0.103704
0 0.282813 0.499537 0.085417 0.273148
0 0.366406 0.190741 0.054688 0.085185
0 0.385937 0.157870 0.020833 0.123148
0 0.560677 0.587963 0.135937 0.279630
0 0.399479 0.121759 0.012500 0.075000
0 0.540365 0.450000 0.082812 0.212963
0 0.433854 0.098611 0.015625 0.062037
0 0.401042 0.443519 0.051042 0.233333
0 0.420573 0.096296 0.014063 0.055556
0 0.474219 0.191667 0.036979 0.100000
0 0.436719 0.208796 0.022396 0.117593
