0 0.479167 0.173148 0.021875 0.096296
0 0.353125 0.292130 0.070833 0.163889
0 0.404948 0.216667 0.030729 0.172222
0 0.320833 0.481481 0.095833 0.266667
0 0.274740 0.508796 0.086979 0.275000
0 0.522396 0.457407 0.094792 0.225926
0 0.552865 0.608333 0.123438 0.277778
0 0.571615 0.697222 0.183854 0.331481
0 0.630990 0.815278 0.158854 0.347222
0 0.636458 0.849537 0.129167 0.299074
0 0.145573 0.762037 0.113021 0.472222
0 0.417448 0.544907 0.071354 0.421296
0 0.434115 0.065278 0.010937 0.047222
0 0.422656 0.057407 0.008854 0.044444
0 0.415885 0.082407 0.009896 0.050000
0 0.444531 0.084259 0.015104 0.066667
0 0.444531 0.118981 0.016146 0.091667
0 0.460677 0.149537 0.020313 0.128704
0 0.424479 0.150926 0.025000 0.135185
0 0.380990 0.103704 0.008854 0.048148
0 0.390885 0.102778 0.010937 0.053704
0 0.411719 0.131481 0.020313 0.087037
0 0.379167 0.154630 0.019792 0.087037
0 0.359375 0.167130 0.025000 0.113889
0 0.345833 0.181481 0.029167 0.100000
0 0.351562 0.240741 0.033333 0.127778
0 0.585156 0.464815 0.065104 0.300000
