0 0.225521 0.687037 0.132292 0.355556
0 0.580729 0.777778 0.214583 0.370370
0 0.574479 0.656019 0.142708 0.299074
0 0.552604 0.550000 0.129167 0.288889
0 0.521615 0.453704 0.096354 0.229630
0 0.415885 0.651389 0.106771 0.510185
0 0.299479 0.536574 0.136458 0.287963
0 0.297656 0.472685 0.102604 0.243519
0 0.318229 0.426852 0.111458 0.220370
0 0.304427 0.348611 0.034896 0.250926
0 0.285417 0.303704 0.036458 0.227778
0 0.480990 0.207407 0.032813 0.107407
0 0.443750 0.187500 0.012500 0.060185
0 0.457292 0.187037 0.033333 0.090741
0 0.467187 0.165741 0.027083 0.064815
0 0.344531 0.183796 0.021354 0.130556
0 0.341406 0.225926 0.024479 0.125926
0 0.358854 0.201852 0.031250 0.151852
0 0.379427 0.168056 0.016146 0.130556
0 0.386458 0.142130 0.015625 0.095370
0 0.387760 0.130556 0.013021 0.081481
0 0.409635 0.175463 0.028646 0.117593
0 0.418229 0.137963 0.023958 0.114815
0 0.422135 0.133796 0.018229 0.108333
0 0.439844 0.140741 0.014063 0.085185
0 0.444271 0.122222 0.016667 0.092593
0 0.461458 0.115741 0.016667 0.088889
0 0.468229 0.094907 0.010417 0.052778
0 0.415104 0.072685 0.009375 0.056481
0 0.407292 0.065278 0.008333 0.056481
0 0.404167 0.091667 0.009375 0.066667
0 0.400260 0.088889 0.009896 0.075926
0 0.414583 0.090741 0.012500 0.057407
0 0.422396 0.081019 0.006250 0.047222
0 0.454167 0.091204 0.010417 0.058333
0 0.431510 0.089352 0.009896 0.060185
0 0.443750 0.092593 0.010417 0.066667
0 0.100781 0.902315 0.152604 0.193519
0 0.203385 0.811574 0.163021 0.365741
0 0.617969 0.789815 0.111979 0.322222
0 0.534896 0.808333 0.135417 0.379630
