0 0.554688 0.043981 0.013542 0.087963
0 0.541927 0.040741 0.017188 0.081481
0 0.527865 0.039352 0.014063 0.065741
0 0.517448 0.030556 0.019271 0.059259
0 0.566927 0.081944 0.009896 0.099074
0 0.549219 0.059722 0.015104 0.073148
0 0.538802 0.059722 0.013021 0.075000
0 0.513021 0.096296 0.023958 0.111111
0 0.515885 0.107407 0.021354 0.088889
0 0.552865 0.141667 0.024479 0.157407
0 0.521094 0.148148 0.027604 0.146296
0 0.486719 0.150000 0.025521 0.153704
0 0.471094 0.218981 0.036979 0.197222
0 0.495833 0.217130 0.036458 0.204630
0 0.532292 0.197222 0.042708 0.201852
0 0.576562 0.183333 0.032292 0.183333
0 0.589063 0.225000 0.051042 0.209259
0 0.592708 0.240278 0.041667 0.208333
0 0.615104 0.330093 0.043750 0.280556
0 0.602083 0.365278 0.054167 0.297222
0 0.560677 0.482870 0.068229 0.315741
0 0.498437 0.479167 0.063542 0.262037
0 0.454167 0.712963 0.083333 0.477778
0 0.266406 0.147222 0.028646 0.142593
0 0.224219 0.156944 0.022396 0.169444
0 0.231510 0.172685 0.022396 0.187963
0 0.450000 0.160648 0.028125 0.121296
0 0.373177 0.125926 0.030729 0.066667
0 0.398177 0.151852 0.034896 0.094444
0 0.434896 0.181481 0.037500 0.105556
0 0.435156 0.206019 0.031771 0.134259
0 0.387500 0.167130 0.030208 0.078704
0 0.350781 0.155556 0.043229 0.094444
0 0.315885 0.141667 0.029687 0.127778
0 0.288021 0.165741 0.031250 0.088889
0 0.266406 0.199074 0.030729 0.103704
0 0.330469 0.222222 0.036979 0.127778
0 0.266927 0.254630 0.033854 0.153704
0 0.400781 0.274074 0.039062 0.192593
0 0.346094 0.295833 0.039062 0.143519
0 0.296615 0.287500 0.055729 0.143519
0 0.249219 0.284259 0.049479 0.168519
0 0.322917 0.407870 0.084375 0.237963
0 0.306250 0.438426 0.083333 0.225000
0 0.220052 0.369907 0.040104 0.167593
0 0.107292 0.246296 0.041667 0.229630
0 0.089063 0.280093 0.040625 0.189815
0 0.098958 0.375926 0.051042 0.162963
0 0.073958 0.400463 0.063542 0.195370
0 0.186198 0.509259 0.070312 0.235185
0 0.269271 0.524074 0.059375 0.246296
0 0.229948 0.587037 0.088021 0.301852
0 0.080469 0.581944 0.080729 0.299074
0 0.032813 0.477315 0.058333 0.219444
0 0.032292 0.578704 0.054167 0.244444
0 0.148177 0.787037 0.105729 0.398148
0 0.120313 0.876389 0.103125 0.245370
0 0.623958 0.817130 0.140625 0.362037
0 0.195833 0.804630 0.130208 0.383333
0 0.314583 0.762500 0.098958 0.356481
0 0.396354 0.753704 0.100000 0.490741
