0 0.529167 0.270370 0.025000 0.125926
0 0.512760 0.290741 0.024479 0.157407
0 0.485417 0.284722 0.021875 0.132407
0 0.132812 0.214815 0.019792 0.111111
0 0.117448 0.239352 0.024479 0.125000
0 0.107031 0.225000 0.019271 0.129630
0 0.210156 0.232870 0.024479 0.137963
0 0.553646 0.292130 0.033333 0.136111
0 0.514844 0.322685 0.027604 0.158333
0 0.475260 0.318981 0.031771 0.154630
0 0.436458 0.332407 0.043750 0.148148
0 0.495312 0.369907 0.036458 0.176852
0 0.538542 0.368981 0.038542 0.208333
0 0.455729 0.392130 0.036458 0.195370
0 0.496094 0.411111 0.040104 0.224074
0 0.467187 0.424074 0.051042 0.229630
0 0.433073 0.447685 0.033854 0.199074
0 0.544271 0.407870 0.043750 0.199074
0 0.403385 0.430556 0.042188 0.225926
0 0.474219 0.526389 0.066146 0.252778
0 0.573177 0.689352 0.059896 0.315741
0 0.477865 0.622685 0.061979 0.282407
0 0.419531 0.626852 0.044271 0.190741
0 0.425000 0.750000 0.094792 0.422222
0 0.508073 0.765278 0.100521 0.449074
0 0.559375 0.776852 0.066667 0.420370
0 0.623437 0.787500 0.091667 0.423148
0 0.475260 0.824074 0.119271 0.350000
0 0.393490 0.876852 0.113021 0.242593
