0 0.426302 0.426389 0.042188 0.204630
0 0.372656 0.437500 0.047396 0.356481
0 0.305469 0.637037 0.100521 0.564815
0 0.197917 0.619444 0.084375 0.479630
0 0.284115 0.326389 0.044271 0.154630
0 0.341667 0.343981 0.033333 0.230556
0 0.609115 0.801852 0.171354 0.353704
0 0.579427 0.694444 0.170313 0.337037
0 0.546875 0.594444 0.108333 0.259259
0 0.629427 0.500463 0.060937 0.284259
0 0.550781 0.404630 0.064062 0.314815
0 0.475521 0.374537 0.077083 0.289815
0 0.340625 0.237037 0.030208 0.088889
0 0.369271 0.229167 0.035417 0.073148
0 0.424219 0.239815 0.044271 0.183333
0 0.452344 0.271296 0.029687 0.122222
0 0.440885 0.166667 0.025521 0.135185
0 0.463802 0.187037 0.029687 0.111111
0 0.421094 0.149537 0.013021 0.095370
0 0.373177 0.151852 0.018229 0.090741
0 0.387240 0.109259 0.010937 0.062963
0 0.391667 0.131019 0.014583 0.073148
0 0.399740 0.154630 0.015104 0.105556
0 0.408594 0.156019 0.017188 0.106481
0 0.433073 0.092130 0.009896 0.036111
0 0.426563 0.101389 0.013542 0.036111
0 0.443490 0.069907 0.006771 0.021296
0 0.436198 0.076389 0.007812 0.019444
0 0.425781 0.068981 0.009896 0.028704
0 0.216146 0.819444 0.215625 0.359259
0 0.632031 0.857407 0.156771 0.283333
0 0.744792 0.874074 0.250000 0.248148
