0 0.933073 0.479167 0.054688 0.380556
0 0.841667 0.484722 0.056250 0.197222
0 0.845573 0.531481 0.064062 0.379630
0 0.892969 0.647685 0.109896 0.484259
0 0.373698 0.371759 0.019271 0.097222
0 0.387500 0.383333 0.027083 0.092593
0 0.230990 0.384722 0.011979 0.073148
0 0.227865 0.431019 0.016146 0.097222
0 0.237240 0.430556 0.019271 0.101852
0 0.047396 0.537037 0.038542 0.138889
0 0.072656 0.537963 0.031771 0.161111
0 0.065365 0.124537 0.017188 0.113889
0 0.465104 0.062037 0.014583 0.096296
0 0.710417 0.073611 0.026042 0.099074
0 0.708333 0.100000 0.027083 0.151852
0 0.666667 0.160648 0.043750 0.193519
0 0.739844 0.222685 0.048438 0.243519
0 0.764844 0.300000 0.046354 0.240741
0 0.719010 0.329167 0.073438 0.337963
0 0.647917 0.347685 0.065625 0.289815
0 0.552604 0.613889 0.084375 0.440741
0 0.641146 0.607407 0.083333 0.424074
0 0.634635 0.809722 0.110937 0.378704
0 0.456250 0.059259 0.030208 0.103704
0 0.339583 0.052778 0.020833 0.092593
0 0.575000 0.747685 0.091667 0.500926
