0 0.421875 0.153241 0.010417 0.063889
0 0.509635 0.271296 0.022396 0.122222
0 0.484115 0.275000 0.027604 0.146296
0 0.532813 0.405093 0.045833 0.123148
0 0.415104 0.220370 0.018750 0.083333
0 0.421615 0.427315 0.047396 0.206481
0 0.526563 0.566667 0.055208 0.309259
0 0.505208 0.443056 0.073958 0.260185
0 0.416927 0.670833 0.069271 0.389815
0 0.681250 0.722685 0.061458 0.349074
0 0.471615 0.577315 0.052604 0.184259
0 0.402344 0.177778 0.016146 0.087037
0 0.459896 0.793519 0.100000 0.405556
0 0.384896 0.837037 0.091667 0.318519
0 0.294271 0.806481 0.095833 0.381481
