0 0.185938 0.438889 0.057292 0.229630
0 0.244271 0.595833 0.084375 0.269444
0 0.175781 0.612963 0.067187 0.242593
0 0.187240 0.760185 0.078646 0.392593
0 0.115885 0.511111 0.075521 0.237037
0 0.104427 0.577315 0.079687 0.293519
0 0.080729 0.264815 0.043750 0.166667
0 0.554688 0.058796 0.019792 0.087963
0 0.369271 0.053241 0.022917 0.095370
0 0.351562 0.058796 0.025000 0.091667
0 0.383333 0.048148 0.023958 0.075926
0 0.441406 0.069907 0.027604 0.099074
0 0.380208 0.146759 0.026042 0.080556
0 0.268229 0.123611 0.037500 0.123148
0 0.456771 0.235648 0.044792 0.187963
0 0.413021 0.262963 0.050000 0.187037
0 0.300521 0.228241 0.033333 0.115741
0 0.211719 0.157407 0.044271 0.146296
0 0.340365 0.265278 0.041146 0.119444
0 0.276042 0.283333 0.054167 0.157407
0 0.322135 0.419444 0.065104 0.175926
0 0.254948 0.416667 0.067187 0.166667
0 0.028646 0.533333 0.054167 0.235185
0 0.023698 0.804630 0.047396 0.246296
0 0.515365 0.150000 0.028646 0.183333
0 0.595052 0.159722 0.027604 0.137963
0 0.554427 0.158796 0.027604 0.121296
0 0.569010 0.272685 0.124479 0.212037
0 0.619792 0.397685 0.042708 0.280556
0 0.395573 0.401389 0.064062 0.352778
0 0.457292 0.380093 0.059375 0.293519
0 0.446875 0.573148 0.056250 0.307407
0 0.383854 0.595833 0.095833 0.417593
0 0.544010 0.534259 0.115104 0.312963
0 0.617448 0.824537 0.115104 0.347222
0 0.457031 0.801389 0.121354 0.373148
0 0.522396 0.863889 0.140625 0.270370
