0 0.126823 0.655556 0.034896 0.144444
0 0.229948 0.632407 0.054688 0.270370
0 0.403906 0.249537 0.021354 0.115741
0 0.424219 0.230556 0.016146 0.105556
0 0.401562 0.164352 0.013542 0.089815
0 0.407813 0.162037 0.012500 0.087037
0 0.419792 0.156481 0.010417 0.077778
0 0.427083 0.834722 0.052083 0.273148
0 0.466406 0.642130 0.071354 0.362037
0 0.532813 0.514352 0.067708 0.287963
0 0.437240 0.354630 0.044271 0.209259
0 0.442708 0.282870 0.031250 0.160185
0 0.459375 0.341204 0.025000 0.165741
0 0.471354 0.323611 0.025000 0.143519
0 0.494792 0.338889 0.032292 0.175926
0 0.525260 0.350000 0.034896 0.175926
0 0.554948 0.375463 0.044271 0.178704
0 0.474740 0.188889 0.010937 0.085185
0 0.485417 0.162963 0.011458 0.066667
0 0.510677 0.183796 0.015104 0.086111
0 0.520312 0.180556 0.015625 0.090741
0 0.516146 0.236111 0.025000 0.125926
0 0.531250 0.158796 0.010417 0.056481
0 0.577083 0.842593 0.097917 0.312963
