0 0.102344 0.565741 0.021354 0.122222
0 0.122396 0.580093 0.021875 0.130556
0 0.226823 0.352315 0.014063 0.062037
0 0.016667 0.142130 0.019792 0.123148
0 0.725260 0.079167 0.028646 0.141667
0 0.701562 0.063426 0.025000 0.126852
0 0.675521 0.103241 0.026042 0.143519
0 0.653385 0.142593 0.030729 0.211111
0 0.704688 0.154630 0.039583 0.196296
0 0.751042 0.140741 0.035417 0.194444
0 0.771094 0.135648 0.020313 0.117593
0 0.735156 0.180556 0.047396 0.233333
0 0.632812 0.197222 0.038542 0.229630
0 0.664062 0.202315 0.036458 0.221296
0 0.927865 0.477315 0.059896 0.375000
0 0.773438 0.485185 0.090625 0.362963
0 0.402083 0.753704 0.101042 0.490741
