0 0.487240 0.206481 0.017188 0.109259
0 0.498698 0.202315 0.015104 0.108333
0 0.538281 0.287963 0.035937 0.153704
0 0.516146 0.166204 0.011458 0.073148
0 0.420833 0.192593 0.022917 0.100000
0 0.405729 0.456944 0.058333 0.267593
0 0.446875 0.528241 0.056250 0.260185
0 0.497396 0.545833 0.056250 0.286111
0 0.424740 0.552778 0.033854 0.155556
0 0.138542 0.157870 0.019792 0.104630
0 0.197656 0.239815 0.016146 0.111111
0 0.156771 0.227778 0.021875 0.138889
0 0.137760 0.617130 0.065104 0.334259
0 0.540365 0.543519 0.040104 0.222222
0 0.391406 0.225000 0.022396 0.118519
0 0.410417 0.239352 0.014583 0.087963
0 0.402083 0.151389 0.016667 0.075000
0 0.116667 0.172222 0.018750 0.109259
0 0.394010 0.187963 0.018229 0.081481
0 0.266667 0.231481 0.035417 0.140741
0 0.402344 0.501852 0.047396 0.266667
0 0.188802 0.229167 0.019271 0.139815
0 0.500521 0.311111 0.032292 0.161111
0 0.125521 0.182870 0.016667 0.100926
0 0.475000 0.507407 0.031250 0.162963
0 0.525781 0.334259 0.036979 0.168519
0 0.195312 0.636574 0.085417 0.358333
0 0.473177 0.254167 0.024479 0.147222
0 0.662500 0.704630 0.057292 0.400000
