0 0.182031 0.215741 0.038021 0.129630
0 0.395833 0.158796 0.012500 0.071296
0 0.398177 0.188426 0.017188 0.086111
0 0.602083 0.766667 0.085417 0.374074
0 0.540625 0.214815 0.016667 0.079630
0 0.489063 0.273148 0.028125 0.135185
0 0.398177 0.234722 0.022396 0.115741
0 0.410417 0.237963 0.018750 0.092593
0 0.501302 0.306944 0.034896 0.139815
0 0.416667 0.185185 0.017708 0.087037
0 0.558854 0.487963 0.048958 0.238889
0 0.535937 0.372685 0.035417 0.182407
0 0.469531 0.437963 0.038021 0.222222
0 0.135156 0.198611 0.013021 0.115741
0 0.491406 0.427778 0.040104 0.214815
0 0.498177 0.356481 0.032813 0.174074
0 0.447396 0.475926 0.033333 0.190741
0 0.399219 0.470833 0.054688 0.291667
0 0.456771 0.762500 0.087500 0.430556
0 0.561719 0.394907 0.041146 0.176852
0 0.539844 0.215741 0.015104 0.090741
0 0.511719 0.230556 0.014063 0.090741
0 0.477083 0.226852 0.017708 0.137037
0 0.143490 0.862963 0.074479 0.272222
0 0.223177 0.844907 0.111979 0.308333
0 0.394792 0.829630 0.096875 0.322222
0 0.330208 0.877315 0.085417 0.243519
0 0.545573 0.842130 0.079687 0.313889
0 0.586458 0.890278 0.100000 0.212037
