0 0.562500 0.051852 0.011458 0.062963
0 0.552604 0.057870 0.014583 0.086111
0 0.531250 0.050463 0.015625 0.084259
0 0.539062 0.054630 0.016667 0.079630
0 0.514844 0.056019 0.020313 0.084259
0 0.505990 0.075463 0.019271 0.089815
0 0.470573 0.074074 0.021354 0.107407
0 0.490104 0.069907 0.016667 0.078704
0 0.452604 0.143056 0.021875 0.108333
0 0.439844 0.170833 0.038021 0.117593
0 0.394010 0.170833 0.035937 0.137963
0 0.423958 0.219444 0.046875 0.137037
0 0.403646 0.238889 0.030208 0.124074
0 0.366927 0.179630 0.027604 0.100000
0 0.365365 0.216667 0.027604 0.098148
0 0.301042 0.171759 0.023958 0.091667
0 0.286719 0.184722 0.029687 0.100926
0 0.291667 0.140741 0.033333 0.118519
0 0.235156 0.153704 0.025521 0.137037
0 0.393750 0.271296 0.038542 0.140741
0 0.317708 0.280556 0.047917 0.157407
0 0.341146 0.257870 0.034375 0.145370
0 0.250781 0.216667 0.042188 0.124074
0 0.177865 0.229167 0.033854 0.217593
0 0.245052 0.279630 0.054688 0.150000
0 0.332031 0.423148 0.051562 0.225926
0 0.321615 0.445833 0.059896 0.232407
0 0.259375 0.392130 0.055208 0.204630
0 0.164062 0.402315 0.053125 0.204630
0 0.141927 0.433333 0.068229 0.222222
0 0.034896 0.328241 0.055208 0.262037
0 0.072396 0.495833 0.055208 0.230556
0 0.110937 0.528704 0.055208 0.298148
0 0.249740 0.574537 0.072396 0.291667
0 0.138021 0.765741 0.090625 0.396296
0 0.517188 0.130093 0.029167 0.147222
0 0.573698 0.122222 0.028646 0.118519
0 0.546354 0.160648 0.034375 0.139815
0 0.538542 0.212500 0.033333 0.193519
0 0.556250 0.249074 0.036458 0.207407
0 0.541667 0.367130 0.038542 0.175000
0 0.509896 0.342593 0.040625 0.229630
0 0.460417 0.327778 0.054167 0.253704
0 0.606771 0.327778 0.061458 0.237037
0 0.587240 0.307407 0.045312 0.233333
0 0.601302 0.390278 0.040104 0.284259
0 0.611979 0.402778 0.031250 0.290741
0 0.385156 0.535648 0.097396 0.417593
0 0.484115 0.483796 0.047396 0.275000
0 0.450781 0.579630 0.082812 0.401852
0 0.523698 0.566667 0.109896 0.398148
0 0.427865 0.087500 0.019271 0.075000
0 0.395052 0.055556 0.016146 0.057407
0 0.019010 0.498148 0.036979 0.316667
0 0.102344 0.844907 0.154688 0.308333
0 0.675260 0.825463 0.108854 0.345370
0 0.260937 0.785185 0.097917 0.427778
