0 0.613802 0.782407 0.178646 0.300000
0 0.600260 0.711111 0.146354 0.350000
0 0.518229 0.419907 0.050000 0.313889
0 0.427083 0.485185 0.068750 0.338889
0 0.480208 0.275000 0.034375 0.201852
0 0.435677 0.116204 0.015104 0.097222
0 0.447656 0.094907 0.008854 0.045370
0 0.425260 0.063426 0.006771 0.045370
0 0.399219 0.131944 0.015104 0.071296
0 0.389844 0.139352 0.021354 0.075000
0 0.355990 0.171296 0.026562 0.129630
0 0.382552 0.175926 0.016146 0.137037
0 0.370573 0.183333 0.021354 0.131481
0 0.363542 0.217593 0.041667 0.101852
0 0.368490 0.247685 0.059896 0.104630
0 0.363802 0.249074 0.063021 0.127778
0 0.365104 0.298611 0.081250 0.162037
0 0.286719 0.311111 0.039062 0.281481
0 0.296875 0.531944 0.114583 0.297222
0 0.225000 0.745370 0.171875 0.401852
0 0.489844 0.800926 0.118229 0.394444
0 0.568229 0.758333 0.084375 0.479630
0 0.752083 0.854167 0.086458 0.280556
