0 0.230469 0.740278 0.160938 0.410185
0 0.255208 0.608796 0.127083 0.349074
0 0.578646 0.707870 0.184375 0.356481
0 0.579688 0.767130 0.060417 0.410185
0 0.603125 0.558333 0.060417 0.400000
0 0.538802 0.534722 0.106771 0.276852
0 0.411458 0.597685 0.048958 0.273148
0 0.481510 0.565741 0.073438 0.451852
0 0.464323 0.419444 0.079687 0.327778
0 0.386458 0.473148 0.060417 0.388889
0 0.351562 0.396296 0.055208 0.314815
0 0.455469 0.339352 0.064062 0.265741
0 0.352083 0.266667 0.050000 0.107407
0 0.353125 0.224537 0.039583 0.099074
0 0.353385 0.199537 0.028646 0.082407
0 0.356771 0.187500 0.029167 0.160185
0 0.373698 0.243519 0.035937 0.187037
0 0.398698 0.232407 0.019271 0.175926
0 0.471094 0.190278 0.044271 0.091667
0 0.377083 0.150926 0.029167 0.072222
0 0.383073 0.136111 0.028646 0.053704
0 0.386719 0.124074 0.022396 0.051852
0 0.390885 0.117593 0.020313 0.053704
0 0.392448 0.107407 0.017188 0.048148
0 0.409635 0.139815 0.018229 0.109259
0 0.416927 0.107407 0.009896 0.074074
0 0.425521 0.100926 0.010417 0.075926
0 0.433594 0.108796 0.011979 0.080556
0 0.434635 0.140741 0.017188 0.087037
0 0.452083 0.137037 0.018750 0.098148
0 0.457813 0.118981 0.014583 0.078704
0 0.413281 0.066204 0.006771 0.032407
0 0.425000 0.062037 0.009375 0.035185
0 0.450521 0.076389 0.009375 0.060185
0 0.727344 0.849537 0.114062 0.289815
0 0.601823 0.829630 0.159896 0.338889
