0 0.564063 0.071296 0.017708 0.103704
0 0.550260 0.076852 0.018229 0.096296
0 0.518490 0.072685 0.015104 0.093519
0 0.547135 0.043519 0.016146 0.081481
0 0.457031 0.639815 0.100521 0.511111
0 0.303646 0.711111 0.056250 0.281481
0 0.179948 0.553704 0.080729 0.233333
0 0.084115 0.303241 0.053646 0.237963
0 0.272917 0.499537 0.073958 0.249074
0 0.316927 0.450463 0.076563 0.245370
0 0.320312 0.184722 0.040625 0.115741
0 0.219531 0.262500 0.036979 0.112037
0 0.306771 0.265741 0.045833 0.142593
0 0.456250 0.339352 0.051042 0.273148
0 0.395573 0.261111 0.049479 0.159259
0 0.400521 0.155093 0.023958 0.082407
0 0.444271 0.200000 0.029167 0.107407
0 0.454948 0.162500 0.024479 0.091667
0 0.425000 0.132870 0.026042 0.078704
0 0.371094 0.066667 0.023438 0.103704
0 0.256510 0.430093 0.119271 0.304630
0 0.551042 0.690741 0.097917 0.453704
0 0.333854 0.418519 0.062500 0.211111
0 0.299479 0.102778 0.028125 0.122222
0 0.205729 0.741667 0.164583 0.379630
0 0.197917 0.285648 0.054167 0.158333
0 0.614062 0.345370 0.041667 0.294444
0 0.267448 0.261574 0.035937 0.139815
0 0.036198 0.453704 0.053646 0.196296
0 0.341146 0.296296 0.035417 0.129630
0 0.399740 0.356944 0.060937 0.280556
0 0.413281 0.243056 0.032813 0.143519
0 0.431510 0.200926 0.035937 0.116667
0 0.598958 0.251389 0.042708 0.195370
0 0.446615 0.167593 0.034896 0.100000
0 0.474479 0.104630 0.017708 0.090741
0 0.432812 0.105093 0.017708 0.071296
0 0.680208 0.828704 0.104167 0.322222
