0 0.755469 0.083796 0.041146 0.150926
0 0.717708 0.086574 0.043750 0.169444
0 0.790104 0.213889 0.060417 0.233333
0 0.735938 0.208796 0.053125 0.219444
0 0.664062 0.224074 0.063542 0.281481
0 0.694271 0.320370 0.050000 0.300000
0 0.734375 0.337037 0.056250 0.305556
0 0.791406 0.343519 0.061979 0.318519
0 0.765104 0.269907 0.028125 0.143519
0 0.795833 0.522685 0.097917 0.415741
0 0.737760 0.497222 0.079687 0.379630
0 0.670833 0.494444 0.097917 0.405556
0 0.357031 0.470370 0.029687 0.109259
0 0.039062 0.515278 0.033333 0.141667
0 0.435677 0.057870 0.032813 0.112037
0 0.456510 0.057407 0.027604 0.107407
0 0.713021 0.823148 0.137500 0.351852
0 0.817187 0.790278 0.142708 0.415741
