0 0.683854 0.132870 0.037500 0.193519
0 0.647917 0.110648 0.025000 0.125000
0 0.655729 0.170833 0.034375 0.200926
0 0.711458 0.168981 0.035417 0.204630
0 0.671615 0.246759 0.021354 0.136111
0 0.685937 0.211574 0.041667 0.243519
0 0.641667 0.268056 0.054167 0.252778
0 0.744531 0.198611 0.038021 0.225000
0 0.780729 0.201852 0.037500 0.216667
0 0.724740 0.241204 0.047396 0.276852
0 0.769531 0.237500 0.053646 0.247222
0 0.715365 0.397222 0.065104 0.331481
0 0.783073 0.376389 0.054688 0.306481
0 0.653906 0.538426 0.097396 0.425000
0 0.017448 0.758333 0.033854 0.077778
0 0.069271 0.108796 0.027083 0.136111
0 0.081771 0.112037 0.023958 0.135185
0 0.482812 0.387037 0.038542 0.285185
0 0.455990 0.399074 0.070312 0.262963
0 0.409635 0.375926 0.056771 0.303704
0 0.755729 0.741667 0.132292 0.514815
