0 0.149740 0.145370 0.020313 0.075926
0 0.104688 0.692130 0.070833 0.356481
0 0.500521 0.298611 0.027083 0.154630
0 0.525781 0.284722 0.021354 0.099074
0 0.494792 0.256019 0.031250 0.128704
0 0.476823 0.192593 0.013021 0.083333
0 0.501823 0.178704 0.017188 0.081481
0 0.490625 0.126389 0.009375 0.052778
0 0.398438 0.230556 0.020833 0.116667
0 0.416927 0.167593 0.013021 0.092593
0 0.467448 0.293981 0.024479 0.154630
0 0.685937 0.722685 0.061458 0.332407
0 0.510938 0.262500 0.020833 0.121296
0 0.521875 0.200000 0.010417 0.042593
0 0.511979 0.175926 0.012500 0.072222
0 0.143490 0.571296 0.018229 0.101852
0 0.486979 0.177778 0.013542 0.081481
0 0.443490 0.790741 0.092188 0.418519
0 0.411458 0.171759 0.025000 0.071296
0 0.691146 0.863426 0.056250 0.263889
0 0.628125 0.849074 0.084375 0.300000
0 0.496615 0.849537 0.081771 0.289815
0 0.477344 0.819444 0.077604 0.359259
0 0.376563 0.841667 0.097917 0.314815
0 0.214844 0.812500 0.069271 0.367593
0 0.163021 0.826389 0.061458 0.345370
