0 0.286979 0.065741 0.011458 0.068519
0 0.423698 0.151389 0.014063 0.069444
0 0.409115 0.186111 0.015104 0.100000
0 0.400000 0.187500 0.014583 0.087963
0 0.420833 0.183796 0.017708 0.097222
0 0.391406 0.221759 0.019271 0.113889
0 0.179167 0.634259 0.044792 0.190741
0 0.401042 0.444444 0.045833 0.251852
0 0.497917 0.161574 0.012500 0.067593
0 0.481250 0.208333 0.016667 0.088889
0 0.479948 0.262500 0.022396 0.128704
0 0.451562 0.311574 0.041667 0.160185
0 0.477083 0.314352 0.022917 0.143519
0 0.508854 0.289352 0.032292 0.145370
0 0.527083 0.308796 0.028125 0.160185
0 0.498698 0.334259 0.033854 0.168519
0 0.542708 0.343056 0.036458 0.173148
0 0.516927 0.431019 0.030729 0.182407
0 0.534115 0.450926 0.048438 0.238889
0 0.486458 0.435185 0.036458 0.229630
0 0.457292 0.502778 0.053125 0.307407
0 0.508854 0.526852 0.045833 0.290741
0 0.686719 0.726389 0.059896 0.352778
