0 0.080990 0.521296 0.009896 0.048148
0 0.686719 0.117130 0.039062 0.180556
0 0.712500 0.110648 0.021875 0.173148
0 0.761979 0.107407 0.023958 0.140741
0 0.732552 0.102778 0.028646 0.172222
0 0.739844 0.140741 0.032813 0.179630
0 0.748177 0.109259 0.025521 0.155556
0 0.787760 0.148611 0.039062 0.202778
0 0.764844 0.201389 0.038021 0.206481
0 0.663021 0.562963 0.098958 0.450000
0 0.773438 0.474537 0.129167 0.441667
0 0.807031 0.494907 0.064062 0.367593
0 0.441146 0.703241 0.097917 0.582407
0 0.015365 0.162037 0.029687 0.159259
0 0.802083 0.774537 0.100000 0.449074
0 0.544792 0.851389 0.138542 0.295370
