0 0.590885 0.757870 0.198437 0.358333
0 0.578906 0.704167 0.191146 0.334259
0 0.582292 0.667130 0.102083 0.206481
0 0.440104 0.662963 0.086458 0.396296
0 0.308594 0.465741 0.065104 0.305556
0 0.386458 0.489352 0.058333 0.287963
0 0.440625 0.450463 0.050000 0.282407
0 0.521094 0.517593 0.067187 0.372222
0 0.566406 0.490278 0.072396 0.347222
0 0.496094 0.231944 0.026562 0.154630
0 0.486719 0.199074 0.019271 0.105556
0 0.470052 0.189815 0.034896 0.092593
0 0.344010 0.195370 0.015104 0.151852
0 0.365885 0.201852 0.025521 0.153704
0 0.361719 0.254630 0.047396 0.151852
0 0.353125 0.236111 0.052083 0.133333
0 0.385156 0.184259 0.028646 0.166667
0 0.378385 0.218056 0.016146 0.091667
0 0.378385 0.132870 0.025521 0.071296
0 0.419792 0.131481 0.026042 0.114815
0 0.426823 0.092593 0.010937 0.070370
0 0.445312 0.088889 0.013542 0.062963
0 0.412760 0.061111 0.007812 0.046296
0 0.420573 0.062963 0.011979 0.044444
0 0.437760 0.071759 0.007812 0.056481
0 0.447656 0.070833 0.009896 0.052778
