0 0.709115 0.090741 0.028646 0.148148
0 0.763802 0.105556 0.026562 0.155556
0 0.748437 0.103704 0.041667 0.162963
0 0.700781 0.157870 0.038021 0.213889
0 0.663542 0.147685 0.044792 0.204630
0 0.697396 0.304630 0.060417 0.318519
0 0.748958 0.316667 0.048958 0.307407
0 0.765365 0.392593 0.072396 0.398148
0 0.694010 0.388889 0.067187 0.372222
0 0.359635 0.463426 0.019271 0.076852
0 0.349740 0.471296 0.016146 0.079630
0 0.411458 0.393981 0.021875 0.112037
0 0.394792 0.400463 0.019792 0.102778
0 0.357552 0.361111 0.023438 0.090741
0 0.065104 0.126389 0.031250 0.143519
0 0.038542 0.162500 0.029167 0.147222
0 0.024740 0.154167 0.021354 0.136111
0 0.821354 0.731481 0.129167 0.461111
0 0.661198 0.690278 0.109896 0.504630
0 0.546354 0.655556 0.091667 0.468519
0 0.634635 0.859259 0.072396 0.279630
0 0.840365 0.803704 0.105729 0.388889
