0 0.721354 0.816667 0.087500 0.364815
0 0.420573 0.050926 0.010937 0.029630
0 0.437500 0.095833 0.011458 0.069444
0 0.497396 0.228241 0.021875 0.125000
0 0.589844 0.409259 0.040104 0.181481
0 0.624479 0.686574 0.092708 0.269444
0 0.541146 0.631019 0.056250 0.293519
0 0.619010 0.912037 0.116146 0.172222
0 0.392188 0.151389 0.014583 0.113889
0 0.477604 0.195370 0.028125 0.103704
0 0.347917 0.142130 0.012500 0.065741
0 0.538542 0.319907 0.042708 0.060185
0 0.340104 0.184722 0.011458 0.036111
0 0.550000 0.413889 0.050000 0.159259
0 0.364063 0.249537 0.048958 0.141667
0 0.602604 0.582407 0.057292 0.181481
0 0.418490 0.104167 0.015104 0.075000
0 0.494792 0.753704 0.142708 0.490741
