0 0.247135 0.758333 0.203646 0.394444
0 0.257292 0.556944 0.132292 0.354630
0 0.601042 0.782870 0.185417 0.375000
0 0.579167 0.718056 0.178125 0.369444
0 0.573177 0.649074 0.156771 0.311111
0 0.303906 0.481019 0.073438 0.278704
0 0.323437 0.407870 0.059375 0.349074
0 0.449219 0.293056 0.049479 0.226852
0 0.405208 0.248611 0.061458 0.199074
0 0.390104 0.249537 0.025000 0.150926
0 0.369010 0.254630 0.036979 0.155556
0 0.350000 0.216667 0.030208 0.070370
0 0.353125 0.195370 0.036458 0.077778
0 0.361979 0.165278 0.034375 0.067593
0 0.473177 0.186111 0.042188 0.090741
0 0.429948 0.118056 0.015104 0.091667
0 0.417448 0.129630 0.015104 0.074074
0 0.446094 0.119907 0.021354 0.100926
0 0.467187 0.128704 0.013542 0.074074
0 0.459896 0.122685 0.012500 0.093519
0 0.371354 0.140741 0.013542 0.096296
0 0.380729 0.129167 0.021875 0.100926
0 0.406510 0.113426 0.016146 0.093519
0 0.423698 0.062500 0.015104 0.054630
0 0.445573 0.065741 0.010937 0.057407
0 0.731250 0.884722 0.126042 0.228704
