0 0.521354 0.460648 0.120833 0.208333
0 0.582031 0.525926 0.069271 0.270370
0 0.569271 0.636111 0.152083 0.262963
0 0.530469 0.718056 0.064062 0.223148
0 0.582031 0.755556 0.222396 0.357407
0 0.520573 0.334259 0.068229 0.248148
0 0.461979 0.270370 0.029167 0.109259
0 0.476823 0.284722 0.046354 0.095370
0 0.478646 0.200463 0.038542 0.089815
0 0.455990 0.217130 0.035937 0.163889
0 0.451823 0.161574 0.028646 0.130556
0 0.438281 0.073611 0.006771 0.037963
0 0.450260 0.077315 0.006771 0.039815
0 0.444531 0.081944 0.008854 0.052778
0 0.439844 0.115278 0.016146 0.082407
0 0.429427 0.096759 0.009896 0.073148
0 0.421094 0.098148 0.013021 0.070370
0 0.398958 0.180093 0.015625 0.162037
0 0.391146 0.192593 0.017708 0.162963
0 0.370573 0.206019 0.042188 0.184259
0 0.360156 0.198148 0.018229 0.157407
0 0.346354 0.206019 0.020833 0.160185
0 0.314844 0.417593 0.096354 0.225926
0 0.290625 0.469907 0.087500 0.263889
0 0.225260 0.706481 0.135937 0.388889
