0 0.563802 0.048611 0.020313 0.097222
0 0.549219 0.065741 0.011979 0.083333
0 0.450260 0.090741 0.024479 0.068519
0 0.391146 0.044907 0.014583 0.089815
0 0.540625 0.077315 0.017708 0.102778
0 0.522656 0.073611 0.021354 0.119444
0 0.485156 0.197222 0.029687 0.185185
0 0.512760 0.206019 0.028646 0.182407
0 0.498958 0.229167 0.036458 0.206481
0 0.460677 0.238889 0.031771 0.188889
0 0.510677 0.301852 0.043229 0.218519
0 0.539844 0.187500 0.022396 0.173148
0 0.543490 0.247222 0.035937 0.192593
0 0.572396 0.229167 0.027083 0.225000
0 0.588281 0.249537 0.048438 0.225000
0 0.601562 0.350463 0.072917 0.263889
0 0.417187 0.150000 0.027083 0.085185
0 0.432292 0.179630 0.028125 0.103704
0 0.353385 0.149537 0.034896 0.093519
0 0.365885 0.156019 0.030729 0.100926
0 0.312500 0.148611 0.036458 0.082407
0 0.420312 0.219444 0.047917 0.135185
0 0.401042 0.246759 0.039583 0.139815
0 0.374479 0.212037 0.031250 0.107407
0 0.319531 0.225463 0.039062 0.136111
0 0.283594 0.211574 0.043229 0.125000
0 0.252083 0.213889 0.028125 0.133333
0 0.396094 0.291667 0.033854 0.161111
0 0.327604 0.283796 0.035417 0.132407
0 0.291927 0.278241 0.039062 0.147222
0 0.222396 0.242130 0.037500 0.136111
0 0.240625 0.278704 0.043750 0.164815
0 0.383073 0.495833 0.068229 0.345370
0 0.401562 0.428241 0.057292 0.195370
0 0.271354 0.391667 0.048958 0.187037
0 0.239583 0.420370 0.063542 0.209259
0 0.163542 0.383333 0.060417 0.174074
0 0.138021 0.413426 0.060417 0.187963
0 0.035677 0.343981 0.045312 0.254630
0 0.353125 0.545370 0.084375 0.414815
0 0.209635 0.503241 0.073438 0.263889
0 0.262760 0.571296 0.073438 0.274074
0 0.175521 0.559259 0.060417 0.242593
0 0.100000 0.555093 0.070833 0.239815
0 0.519792 0.719444 0.090625 0.520370
0 0.349740 0.777315 0.110937 0.441667
0 0.061719 0.731944 0.070312 0.232407
0 0.133333 0.737037 0.081250 0.337037
0 0.665104 0.848148 0.143750 0.298148
0 0.532031 0.781944 0.104688 0.426852
0 0.395833 0.813426 0.107292 0.369444
0 0.106771 0.847222 0.171875 0.303704
