0 0.453906 0.069907 0.024479 0.032407
0 0.419792 0.026389 0.027083 0.034259
0 0.433594 0.089815 0.025521 0.037037
0 0.511979 0.051389 0.017708 0.091667
0 0.533333 0.053241 0.018750 0.093519
0 0.544271 0.081019 0.021875 0.100926
0 0.432812 0.185648 0.037500 0.075000
0 0.333073 0.200463 0.039062 0.060185
0 0.429167 0.117130 0.028125 0.039815
0 0.408854 0.203241 0.032292 0.067593
0 0.398698 0.139352 0.034896 0.050926
0 0.349740 0.185185 0.020313 0.062963
0 0.266146 0.115278 0.030208 0.086111
0 0.251823 0.186111 0.041146 0.074074
0 0.584896 0.128704 0.031250 0.070370
0 0.497656 0.116667 0.029687 0.074074
0 0.529427 0.170370 0.018229 0.116667
0 0.510417 0.172685 0.027083 0.175000
0 0.491146 0.210648 0.032292 0.169444
0 0.461198 0.248611 0.044271 0.202778
0 0.388021 0.275463 0.041667 0.247222
0 0.340885 0.282870 0.042188 0.112037
0 0.307812 0.220370 0.042708 0.101852
0 0.267448 0.267593 0.035937 0.146296
0 0.217969 0.218056 0.032813 0.067593
0 0.196875 0.255556 0.043750 0.107407
0 0.336198 0.358333 0.056771 0.088889
0 0.318229 0.449537 0.083333 0.249074
0 0.229167 0.350000 0.037500 0.087037
0 0.206250 0.400463 0.066667 0.141667
0 0.132812 0.272685 0.046875 0.200926
0 0.101562 0.339352 0.042708 0.113889
0 0.074740 0.387963 0.063021 0.164815
0 0.137500 0.455093 0.056250 0.117593
0 0.194271 0.551389 0.057292 0.206481
0 0.111719 0.537500 0.075521 0.199074
0 0.053125 0.532870 0.058333 0.143519
0 0.163542 0.736574 0.091667 0.276852
0 0.143750 0.850463 0.092708 0.208333
0 0.578646 0.182407 0.033333 0.133333
0 0.601042 0.228704 0.032292 0.201852
0 0.483073 0.318056 0.057813 0.258333
0 0.423698 0.385648 0.057813 0.286111
0 0.472917 0.650000 0.094792 0.453704
0 0.628385 0.675000 0.110937 0.237037
0 0.686719 0.766667 0.079687 0.303704
0 0.632031 0.847685 0.158854 0.302778
