0 0.392188 0.152778 0.008333 0.042593
0 0.141667 0.165278 0.015625 0.084259
0 0.126562 0.156944 0.016667 0.093519
0 0.134375 0.217130 0.020833 0.100926
0 0.407031 0.187037 0.010937 0.083333
0 0.396615 0.202778 0.020313 0.090741
0 0.413542 0.239352 0.020833 0.119444
0 0.477083 0.134722 0.007292 0.056481
0 0.502865 0.181944 0.011979 0.082407
0 0.485677 0.187963 0.016146 0.075926
0 0.494010 0.249074 0.019271 0.101852
0 0.511198 0.275000 0.014063 0.094444
0 0.519792 0.266204 0.029167 0.117593
0 0.497917 0.315278 0.026042 0.130556
0 0.483594 0.356019 0.027604 0.178704
0 0.531771 0.413426 0.037500 0.232407
0 0.426563 0.370833 0.038542 0.223148
0 0.443229 0.401852 0.038542 0.207407
0 0.463281 0.430556 0.046354 0.238889
0 0.428125 0.468056 0.032292 0.163889
0 0.400521 0.436111 0.044792 0.235185
0 0.557292 0.459722 0.043750 0.252778
0 0.497656 0.475000 0.054688 0.274074
0 0.481250 0.850463 0.092708 0.291667
0 0.462500 0.813426 0.084375 0.365741
0 0.382552 0.826389 0.080729 0.343519
0 0.282813 0.808796 0.092708 0.380556
0 0.320052 0.844907 0.069271 0.308333
0 0.131510 0.817593 0.110937 0.362963
