0 0.410938 0.788426 0.086458 0.419444
0 0.485156 0.707407 0.064062 0.390741
0 0.508594 0.209722 0.017188 0.093519
0 0.498698 0.201389 0.016146 0.030556
0 0.152604 0.212500 0.019792 0.119444
0 0.488542 0.303704 0.030208 0.131481
0 0.426042 0.154167 0.010417 0.062037
0 0.497135 0.165278 0.010937 0.065741
0 0.117188 0.192130 0.019792 0.108333
0 0.480990 0.205556 0.019271 0.100000
0 0.512500 0.339815 0.043750 0.185185
0 0.476302 0.168056 0.008854 0.060185
0 0.483333 0.233796 0.017708 0.115741
0 0.406250 0.157407 0.012500 0.068519
0 0.461719 0.357407 0.031771 0.196296
0 0.523698 0.259722 0.020313 0.121296
0 0.136719 0.209259 0.017188 0.120370
0 0.435417 0.357870 0.025000 0.187963
0 0.679948 0.840741 0.079687 0.314815
0 0.181250 0.865278 0.096875 0.265741
