0 0.403125 0.142593 0.009375 0.064815
0 0.419792 0.179630 0.014583 0.075926
0 0.419271 0.228241 0.013542 0.093519
0 0.398438 0.246296 0.021875 0.129630
0 0.476823 0.221296 0.018229 0.075926
0 0.480990 0.174537 0.014063 0.062037
0 0.511979 0.263426 0.023958 0.106481
0 0.538281 0.273148 0.021354 0.111111
0 0.475260 0.311574 0.023438 0.143519
0 0.437240 0.272685 0.024479 0.134259
0 0.437500 0.332407 0.032292 0.155556
0 0.563021 0.393056 0.038542 0.208333
0 0.530469 0.398611 0.030729 0.175000
0 0.465104 0.395370 0.038542 0.231481
0 0.503385 0.440741 0.044271 0.235185
0 0.434635 0.464815 0.051562 0.255556
0 0.392188 0.489815 0.040625 0.292593
0 0.148177 0.166204 0.018229 0.086111
0 0.125260 0.141204 0.010937 0.071296
0 0.146615 0.206481 0.010937 0.085185
0 0.133854 0.207407 0.020833 0.116667
0 0.112240 0.193056 0.014063 0.104630
0 0.687760 0.711574 0.069271 0.345370
0 0.561458 0.650926 0.041667 0.325926
0 0.521615 0.675000 0.073438 0.394444
0 0.415365 0.729167 0.078646 0.334259
0 0.423958 0.620370 0.057292 0.314815
0 0.465104 0.618056 0.050000 0.343519
0 0.226562 0.570370 0.089583 0.298148
0 0.161458 0.585185 0.051042 0.248148
0 0.496354 0.117593 0.009375 0.035185
0 0.486979 0.115278 0.008333 0.036111
0 0.501823 0.162037 0.014063 0.051852
0 0.514323 0.153241 0.008854 0.045370
0 0.312500 0.784259 0.096875 0.429630
0 0.358073 0.840741 0.080729 0.307407
0 0.250000 0.808796 0.095833 0.380556
