0 0.596354 0.796296 0.134375 0.396296
0 0.594531 0.701389 0.154688 0.336111
0 0.583854 0.652778 0.131250 0.318519
0 0.230729 0.760648 0.167708 0.425000
0 0.272656 0.582407 0.119271 0.314815
0 0.511198 0.427778 0.069271 0.316667
0 0.307812 0.320833 0.046875 0.289815
0 0.415625 0.256944 0.047917 0.206481
0 0.442708 0.230556 0.037500 0.172222
0 0.480729 0.245370 0.052083 0.129630
0 0.475781 0.239815 0.021354 0.105556
0 0.471875 0.192130 0.036458 0.086111
0 0.482812 0.161574 0.015625 0.102778
0 0.376563 0.251852 0.036458 0.185185
0 0.360417 0.253704 0.050000 0.155556
0 0.358854 0.179630 0.032292 0.074074
0 0.371094 0.173148 0.030729 0.092593
0 0.376823 0.179630 0.023438 0.111111
0 0.386458 0.162037 0.021875 0.116667
0 0.435937 0.155556 0.013542 0.050000
0 0.436979 0.143056 0.016667 0.054630
0 0.411198 0.132870 0.019271 0.102778
0 0.464062 0.123611 0.016667 0.097222
0 0.448437 0.118056 0.014583 0.087963
0 0.434115 0.116204 0.013021 0.087963
0 0.422135 0.108796 0.013021 0.073148
0 0.411198 0.093056 0.017188 0.065741
0 0.391146 0.104167 0.013542 0.071296
0 0.520312 0.844907 0.137500 0.304630
0 0.393750 0.750463 0.102083 0.487963
