0 0.449740 0.209722 0.032813 0.150926
0 0.436198 0.228241 0.019271 0.119444
0 0.483854 0.206019 0.029167 0.126852
0 0.476042 0.195370 0.020833 0.131481
0 0.473958 0.159722 0.010417 0.102778
0 0.365104 0.180556 0.023958 0.146296
0 0.341406 0.181944 0.007812 0.093519
0 0.348958 0.187963 0.009375 0.124074
0 0.395052 0.188426 0.019271 0.130556
0 0.399219 0.208796 0.036979 0.152778
0 0.399479 0.131944 0.021875 0.050926
0 0.406771 0.070370 0.007292 0.048148
0 0.414062 0.065278 0.008333 0.043519
0 0.439063 0.117130 0.016667 0.084259
0 0.463802 0.119907 0.017188 0.093519
0 0.449740 0.115741 0.011979 0.075926
0 0.433594 0.069444 0.007812 0.044444
0 0.234375 0.761111 0.191667 0.405556
0 0.245052 0.646296 0.131771 0.361111
0 0.288021 0.509259 0.079167 0.264815
0 0.325521 0.473148 0.103125 0.274074
0 0.438542 0.456019 0.047917 0.258333
0 0.473177 0.420833 0.068229 0.323148
0 0.529687 0.476852 0.083333 0.214815
0 0.543750 0.564352 0.122917 0.275000
0 0.576302 0.601852 0.123438 0.272222
0 0.567187 0.718519 0.152083 0.318519
0 0.610156 0.814815 0.153646 0.338889
0 0.402344 0.742593 0.110937 0.511111
