0 0.145313 0.194444 0.016667 0.101852
0 0.487500 0.163889 0.014583 0.079630
0 0.400260 0.156481 0.013021 0.064815
0 0.126823 0.533333 0.019271 0.092593
0 0.374740 0.767593 0.077604 0.448148
0 0.477083 0.180093 0.014583 0.086111
0 0.531510 0.200463 0.016146 0.062037
0 0.392969 0.189352 0.019271 0.086111
0 0.536458 0.239815 0.022917 0.122222
0 0.089323 0.739815 0.075521 0.448148
0 0.110677 0.789352 0.111979 0.417593
0 0.406510 0.803704 0.111979 0.385185
0 0.497135 0.786574 0.119271 0.419444
0 0.463802 0.882407 0.121354 0.231481
0 0.583333 0.907870 0.095833 0.182407
