0 0.415104 0.403704 0.040625 0.212963
0 0.517969 0.440278 0.038021 0.223148
0 0.683333 0.720370 0.063542 0.364815
0 0.520573 0.228241 0.017188 0.097222
0 0.536458 0.240741 0.011458 0.081481
0 0.500521 0.259259 0.025000 0.127778
0 0.493490 0.195833 0.014063 0.078704
0 0.478646 0.201389 0.014583 0.086111
0 0.525000 0.254167 0.026042 0.125000
0 0.529167 0.391667 0.033333 0.203704
0 0.501302 0.426389 0.072396 0.252778
0 0.114323 0.168056 0.017188 0.091667
0 0.425000 0.463889 0.032292 0.151852
0 0.471875 0.299074 0.031250 0.151852
0 0.404167 0.184259 0.014583 0.098148
0 0.129948 0.550463 0.026562 0.104630
0 0.146094 0.184722 0.014063 0.097222
0 0.422656 0.199537 0.013021 0.113889
0 0.417187 0.193981 0.009375 0.086111
0 0.540104 0.360185 0.035417 0.192593
0 0.494531 0.326389 0.035937 0.152778
0 0.442188 0.375463 0.033333 0.195370
0 0.393229 0.204630 0.015625 0.111111
