0 0.179167 0.725926 0.101042 0.544444
0 0.350521 0.219444 0.021875 0.081481
0 0.361458 0.288426 0.058333 0.137963
0 0.362500 0.201389 0.030208 0.080556
0 0.373437 0.217130 0.022917 0.128704
0 0.381250 0.156019 0.026042 0.071296
0 0.389062 0.178241 0.022917 0.137963
0 0.398438 0.108796 0.018750 0.045370
0 0.401823 0.079630 0.010937 0.029630
0 0.422135 0.082407 0.016146 0.061111
0 0.431250 0.065741 0.008333 0.046296
0 0.432812 0.081944 0.010417 0.054630
0 0.439063 0.085648 0.012500 0.060185
0 0.448177 0.079630 0.007812 0.051852
0 0.845313 0.759722 0.100000 0.437963
0 0.531510 0.629167 0.069271 0.454630
0 0.563281 0.708333 0.063021 0.514815
0 0.492448 0.427778 0.056771 0.342593
0 0.505990 0.405556 0.041146 0.300000
0 0.423698 0.397685 0.048438 0.325000
0 0.313281 0.468056 0.124479 0.286111
0 0.583854 0.451389 0.051042 0.299074
0 0.601302 0.740278 0.093229 0.517593
