0 0.340104 0.213889 0.023958 0.148148
0 0.354427 0.137500 0.015104 0.069444
0 0.359635 0.160185 0.021354 0.114815
0 0.361719 0.194444 0.018229 0.148148
0 0.373698 0.206019 0.028646 0.184259
0 0.389583 0.197685 0.025000 0.169444
0 0.395573 0.188426 0.020313 0.176852
0 0.403125 0.188889 0.017708 0.159259
0 0.407292 0.086111 0.009375 0.053704
0 0.416927 0.067593 0.006771 0.051852
0 0.419792 0.078704 0.007292 0.053704
0 0.425000 0.069444 0.005208 0.035185
0 0.433073 0.078241 0.008854 0.060185
0 0.463281 0.103704 0.007812 0.040741
0 0.446615 0.077778 0.016146 0.055556
0 0.451823 0.077315 0.006771 0.041667
0 0.455208 0.082407 0.010417 0.055556
0 0.439583 0.159722 0.021875 0.145370
0 0.446354 0.196296 0.026042 0.161111
0 0.459896 0.194907 0.026042 0.141667
0 0.470833 0.229167 0.012500 0.067593
0 0.481510 0.201852 0.027604 0.146296
0 0.583594 0.760185 0.230729 0.361111
0 0.543750 0.655093 0.144792 0.280556
0 0.535156 0.719907 0.085938 0.156481
0 0.572135 0.527315 0.076563 0.245370
0 0.516146 0.477315 0.086458 0.219444
0 0.238021 0.681481 0.144792 0.355556
0 0.387500 0.579630 0.071875 0.461111
0 0.290104 0.468519 0.087500 0.262963
0 0.315885 0.415741 0.083854 0.229630
0 0.641667 0.885648 0.133333 0.226852
0 0.678385 0.880556 0.159896 0.237037
