0 0.399740 0.076852 0.008854 0.050000
0 0.422396 0.083333 0.012500 0.079630
0 0.403906 0.125463 0.016146 0.086111
0 0.392708 0.133333 0.014583 0.109259
0 0.422917 0.089352 0.011458 0.065741
0 0.447656 0.116667 0.011979 0.077778
0 0.438542 0.121759 0.013542 0.086111
0 0.430469 0.125463 0.013021 0.086111
0 0.447396 0.158796 0.016667 0.093519
0 0.471094 0.166667 0.026562 0.120370
0 0.448437 0.178704 0.014583 0.066667
0 0.372396 0.171296 0.041667 0.087037
0 0.382292 0.157870 0.020833 0.078704
0 0.366146 0.164815 0.016667 0.103704
0 0.399479 0.175463 0.021875 0.137963
0 0.360417 0.191667 0.023958 0.112963
0 0.358594 0.207407 0.044271 0.107407
0 0.421354 0.218519 0.044792 0.168519
0 0.366667 0.271296 0.059375 0.151852
0 0.353385 0.284259 0.073438 0.159259
0 0.479687 0.261111 0.045833 0.227778
0 0.526823 0.461574 0.111979 0.221296
0 0.582812 0.485648 0.053125 0.345370
0 0.564583 0.562500 0.095833 0.275000
0 0.560677 0.606944 0.160938 0.284259
0 0.571875 0.689815 0.189583 0.316667
0 0.314063 0.474537 0.086458 0.282407
0 0.300781 0.503704 0.113021 0.261111
0 0.238802 0.654167 0.121354 0.352778
0 0.219792 0.766204 0.172917 0.436111
0 0.628385 0.814352 0.166146 0.345370
0 0.644792 0.875000 0.137500 0.248148
