0 0.695312 0.150926 0.043750 0.216667
0 0.707292 0.174537 0.039583 0.213889
0 0.766406 0.155093 0.045312 0.219444
0 0.737240 0.198148 0.035937 0.227778
0 0.745052 0.232870 0.040104 0.232407
0 0.707552 0.231944 0.041146 0.226852
0 0.718750 0.311111 0.053125 0.305556
0 0.696354 0.361574 0.051042 0.321296
0 0.647917 0.375926 0.047917 0.335185
0 0.699740 0.442130 0.066146 0.343519
0 0.764323 0.421759 0.065104 0.382407
0 0.901563 0.585648 0.086458 0.408333
0 0.034896 0.180093 0.036458 0.154630
0 0.032552 0.554630 0.049479 0.164815
0 0.077865 0.552315 0.031771 0.175000
0 0.121875 0.612037 0.026042 0.133333
0 0.114062 0.502778 0.016667 0.070370
0 0.244792 0.378241 0.015625 0.095370
0 0.246875 0.412037 0.016667 0.077778
0 0.224740 0.391667 0.013021 0.090741
0 0.418229 0.416204 0.057292 0.310185
0 0.380729 0.381944 0.025000 0.149074
0 0.363281 0.447685 0.059896 0.315741
0 0.279948 0.604167 0.076563 0.434259
0 0.378646 0.684259 0.089583 0.529630
