0 0.915104 0.667593 0.089583 0.475926
0 0.795833 0.328241 0.065625 0.286111
0 0.746875 0.366667 0.041667 0.188889
0 0.704948 0.340278 0.065104 0.317593
0 0.589063 0.633796 0.105208 0.543519
0 0.576562 0.388889 0.066667 0.168519
0 0.462500 0.371759 0.046875 0.300926
0 0.421875 0.387037 0.036458 0.270370
0 0.351823 0.375000 0.027604 0.164815
0 0.368750 0.476852 0.078125 0.409259
0 0.026302 0.536111 0.034896 0.194444
0 0.076302 0.131481 0.022396 0.144444
0 0.062240 0.108796 0.020313 0.143519
0 0.923698 0.433796 0.065104 0.269444
0 0.460677 0.057870 0.027604 0.113889
0 0.714323 0.074537 0.032813 0.147222
0 0.475521 0.781019 0.097917 0.436111
0 0.383073 0.810648 0.073438 0.373148
