0 0.466927 0.189815 0.048438 0.085185
0 0.476823 0.205556 0.025521 0.088889
0 0.465885 0.207870 0.026562 0.075000
0 0.460156 0.182407 0.035937 0.100000
0 0.450260 0.136111 0.015104 0.100000
0 0.443490 0.094444 0.015104 0.068519
0 0.434896 0.103241 0.015625 0.075000
0 0.424479 0.118056 0.015625 0.062037
0 0.438021 0.068056 0.010417 0.043519
0 0.426563 0.061574 0.007292 0.045370
0 0.416927 0.063889 0.007812 0.050000
0 0.421354 0.067130 0.008333 0.045370
0 0.413542 0.093519 0.012500 0.064815
0 0.395052 0.077778 0.009896 0.051852
0 0.380729 0.148611 0.037500 0.076852
0 0.362500 0.218056 0.034375 0.176852
0 0.358073 0.218981 0.047396 0.134259
0 0.418750 0.251389 0.040625 0.197222
0 0.472656 0.332407 0.069271 0.268519
0 0.444792 0.343519 0.043750 0.198148
0 0.890885 0.511574 0.077604 0.267593
0 0.588802 0.717130 0.115104 0.562037
