0 0.388281 0.066667 0.018229 0.094444
0 0.592708 0.232407 0.025000 0.170370
0 0.551823 0.241667 0.032813 0.222222
0 0.410677 0.156019 0.021354 0.165741
0 0.394531 0.181481 0.021354 0.112963
0 0.384635 0.204167 0.026562 0.108333
0 0.332292 0.187963 0.032292 0.131481
0 0.268490 0.144444 0.036979 0.155556
0 0.220573 0.177315 0.039062 0.176852
0 0.167969 0.224537 0.022396 0.184259
0 0.432552 0.265278 0.048438 0.234259
0 0.358333 0.277315 0.056250 0.176852
0 0.264583 0.271759 0.035417 0.180556
0 0.248698 0.294907 0.048438 0.167593
0 0.342448 0.302778 0.040104 0.146296
0 0.178646 0.384722 0.058333 0.191667
0 0.214062 0.406944 0.040625 0.173148
0 0.109115 0.380093 0.043229 0.223148
0 0.081771 0.410648 0.056250 0.191667
0 0.078906 0.299537 0.032813 0.262037
0 0.017448 0.315278 0.031771 0.286111
0 0.195052 0.518981 0.071354 0.263889
0 0.218750 0.587500 0.092708 0.287963
0 0.053646 0.583796 0.051042 0.269444
0 0.515104 0.306019 0.037500 0.250926
0 0.472917 0.272685 0.041667 0.202778
0 0.482031 0.337037 0.030729 0.214815
0 0.514062 0.358796 0.037500 0.306481
0 0.551823 0.375463 0.038021 0.319444
0 0.592187 0.387500 0.038542 0.291667
0 0.615365 0.404167 0.041146 0.302778
0 0.288802 0.552778 0.076563 0.259259
0 0.309375 0.438426 0.075000 0.230556
0 0.378125 0.507870 0.070833 0.378704
0 0.642448 0.760648 0.106771 0.443519
0 0.697656 0.825000 0.081771 0.344444
0 0.184115 0.862963 0.059896 0.262963
