0 0.623177 0.806019 0.159896 0.360185
0 0.576823 0.712037 0.181771 0.338889
0 0.497656 0.221296 0.024479 0.161111
0 0.472917 0.189815 0.034375 0.094444
0 0.417448 0.208333 0.035937 0.157407
0 0.433594 0.218519 0.030729 0.144444
0 0.445833 0.183796 0.027083 0.134259
0 0.460938 0.213426 0.017708 0.119444
0 0.473438 0.150463 0.013542 0.078704
0 0.463802 0.124074 0.017188 0.094444
0 0.441927 0.124537 0.022396 0.097222
0 0.441406 0.100926 0.008854 0.066667
0 0.433594 0.091204 0.010937 0.071296
0 0.426563 0.066204 0.010417 0.049074
0 0.420573 0.061574 0.005729 0.036111
0 0.411979 0.070370 0.007292 0.042593
0 0.417448 0.078704 0.009896 0.053704
0 0.424219 0.100926 0.015104 0.070370
0 0.421354 0.118056 0.017708 0.091667
0 0.402865 0.177315 0.036979 0.150926
0 0.391667 0.188889 0.031250 0.142593
0 0.368490 0.186574 0.025521 0.136111
0 0.350781 0.185648 0.011979 0.137963
0 0.341667 0.185648 0.013542 0.141667
0 0.373958 0.250926 0.057292 0.131481
0 0.370833 0.251389 0.063542 0.130556
0 0.363802 0.256019 0.063021 0.141667
0 0.356510 0.291667 0.064062 0.166667
0 0.286719 0.596296 0.132812 0.298148
0 0.266667 0.669444 0.104167 0.353704
0 0.226562 0.747222 0.168750 0.405556
0 0.610938 0.759722 0.102083 0.478704
