0 0.211198 0.726389 0.153646 0.425000
0 0.244792 0.650463 0.133333 0.367593
0 0.247656 0.486111 0.049479 0.353704
0 0.314583 0.469907 0.080208 0.287963
0 0.315885 0.343981 0.043229 0.282407
0 0.622917 0.818056 0.182292 0.356481
0 0.579688 0.700000 0.188542 0.348148
0 0.584635 0.589352 0.080729 0.478704
0 0.531771 0.465278 0.090625 0.206481
0 0.513021 0.462037 0.058333 0.325926
0 0.497396 0.474537 0.084375 0.386111
0 0.455469 0.497685 0.096354 0.437963
0 0.411458 0.493519 0.050000 0.368519
0 0.506510 0.239352 0.033854 0.182407
0 0.487760 0.190741 0.025521 0.124074
0 0.444271 0.212500 0.032292 0.158333
0 0.357812 0.282407 0.066667 0.155556
0 0.363542 0.267593 0.065625 0.159259
0 0.367708 0.239352 0.056250 0.119444
0 0.366406 0.211574 0.025521 0.152778
0 0.382292 0.209259 0.021875 0.155556
0 0.384115 0.172685 0.017188 0.123148
0 0.415625 0.197222 0.031250 0.170370
0 0.399219 0.131944 0.017188 0.052778
0 0.433594 0.137037 0.010937 0.068519
0 0.446354 0.152778 0.027083 0.077778
0 0.466406 0.153704 0.024479 0.114815
0 0.456250 0.117593 0.018750 0.083333
0 0.441146 0.105093 0.013542 0.063889
0 0.440365 0.077778 0.009896 0.050000
0 0.430729 0.076389 0.011458 0.052778
0 0.418750 0.063889 0.007292 0.040741
0 0.639844 0.849537 0.147396 0.299074
0 0.180469 0.814815 0.149479 0.361111
