0 0.649479 0.682407 0.069792 0.466667
0 0.575260 0.493519 0.059896 0.335185
0 0.562500 0.452315 0.051042 0.312037
0 0.570312 0.636574 0.119792 0.282407
0 0.448698 0.155093 0.020313 0.115741
0 0.427344 0.166667 0.027604 0.148148
0 0.402865 0.085648 0.013021 0.069444
0 0.385677 0.173611 0.028646 0.136111
0 0.343750 0.255556 0.029167 0.125926
0 0.300521 0.476852 0.089583 0.268519
0 0.454427 0.089352 0.008854 0.050926
0 0.444010 0.111111 0.015104 0.077778
0 0.412240 0.213889 0.022396 0.133333
0 0.496615 0.501852 0.036979 0.242593
0 0.427083 0.542593 0.087500 0.422222
0 0.379427 0.149074 0.018229 0.077778
0 0.360156 0.197222 0.028646 0.096296
0 0.485677 0.290278 0.043229 0.078704
0 0.629687 0.846296 0.178125 0.305556
0 0.241406 0.771296 0.123438 0.455556
