0 0.570573 0.368056 0.115104 0.634259
0 0.761719 0.456944 0.146354 0.728704
0 0.717448 0.328241 0.119271 0.650926
0 0.827344 0.321296 0.125521 0.640741
0 0.853125 0.671296 0.138542 0.627778
0 0.843229 0.793056 0.225000 0.412037
0 0.701302 0.847222 0.109896 0.303704
0 0.583333 0.233333 0.134375 0.464815
0 0.426042 0.260648 0.128125 0.519444
0 0.507812 0.621759 0.171875 0.752778
0 0.321354 0.632870 0.170833 0.732407
0 0.177083 0.599537 0.175000 0.799074
0 0.280990 0.174537 0.106771 0.347222
0 0.182031 0.195370 0.073438 0.388889
0 0.096094 0.237963 0.117188 0.474074
