0 0.406250 0.077778 0.014583 0.040741
0 0.428646 0.062037 0.009375 0.042593
0 0.432552 0.070370 0.011979 0.051852
0 0.427865 0.089815 0.009896 0.053704
0 0.441146 0.085185 0.016667 0.064815
0 0.381250 0.143056 0.021875 0.080556
0 0.373698 0.183796 0.043229 0.102778
0 0.366667 0.195370 0.052083 0.112963
0 0.353125 0.271296 0.059375 0.151852
0 0.321875 0.421296 0.100000 0.248148
0 0.283073 0.444907 0.069271 0.354630
0 0.567448 0.388426 0.040104 0.200926
0 0.493229 0.423148 0.051042 0.314815
0 0.475000 0.436574 0.062500 0.341667
0 0.592187 0.465741 0.051042 0.312963
0 0.564583 0.531019 0.055208 0.349074
0 0.537760 0.633333 0.074479 0.477778
0 0.289844 0.594907 0.078646 0.447222
0 0.248698 0.721296 0.071354 0.555556
0 0.601562 0.758333 0.091667 0.481481
