0 0.411719 0.065278 0.007812 0.043519
0 0.432552 0.074537 0.008854 0.052778
0 0.424479 0.075000 0.009375 0.046296
0 0.407292 0.069444 0.009375 0.055556
0 0.419531 0.118519 0.014063 0.081481
0 0.444792 0.088889 0.008333 0.055556
0 0.437760 0.091204 0.008854 0.062037
0 0.442969 0.118519 0.013021 0.077778
0 0.452865 0.112500 0.011979 0.080556
0 0.463281 0.158796 0.025521 0.119444
0 0.474219 0.205093 0.048438 0.106481
0 0.346354 0.171759 0.016667 0.123148
0 0.365885 0.194444 0.019271 0.142593
0 0.382292 0.182407 0.022917 0.172222
0 0.403646 0.205093 0.030208 0.182407
0 0.442188 0.248148 0.044792 0.185185
0 0.360938 0.215278 0.035417 0.169444
0 0.315365 0.318981 0.044271 0.250926
0 0.490104 0.324537 0.026042 0.149074
0 0.323437 0.426852 0.068750 0.227778
0 0.303385 0.457407 0.094271 0.270370
0 0.288281 0.506481 0.051562 0.220370
0 0.302344 0.586111 0.102604 0.183333
0 0.423698 0.436574 0.065104 0.362037
0 0.381250 0.518519 0.069792 0.357407
0 0.483073 0.437037 0.054688 0.298148
0 0.543750 0.486574 0.056250 0.352778
0 0.612760 0.771759 0.118229 0.367593
0 0.500000 0.677315 0.094792 0.380556
0 0.450781 0.794907 0.057813 0.269444
0 0.187240 0.836574 0.170313 0.228704
0 0.779167 0.504630 0.070833 0.314815
0 0.746875 0.479630 0.044792 0.362963
0 0.822656 0.712037 0.117188 0.477778
0 0.836198 0.569907 0.071354 0.271296
0 0.700521 0.429167 0.058333 0.210185
0 0.677083 0.796296 0.094792 0.400000
0 0.556510 0.816667 0.154688 0.364815
0 0.363281 0.810648 0.117188 0.376852
