0 0.126562 0.214815 0.015625 0.109259
0 0.151302 0.212037 0.016146 0.116667
0 0.191927 0.218519 0.021354 0.131481
0 0.408594 0.156019 0.016146 0.073148
0 0.392969 0.170370 0.013021 0.081481
0 0.405208 0.205556 0.017708 0.107407
0 0.423438 0.202778 0.014583 0.100000
0 0.403646 0.233796 0.026042 0.097222
0 0.530729 0.164815 0.010417 0.051852
0 0.523438 0.158333 0.012500 0.037037
0 0.472135 0.233333 0.017188 0.112963
0 0.482292 0.144907 0.013542 0.060185
0 0.502604 0.160648 0.015625 0.069444
0 0.512500 0.168056 0.013542 0.062037
0 0.512500 0.208333 0.016667 0.079630
0 0.477865 0.164352 0.014063 0.065741
0 0.530990 0.228704 0.019271 0.098148
0 0.489844 0.245833 0.024479 0.132407
0 0.522656 0.296296 0.021354 0.140741
0 0.501563 0.291667 0.031250 0.144444
0 0.465104 0.291204 0.040625 0.163889
0 0.567708 0.709259 0.058333 0.396296
0 0.517969 0.762037 0.084896 0.464815
0 0.230208 0.575926 0.053125 0.337037
0 0.207552 0.601852 0.075521 0.333333
0 0.138802 0.600000 0.061979 0.361111
0 0.265104 0.843056 0.102083 0.312037
