0 0.379427 0.131019 0.014063 0.084259
0 0.426823 0.602315 0.079687 0.434259
0 0.528906 0.623611 0.074479 0.436111
0 0.408854 0.465741 0.052083 0.301852
0 0.361719 0.248148 0.054688 0.140741
0 0.346354 0.180093 0.017708 0.095370
0 0.390365 0.138426 0.015104 0.087963
0 0.584115 0.726389 0.165104 0.356481
0 0.417187 0.080093 0.010417 0.043519
0 0.358854 0.183333 0.017708 0.111111
0 0.434375 0.075000 0.011458 0.057407
0 0.580729 0.624537 0.127083 0.276852
0 0.633333 0.725926 0.098958 0.544444
0 0.587500 0.486574 0.047917 0.358333
0 0.392188 0.199074 0.038542 0.088889
0 0.365365 0.200000 0.038021 0.083333
0 0.546354 0.542593 0.056250 0.444444
0 0.447396 0.163426 0.019792 0.119444
0 0.404948 0.147685 0.022396 0.065741
0 0.468750 0.178241 0.022917 0.136111
0 0.255729 0.686111 0.147917 0.335185
0 0.184375 0.720833 0.097917 0.556481
