0 0.238021 0.141204 0.012500 0.058333
0 0.138802 0.205093 0.029687 0.130556
0 0.117708 0.229630 0.021875 0.142593
0 0.407552 0.155556 0.010937 0.074074
0 0.390365 0.236574 0.010937 0.108333
0 0.398698 0.169444 0.010937 0.085185
0 0.482812 0.171296 0.011458 0.064815
0 0.517708 0.193519 0.011458 0.075926
0 0.495312 0.175926 0.015625 0.085185
0 0.539062 0.194907 0.014583 0.082407
0 0.508854 0.228704 0.016667 0.085185
0 0.475781 0.225926 0.021354 0.111111
0 0.532813 0.243056 0.020833 0.117593
0 0.505469 0.271759 0.029687 0.123148
0 0.479948 0.305556 0.026562 0.137037
0 0.462500 0.352315 0.029167 0.149074
0 0.502083 0.334722 0.020833 0.137963
0 0.528906 0.318981 0.026562 0.167593
0 0.546615 0.304167 0.021354 0.147222
0 0.558073 0.322222 0.028646 0.166667
0 0.400781 0.406019 0.038021 0.245370
0 0.444531 0.358796 0.029687 0.184259
0 0.472917 0.381944 0.044792 0.213889
0 0.516406 0.370833 0.039062 0.213889
0 0.476823 0.469907 0.047396 0.226852
0 0.435677 0.467593 0.030729 0.187037
0 0.419010 0.543981 0.038021 0.225000
0 0.476302 0.656019 0.040104 0.347222
0 0.534896 0.653704 0.061458 0.355556
0 0.323437 0.738889 0.053125 0.425926
0 0.680469 0.703241 0.067187 0.317593
0 0.601042 0.678704 0.066667 0.388889
0 0.436719 0.716667 0.077604 0.442593
0 0.500781 0.743056 0.073438 0.393519
0 0.655729 0.861111 0.092708 0.275926
0 0.498177 0.123611 0.006771 0.039815
0 0.493750 0.131019 0.009375 0.047222
0 0.480469 0.121296 0.007812 0.038889
0 0.484115 0.131944 0.011979 0.043519
