0 0.770573 0.093519 0.033854 0.177778
0 0.021354 0.153241 0.028125 0.150926
0 0.732292 0.160648 0.039583 0.210185
0 0.730729 0.174537 0.039583 0.169444
0 0.671875 0.114815 0.033333 0.168519
0 0.751563 0.096759 0.030208 0.167593
0 0.928646 0.487500 0.071875 0.349074
0 0.353385 0.069907 0.022396 0.139815
0 0.355469 0.473611 0.025521 0.086111
0 0.053125 0.140278 0.030208 0.158333
0 0.723437 0.257407 0.037500 0.264815
0 0.673698 0.277778 0.065104 0.314815
0 0.642448 0.498611 0.079687 0.349074
0 0.690104 0.133796 0.029167 0.167593
0 0.343229 0.033796 0.019792 0.067593
0 0.735417 0.201389 0.046875 0.232407
0 0.489844 0.454167 0.057813 0.339815
0 0.669010 0.647222 0.106771 0.474074
