0 0.519010 0.418056 0.088021 0.219444
0 0.432812 0.082407 0.016667 0.074074
0 0.382031 0.140741 0.024479 0.088889
0 0.425781 0.137963 0.009896 0.057407
0 0.559896 0.587500 0.132292 0.306481
0 0.383594 0.521296 0.139063 0.437037
0 0.591406 0.723611 0.165104 0.352778
0 0.288021 0.506019 0.080208 0.287963
0 0.566927 0.627315 0.123438 0.306481
0 0.417448 0.119444 0.023438 0.092593
0 0.406771 0.248148 0.034375 0.177778
0 0.450260 0.119907 0.019271 0.086111
0 0.360417 0.250000 0.056250 0.142593
0 0.435417 0.257407 0.028125 0.159259
0 0.939844 0.666667 0.079687 0.366667
0 0.381771 0.250000 0.030208 0.175926
0 0.527344 0.452778 0.104688 0.220370
0 0.365885 0.234259 0.036979 0.107407
0 0.403906 0.170833 0.029687 0.084259
0 0.436198 0.450926 0.064062 0.385185
0 0.392969 0.115741 0.021354 0.066667
