0 0.629167 0.819444 0.164583 0.353704
0 0.350781 0.163889 0.030729 0.072222
0 0.435417 0.147222 0.022917 0.105556
0 0.466927 0.139815 0.018229 0.105556
0 0.411198 0.200926 0.025521 0.138889
0 0.382812 0.218519 0.027083 0.161111
0 0.505469 0.220370 0.035937 0.150000
0 0.457813 0.370370 0.050000 0.309259
0 0.408854 0.377778 0.056250 0.307407
0 0.553906 0.596759 0.118229 0.263889
0 0.328646 0.356481 0.060417 0.242593
0 0.511979 0.458333 0.048958 0.374074
0 0.570833 0.412963 0.046875 0.238889
0 0.477344 0.574074 0.079687 0.475926
0 0.310417 0.434722 0.054167 0.206481
0 0.285677 0.502315 0.078646 0.265741
0 0.242188 0.643056 0.137500 0.363889
0 0.212240 0.725926 0.152604 0.403704
0 0.376302 0.654630 0.117188 0.550000
0 0.221354 0.818519 0.219792 0.361111
0 0.634375 0.773148 0.084375 0.446296
