0 0.393750 0.727778 0.055208 0.370370
0 0.127344 0.194907 0.016146 0.097222
0 0.123698 0.220370 0.015104 0.114815
0 0.528906 0.301389 0.020313 0.130556
0 0.465104 0.314352 0.033333 0.184259
0 0.488542 0.355093 0.031250 0.195370
0 0.566927 0.354167 0.023438 0.162037
0 0.458333 0.457870 0.045833 0.256481
0 0.509115 0.722685 0.053646 0.258333
0 0.272656 0.244907 0.014063 0.084259
0 0.413542 0.159722 0.009375 0.056481
0 0.409115 0.257870 0.024479 0.134259
0 0.399219 0.162963 0.006771 0.064815
0 0.514844 0.180093 0.010937 0.089815
0 0.112240 0.234722 0.024479 0.126852
0 0.483073 0.273611 0.021354 0.126852
0 0.219010 0.240278 0.023438 0.136111
0 0.546875 0.292130 0.022917 0.139815
0 0.394531 0.167593 0.009896 0.075926
0 0.402604 0.228704 0.013542 0.109259
0 0.410677 0.316667 0.014063 0.094444
0 0.446875 0.307870 0.023958 0.163889
0 0.502865 0.163889 0.008854 0.070370
0 0.451302 0.329167 0.029687 0.132407
0 0.423177 0.349074 0.029687 0.175926
0 0.441667 0.391667 0.038542 0.207407
0 0.522656 0.271759 0.021354 0.130556
0 0.503646 0.355093 0.033333 0.206481
0 0.517188 0.370370 0.037500 0.214815
0 0.542708 0.365741 0.029167 0.183333
0 0.563281 0.392593 0.024479 0.168519
0 0.541667 0.406944 0.051042 0.219444
0 0.488281 0.448148 0.035937 0.242593
0 0.403125 0.151852 0.007292 0.061111
0 0.406510 0.449074 0.053646 0.203704
0 0.534896 0.547685 0.065625 0.297222
0 0.442969 0.504630 0.054688 0.283333
0 0.508854 0.283333 0.022917 0.142593
0 0.563281 0.691204 0.061979 0.358333
0 0.528385 0.751389 0.069271 0.387963
0 0.362760 0.798148 0.119271 0.398148
0 0.447396 0.835185 0.071875 0.335185
0 0.700000 0.789815 0.103125 0.424074
0 0.601042 0.838426 0.103125 0.319444
0 0.374740 0.850000 0.095312 0.300000
