0 0.475521 0.202315 0.025000 0.158333
0 0.404948 0.159722 0.025521 0.102778
0 0.509375 0.301389 0.043750 0.258333
0 0.535156 0.347222 0.066146 0.290741
0 0.453385 0.350926 0.059896 0.296296
0 0.549219 0.471759 0.048438 0.325000
0 0.580990 0.447222 0.051562 0.240741
0 0.873698 0.555093 0.077604 0.326852
0 0.388542 0.341204 0.060417 0.297222
0 0.324219 0.322222 0.044271 0.242593
0 0.310677 0.471759 0.086979 0.295370
0 0.270573 0.551389 0.104688 0.299074
0 0.448437 0.648611 0.092708 0.467593
0 0.588021 0.693519 0.136458 0.364815
0 0.617969 0.762500 0.118229 0.367593
0 0.633333 0.875926 0.133333 0.244444
0 0.640104 0.841204 0.170833 0.315741
