0 0.610417 0.809259 0.169792 0.331481
0 0.577604 0.701852 0.183333 0.329630
0 0.554167 0.590278 0.138542 0.287963
0 0.546354 0.433333 0.055208 0.316667
0 0.484115 0.241667 0.049479 0.122222
0 0.426302 0.074537 0.006771 0.050926
0 0.430729 0.077315 0.007292 0.047222
0 0.423177 0.075463 0.006771 0.054630
0 0.414583 0.074537 0.005208 0.039815
0 0.386458 0.143056 0.011458 0.082407
0 0.456250 0.124074 0.016667 0.100000
0 0.408594 0.146296 0.022396 0.103704
0 0.394271 0.161574 0.026042 0.141667
0 0.376042 0.189352 0.018750 0.137963
0 0.367188 0.236111 0.039583 0.135185
0 0.371875 0.250000 0.061458 0.129630
0 0.363281 0.255556 0.064062 0.144444
0 0.279167 0.504167 0.109375 0.310185
0 0.244792 0.638426 0.133333 0.362037
0 0.223177 0.746296 0.165104 0.401852
0 0.667969 0.847685 0.196354 0.284259
