0 0.112760 0.242130 0.024479 0.143519
0 0.550781 0.292130 0.028646 0.145370
0 0.535417 0.281944 0.028125 0.132407
0 0.482031 0.273611 0.026562 0.112037
0 0.490104 0.286111 0.029167 0.118519
0 0.512760 0.326852 0.030729 0.164815
0 0.531771 0.360648 0.048958 0.184259
0 0.494010 0.363426 0.040104 0.186111
0 0.430990 0.334722 0.050521 0.200926
0 0.424219 0.273611 0.019271 0.076852
0 0.448698 0.359722 0.040104 0.191667
0 0.461198 0.398611 0.039062 0.197222
0 0.465885 0.439815 0.046354 0.214815
0 0.498958 0.421296 0.040625 0.201852
0 0.543229 0.497222 0.064583 0.268519
0 0.136198 0.184722 0.025521 0.108333
0 0.138021 0.234259 0.030208 0.146296
0 0.163281 0.242130 0.028646 0.128704
0 0.188281 0.256019 0.031771 0.123148
0 0.425000 0.381481 0.028125 0.174074
0 0.396354 0.497685 0.053125 0.252778
0 0.484635 0.554167 0.056771 0.271296
0 0.436458 0.637963 0.070833 0.370370
0 0.389323 0.588889 0.056771 0.262963
0 0.486458 0.663426 0.055208 0.371296
0 0.532031 0.715741 0.069271 0.351852
0 0.228125 0.640278 0.043750 0.347222
0 0.178125 0.587037 0.056250 0.370370
0 0.146615 0.637963 0.074479 0.403704
0 0.093490 0.735185 0.114062 0.450000
0 0.391146 0.755556 0.087500 0.444444
0 0.624740 0.750926 0.073438 0.388889
0 0.493490 0.796296 0.098437 0.409259
0 0.181510 0.584259 0.051562 0.344444
0 0.612760 0.799074 0.094271 0.311111
0 0.526563 0.851852 0.126042 0.290741
0 0.396615 0.799074 0.098437 0.398148
0 0.322396 0.791667 0.078125 0.409259
