0 0.622917 0.791667 0.105208 0.359259
0 0.245052 0.646759 0.115104 0.330556
0 0.566927 0.600463 0.086979 0.421296
0 0.486719 0.611574 0.069271 0.499074
0 0.418229 0.566204 0.083333 0.425000
0 0.297396 0.475000 0.111458 0.257407
0 0.382292 0.448148 0.065625 0.322222
0 0.517448 0.429630 0.121354 0.198148
0 0.478906 0.402315 0.053646 0.271296
0 0.399740 0.259259 0.064062 0.185185
0 0.358854 0.191667 0.036458 0.107407
0 0.451562 0.237963 0.046875 0.161111
0 0.463802 0.160648 0.028646 0.076852
0 0.460417 0.162963 0.016667 0.120370
0 0.472135 0.131481 0.015104 0.085185
0 0.448437 0.139815 0.013542 0.098148
0 0.380729 0.143056 0.026042 0.080556
0 0.379167 0.143981 0.020833 0.106481
0 0.421615 0.133333 0.022396 0.107407
0 0.401823 0.140741 0.018229 0.111111
0 0.402344 0.079630 0.013021 0.029630
0 0.444271 0.078241 0.011458 0.050926
0 0.441927 0.072685 0.011979 0.050926
0 0.419792 0.078241 0.010417 0.052778
0 0.428646 0.079630 0.009375 0.053704
0 0.420573 0.063426 0.010937 0.052778
0 0.164062 0.719907 0.096875 0.495370
