0 0.386979 0.138889 0.013542 0.105556
0 0.397656 0.135185 0.016146 0.105556
0 0.453125 0.118981 0.013542 0.065741
0 0.461198 0.133333 0.022396 0.057407
0 0.432292 0.118056 0.020833 0.100926
0 0.377083 0.151852 0.018750 0.120370
0 0.364323 0.181481 0.035937 0.114815
0 0.364063 0.191667 0.043750 0.100000
0 0.363542 0.256019 0.057292 0.134259
0 0.428906 0.169907 0.022396 0.121296
0 0.478385 0.197222 0.034896 0.105556
0 0.413802 0.188889 0.023438 0.162963
0 0.504427 0.278704 0.054688 0.192593
0 0.556510 0.462500 0.053646 0.325000
0 0.548698 0.488889 0.058854 0.362963
0 0.500000 0.509722 0.052083 0.191667
0 0.537760 0.523611 0.070312 0.380556
0 0.562240 0.630093 0.164062 0.280556
0 0.579688 0.740741 0.171875 0.324074
0 0.699740 0.802778 0.168229 0.392593
0 0.478646 0.822685 0.097917 0.345370
