0 0.427865 0.059259 0.007812 0.037037
0 0.442708 0.077778 0.008333 0.046296
0 0.433594 0.089352 0.009896 0.062037
0 0.425260 0.074537 0.008854 0.047222
0 0.421354 0.075463 0.010417 0.049074
0 0.412500 0.063889 0.006250 0.031481
0 0.403125 0.072685 0.006250 0.047222
0 0.408073 0.084722 0.010937 0.060185
0 0.420312 0.116204 0.009375 0.052778
0 0.442969 0.102778 0.015104 0.066667
0 0.453646 0.125926 0.019792 0.092593
0 0.474479 0.208796 0.033333 0.180556
0 0.433594 0.225926 0.039062 0.174074
0 0.385937 0.127315 0.014583 0.089815
0 0.393229 0.148611 0.020833 0.115741
0 0.376042 0.203704 0.035417 0.164815
0 0.360938 0.185185 0.021875 0.174074
0 0.338802 0.211574 0.022396 0.145370
0 0.588281 0.771296 0.209896 0.346296
0 0.577604 0.659259 0.140625 0.325926
0 0.563802 0.548148 0.103646 0.283333
0 0.574479 0.498611 0.036458 0.219444
0 0.538542 0.454630 0.089583 0.216667
0 0.541406 0.441667 0.053646 0.303704
0 0.472135 0.461111 0.055729 0.355556
0 0.424219 0.343056 0.041146 0.249074
0 0.227083 0.710648 0.133333 0.397222
