0 0.417708 0.077315 0.013542 0.056481
0 0.427604 0.081944 0.007292 0.065741
0 0.439063 0.084722 0.017708 0.060185
0 0.496354 0.198611 0.016667 0.147222
0 0.468229 0.168981 0.013542 0.126852
0 0.427604 0.151852 0.045833 0.092593
0 0.415104 0.143981 0.012500 0.113889
0 0.340625 0.156019 0.008333 0.126852
0 0.353646 0.157407 0.017708 0.087037
0 0.480469 0.237037 0.035937 0.183333
0 0.414583 0.245833 0.019792 0.119444
0 0.391927 0.181481 0.029687 0.174074
0 0.353646 0.248611 0.045833 0.125000
0 0.525781 0.450000 0.118229 0.227778
0 0.552344 0.547685 0.118229 0.284259
0 0.584375 0.765278 0.216667 0.369444
0 0.476042 0.715741 0.089583 0.524074
0 0.396094 0.827315 0.066146 0.280556
0 0.302604 0.466204 0.103125 0.276852
0 0.296615 0.502778 0.117188 0.300000
0 0.255208 0.575463 0.097917 0.297222
0 0.228125 0.711111 0.130208 0.394444
0 0.647135 0.881019 0.227604 0.236111
0 0.186719 0.812500 0.150521 0.373148
