0 0.496354 0.175926 0.014583 0.064815
0 0.418490 0.184259 0.022396 0.090741
0 0.283333 0.224074 0.028125 0.127778
0 0.525000 0.290741 0.033333 0.148148
0 0.494792 0.262500 0.028125 0.119444
0 0.396094 0.179167 0.013021 0.087963
0 0.405469 0.155093 0.013021 0.075000
0 0.502604 0.286111 0.031250 0.155556
0 0.143490 0.544444 0.019271 0.096296
0 0.375521 0.740741 0.088542 0.374074
0 0.363802 0.839352 0.092188 0.319444
0 0.509896 0.186574 0.015625 0.084259
0 0.475521 0.257870 0.023958 0.132407
0 0.493490 0.169444 0.013021 0.057407
0 0.480469 0.184722 0.015104 0.062037
0 0.482812 0.129630 0.012500 0.055556
0 0.692969 0.715278 0.072396 0.350926
0 0.415104 0.179167 0.015625 0.087963
0 0.482552 0.647222 0.084896 0.381481
0 0.581250 0.805093 0.092708 0.387963
0 0.147135 0.200463 0.018229 0.102778
0 0.391146 0.178704 0.014583 0.087037
