0 0.399740 0.585648 0.059896 0.337963
0 0.394271 0.653704 0.063542 0.342593
0 0.463281 0.709259 0.073438 0.374074
0 0.548958 0.681019 0.075000 0.345370
0 0.526302 0.641204 0.054688 0.286111
0 0.474740 0.601852 0.061979 0.320370
0 0.546875 0.514352 0.063542 0.310185
0 0.534635 0.439815 0.051562 0.255556
0 0.554167 0.406019 0.040625 0.225000
0 0.492708 0.493519 0.054167 0.248148
0 0.507812 0.463889 0.040625 0.203704
0 0.459115 0.455556 0.044271 0.237037
0 0.431771 0.360185 0.045833 0.220370
0 0.536719 0.288426 0.026562 0.150926
0 0.513802 0.291204 0.021354 0.141667
0 0.502865 0.214352 0.017188 0.093519
0 0.482031 0.188426 0.018229 0.089815
0 0.478385 0.213426 0.017188 0.093519
0 0.423438 0.146296 0.012500 0.059259
0 0.403906 0.188889 0.015104 0.101852
0 0.390885 0.188426 0.014063 0.097222
0 0.148958 0.809722 0.054167 0.286111
0 0.060677 0.706481 0.069271 0.396296
0 0.225260 0.574074 0.052604 0.320370
0 0.135677 0.616204 0.018229 0.086111
0 0.266927 0.225000 0.026562 0.135185
0 0.197656 0.230556 0.021354 0.090741
0 0.139844 0.214815 0.020313 0.114815
0 0.129427 0.182870 0.023438 0.100926
0 0.114323 0.173148 0.019271 0.094444
0 0.101042 0.789815 0.096875 0.407407
0 0.545052 0.797222 0.072396 0.403704
