0 0.379167 0.147500 0.025000 0.096667
0 0.393750 0.141667 0.020833 0.091667
0 0.358594 0.105000 0.023438 0.086667
0 0.378125 0.105833 0.021875 0.091667
0 0.423698 0.092083 0.022396 0.080833
0 0.556771 0.138750 0.019792 0.097500
0 0.575521 0.127083 0.023958 0.110833
0 0.614844 0.101250 0.024479 0.074167
0 0.688021 0.132917 0.023958 0.107500
0 0.742969 0.215833 0.035937 0.131667
0 0.708333 0.216250 0.035417 0.145833
0 0.454688 0.232083 0.025000 0.120833
0 0.408333 0.286250 0.036458 0.137500
0 0.794010 0.439583 0.056771 0.184167
0 0.760938 0.438750 0.045833 0.190833
0 0.782813 0.717083 0.087500 0.259167
0 0.371354 0.627083 0.052083 0.235833
0 0.333073 0.640417 0.047396 0.217500
0 0.235417 0.506667 0.036458 0.191667
0 0.158333 0.441250 0.045833 0.169167
