0 0.344792 0.183333 0.016667 0.131481
0 0.353385 0.202315 0.029687 0.137963
0 0.367188 0.212963 0.029167 0.166667
0 0.377344 0.204167 0.033854 0.095370
0 0.389062 0.150926 0.026042 0.061111
0 0.399479 0.098148 0.019792 0.040741
0 0.392969 0.113889 0.020313 0.040741
0 0.407031 0.194907 0.032813 0.137963
0 0.413021 0.166204 0.026042 0.121296
0 0.429167 0.164352 0.026042 0.125000
0 0.408594 0.064815 0.007812 0.046296
0 0.414323 0.083333 0.011979 0.055556
0 0.423438 0.069444 0.006250 0.044444
0 0.428385 0.067593 0.008854 0.044444
0 0.427865 0.084722 0.007812 0.032407
0 0.434375 0.074074 0.011458 0.051852
0 0.432812 0.099537 0.012500 0.052778
0 0.443750 0.096759 0.011458 0.060185
0 0.451302 0.082870 0.007812 0.054630
0 0.469010 0.175000 0.025521 0.116667
0 0.433854 0.219444 0.015625 0.085185
0 0.452865 0.206481 0.011979 0.077778
0 0.604427 0.782870 0.168229 0.382407
0 0.567187 0.553704 0.101042 0.279630
0 0.457552 0.281019 0.034896 0.204630
0 0.418750 0.440741 0.086458 0.348148
0 0.430990 0.528241 0.069271 0.393519
0 0.477083 0.487963 0.048958 0.244444
0 0.320052 0.411574 0.094271 0.215741
0 0.299740 0.465741 0.098437 0.255556
0 0.280469 0.555093 0.127604 0.295370
0 0.249740 0.693519 0.163021 0.370370
0 0.474479 0.142130 0.019792 0.097222
