0 0.918750 0.475463 0.070833 0.376852
0 0.652604 0.283333 0.054167 0.275926
0 0.649740 0.536111 0.075521 0.422222
0 0.768750 0.562037 0.079167 0.411111
0 0.689063 0.662037 0.105208 0.520370
0 0.565625 0.544444 0.063542 0.403704
0 0.077083 0.133333 0.021875 0.127778
0 0.052083 0.146296 0.019792 0.137037
0 0.024219 0.142593 0.023438 0.140741
0 0.023177 0.183333 0.031771 0.164815
0 0.701823 0.042593 0.019271 0.085185
0 0.575000 0.755556 0.100000 0.487037
0 0.474740 0.782407 0.120313 0.433333
0 0.681771 0.825926 0.134375 0.346296
0 0.801302 0.780556 0.117188 0.437037
