0 0.151823 0.223148 0.010937 0.066667
0 0.140625 0.175463 0.014583 0.095370
0 0.130729 0.183796 0.016667 0.093519
0 0.117188 0.198148 0.018750 0.105556
0 0.396875 0.157870 0.013542 0.082407
0 0.402865 0.153241 0.010937 0.084259
0 0.417969 0.147222 0.011979 0.066667
0 0.425781 0.140741 0.010937 0.066667
0 0.461979 0.536574 0.052083 0.284259
0 0.503646 0.565278 0.073958 0.337963
0 0.516406 0.441204 0.040104 0.236111
0 0.578125 0.460648 0.035417 0.245370
0 0.486979 0.762037 0.056250 0.251852
0 0.548698 0.668519 0.079687 0.388889
0 0.699479 0.725463 0.060417 0.343519
0 0.506771 0.122685 0.007292 0.052778
0 0.511198 0.183796 0.015104 0.084259
0 0.480990 0.149074 0.009896 0.055556
0 0.482552 0.210185 0.016146 0.096296
0 0.483854 0.291667 0.018750 0.079630
0 0.504167 0.243981 0.018750 0.121296
0 0.524479 0.230556 0.018750 0.105556
0 0.192448 0.825463 0.076563 0.347222
