0 0.675521 0.150926 0.047917 0.205556
0 0.710417 0.095833 0.029167 0.150926
0 0.738021 0.078241 0.032292 0.156481
0 0.644531 0.187037 0.030729 0.150000
0 0.398958 0.428241 0.022917 0.106481
0 0.918229 0.476389 0.058333 0.365741
0 0.709635 0.242130 0.047396 0.254630
0 0.747396 0.209722 0.044792 0.243519
0 0.071615 0.121296 0.025521 0.133333
0 0.757552 0.081481 0.022396 0.137037
0 0.026042 0.534722 0.026042 0.112037
0 0.726302 0.130556 0.035937 0.185185
0 0.351562 0.368981 0.015625 0.097222
0 0.677344 0.178241 0.045312 0.202778
0 0.783333 0.142130 0.040625 0.208333
0 0.809115 0.747685 0.116146 0.502778
0 0.692448 0.736574 0.121354 0.525000
0 0.468490 0.841204 0.121354 0.315741
