0 0.586979 0.599537 0.098958 0.221296
0 0.547396 0.472222 0.050000 0.301852
0 0.560677 0.438426 0.031771 0.312037
0 0.530208 0.740741 0.082292 0.511111
0 0.411719 0.067593 0.009896 0.046296
0 0.476823 0.195370 0.029687 0.101852
0 0.389062 0.151389 0.017708 0.110185
0 0.357812 0.234722 0.042708 0.128704
0 0.445312 0.078241 0.010417 0.058333
0 0.371615 0.137037 0.018229 0.055556
0 0.589323 0.470833 0.045312 0.328704
0 0.396094 0.124537 0.017188 0.076852
0 0.369010 0.173148 0.047396 0.079630
0 0.410156 0.079167 0.017188 0.041667
0 0.610677 0.718519 0.121354 0.337037
0 0.362240 0.250926 0.055729 0.135185
0 0.575000 0.822222 0.097917 0.353704
0 0.713021 0.818519 0.095833 0.361111
