0 0.090885 0.578241 0.013021 0.071296
0 0.050521 0.529630 0.013542 0.074074
0 0.082031 0.573148 0.014063 0.075926
0 0.692448 0.367130 0.069271 0.336111
0 0.769271 0.178241 0.038542 0.225000
0 0.751563 0.070370 0.025000 0.137037
0 0.722396 0.156481 0.043750 0.209259
0 0.685417 0.166667 0.031250 0.181481
0 0.663802 0.194444 0.033854 0.190741
0 0.653385 0.241667 0.066146 0.272222
0 0.494531 0.432407 0.065104 0.322222
0 0.832292 0.623148 0.087500 0.464815
0 0.792969 0.693981 0.066146 0.495370
0 0.884115 0.720370 0.071354 0.548148
0 0.741927 0.706944 0.044271 0.293519
0 0.625521 0.691204 0.096875 0.489815
0 0.596354 0.763889 0.095833 0.457407
0 0.564063 0.633796 0.091667 0.439815
0 0.711198 0.053704 0.026562 0.103704
0 0.734635 0.060648 0.030729 0.117593
0 0.814844 0.763426 0.111979 0.471296
0 0.631510 0.825926 0.153646 0.346296
0 0.007552 0.130093 0.015104 0.139815
