0 0.100000 0.543981 0.013542 0.119444
0 0.778385 0.137500 0.033854 0.202778
0 0.745313 0.135185 0.034375 0.198148
0 0.708854 0.148148 0.035417 0.194444
0 0.746094 0.490278 0.077604 0.436111
0 0.917708 0.561574 0.071875 0.460185
0 0.622396 0.643056 0.107292 0.569444
0 0.228125 0.374074 0.015625 0.088889
0 0.111198 0.554630 0.013021 0.100000
0 0.671875 0.460185 0.068750 0.379630
0 0.753385 0.318519 0.053646 0.275926
0 0.823177 0.493056 0.075521 0.439815
0 0.701562 0.306481 0.058333 0.300000
0 0.936458 0.618981 0.062500 0.408333
0 0.683073 0.137963 0.044271 0.214815
0 0.230469 0.410648 0.015104 0.058333
0 0.661719 0.135648 0.034896 0.221296
