0 0.884115 0.689352 0.079687 0.249074
0 0.558854 0.604630 0.157292 0.257407
0 0.575260 0.690278 0.176563 0.321296
0 0.603125 0.611111 0.066667 0.222222
0 0.360156 0.610185 0.080729 0.394444
0 0.257292 0.606481 0.125000 0.355556
0 0.282552 0.521759 0.078646 0.265741
0 0.292448 0.455093 0.099479 0.256481
0 0.294792 0.382407 0.050000 0.109259
0 0.358073 0.202778 0.065104 0.170370
0 0.433073 0.286574 0.046354 0.249074
0 0.424479 0.138426 0.019792 0.112037
0 0.436719 0.091667 0.014063 0.057407
0 0.413802 0.095833 0.011979 0.063889
0 0.610938 0.761574 0.185417 0.371296
0 0.630469 0.868056 0.116146 0.262037
