0 0.921354 0.480093 0.060417 0.363889
0 0.863281 0.471296 0.065104 0.359259
0 0.787760 0.172685 0.041146 0.178704
0 0.724740 0.120370 0.033854 0.190741
0 0.672917 0.119907 0.027083 0.163889
0 0.659375 0.351389 0.062500 0.336111
0 0.347917 0.480093 0.026042 0.102778
0 0.099740 0.579167 0.010937 0.045370
0 0.063802 0.582407 0.029687 0.074074
0 0.080469 0.519444 0.008854 0.046296
0 0.074479 0.520370 0.009375 0.046296
0 0.051042 0.496296 0.010417 0.042593
0 0.036719 0.152778 0.044271 0.162963
0 0.019792 0.162963 0.031250 0.140741
0 0.702604 0.796759 0.169792 0.404630
