0 0.238542 0.432870 0.014583 0.104630
0 0.682292 0.134722 0.040625 0.187963
0 0.229687 0.445370 0.019792 0.105556
0 0.697396 0.451389 0.068750 0.395370
0 0.719531 0.712500 0.043229 0.289815
0 0.331771 0.525463 0.088542 0.436111
0 0.714844 0.209259 0.039062 0.211111
0 0.643229 0.391204 0.056250 0.339815
0 0.754948 0.237963 0.039062 0.222222
0 0.659635 0.609722 0.070312 0.458333
0 0.770833 0.271759 0.060417 0.302778
0 0.783854 0.663889 0.047917 0.266667
0 0.718229 0.387500 0.101042 0.360185
0 0.884635 0.724074 0.074479 0.540741
0 0.738281 0.049074 0.021354 0.098148
0 0.722917 0.047222 0.015625 0.094444
0 0.709115 0.069907 0.022396 0.139815
0 0.823698 0.763426 0.115104 0.471296
0 0.410156 0.746296 0.109896 0.505556
