0 0.429688 0.083333 0.011458 0.072222
0 0.590885 0.722222 0.159896 0.348148
0 0.290625 0.501852 0.082292 0.277778
0 0.427083 0.457407 0.073958 0.374074
0 0.520312 0.414815 0.093750 0.201852
0 0.439063 0.253704 0.028125 0.161111
0 0.414844 0.247685 0.026562 0.173148
0 0.363021 0.238889 0.032292 0.116667
0 0.416927 0.117593 0.019271 0.090741
0 0.449479 0.118519 0.025000 0.083333
0 0.440885 0.096296 0.011979 0.064815
0 0.372396 0.550926 0.126042 0.466667
0 0.528646 0.455093 0.108333 0.219444
0 0.393750 0.249537 0.027083 0.173148
0 0.400260 0.325926 0.001563 0.000000
0 0.359375 0.251389 0.048958 0.145370
0 0.384115 0.140278 0.029687 0.086111
0 0.561979 0.631481 0.095833 0.303704
0 0.425521 0.134259 0.007292 0.061111
0 0.891406 0.577315 0.063021 0.282407
0 0.938281 0.662500 0.077604 0.350926
0 0.560417 0.629630 0.091667 0.300000
