0 0.424219 0.122222 0.023438 0.085185
0 0.440104 0.092130 0.010417 0.034259
0 0.442969 0.077315 0.015104 0.050926
0 0.428646 0.075463 0.010417 0.037963
0 0.415885 0.074537 0.008854 0.043519
0 0.442708 0.146759 0.015625 0.063889
0 0.424479 0.137963 0.026042 0.114815
0 0.399479 0.135648 0.020833 0.121296
0 0.381510 0.202315 0.023438 0.169444
0 0.374479 0.197685 0.018750 0.139815
0 0.352083 0.212963 0.030208 0.151852
0 0.467969 0.180556 0.029687 0.066667
0 0.448437 0.195370 0.028125 0.109259
0 0.428385 0.245370 0.039062 0.187037
0 0.340885 0.281944 0.042188 0.212037
0 0.445052 0.318981 0.046354 0.243519
0 0.481771 0.344444 0.043750 0.200000
0 0.536198 0.420833 0.072396 0.225000
0 0.875781 0.516667 0.070312 0.227778
0 0.286198 0.501389 0.098437 0.265741
0 0.235677 0.848611 0.163021 0.299074
