0 0.476562 0.134722 0.051042 0.265741
0 0.816927 0.155556 0.067187 0.307407
0 0.339062 0.221296 0.103125 0.366667
0 0.428385 0.251852 0.097396 0.368519
0 0.509115 0.238426 0.056771 0.260185
0 0.782552 0.386111 0.099479 0.450000
0 0.430208 0.407407 0.110417 0.466667
0 0.295833 0.443981 0.100000 0.497222
0 0.420833 0.542130 0.114583 0.504630
0 0.253125 0.731481 0.109375 0.424074
0 0.453125 0.144907 0.051042 0.289815
0 0.587240 0.159259 0.077604 0.318519
0 0.542188 0.138426 0.056250 0.276852
0 0.177865 0.785648 0.120313 0.425000
0 0.530729 0.761111 0.101042 0.474074
0 0.696094 0.755556 0.158854 0.487037
