0 0.579167 0.648611 0.130208 0.302778
0 0.504427 0.590741 0.081771 0.481481
0 0.580990 0.488889 0.051562 0.348148
0 0.222396 0.694907 0.112500 0.595370
0 0.274219 0.551852 0.118229 0.311111
0 0.311198 0.482870 0.117188 0.289815
0 0.343750 0.343056 0.058333 0.287963
0 0.479427 0.275463 0.056771 0.250926
0 0.406771 0.275926 0.050000 0.212963
0 0.396615 0.169444 0.023438 0.122222
0 0.417448 0.148148 0.019271 0.103704
0 0.395573 0.144907 0.017188 0.119444
0 0.377604 0.146296 0.016667 0.125926
0 0.429688 0.107407 0.016667 0.083333
0 0.446354 0.079167 0.010417 0.052778
0 0.418490 0.062963 0.007812 0.044444
0 0.170052 0.851852 0.190104 0.294444
0 0.627083 0.752778 0.106250 0.492593
