0 0.604427 0.782407 0.170313 0.375926
0 0.248958 0.691667 0.173958 0.368519
0 0.278125 0.555556 0.130208 0.298148
0 0.297917 0.465278 0.102083 0.254630
0 0.311198 0.411574 0.075521 0.217593
0 0.565625 0.552315 0.103125 0.282407
0 0.526823 0.452778 0.104688 0.229630
0 0.448958 0.286574 0.035417 0.219444
0 0.369792 0.212037 0.032292 0.170370
0 0.385417 0.199074 0.021875 0.161111
0 0.358073 0.196296 0.018229 0.162963
0 0.343229 0.194444 0.019792 0.151852
0 0.475260 0.145370 0.017188 0.103704
0 0.474219 0.181019 0.027604 0.075000
0 0.462240 0.174074 0.023438 0.124074
0 0.442708 0.201389 0.036458 0.150926
0 0.435156 0.160185 0.033854 0.125926
0 0.431250 0.129630 0.013542 0.079630
0 0.417187 0.126852 0.020833 0.103704
0 0.388281 0.111111 0.015104 0.050000
0 0.406771 0.109722 0.013542 0.082407
0 0.426302 0.079167 0.008854 0.050926
0 0.437500 0.082870 0.011458 0.058333
