0 0.628906 0.805556 0.160938 0.312963
0 0.631771 0.765741 0.093750 0.450000
0 0.597135 0.594907 0.078646 0.441667
0 0.475521 0.743519 0.136458 0.481481
0 0.550781 0.561574 0.075521 0.295370
0 0.559635 0.608796 0.071354 0.284259
0 0.219271 0.763426 0.170833 0.437963
0 0.240885 0.667593 0.120313 0.405556
0 0.471875 0.642130 0.103125 0.510185
0 0.489063 0.602315 0.103125 0.491667
0 0.522135 0.475000 0.093229 0.224074
0 0.572135 0.439352 0.052604 0.308333
0 0.287500 0.505093 0.098958 0.265741
0 0.318490 0.474074 0.111979 0.277778
0 0.501563 0.309722 0.050000 0.247222
0 0.352865 0.283333 0.070312 0.155556
0 0.362500 0.243519 0.046875 0.100000
0 0.364583 0.215278 0.033333 0.156481
0 0.347135 0.183796 0.019271 0.126852
0 0.364583 0.176389 0.021875 0.134259
0 0.381771 0.161111 0.033333 0.088889
0 0.466406 0.218056 0.033854 0.162037
0 0.422917 0.215741 0.036458 0.161111
0 0.418750 0.195833 0.031250 0.150926
0 0.389323 0.146296 0.021354 0.118519
0 0.413542 0.172685 0.030208 0.134259
0 0.439583 0.145370 0.020833 0.103704
0 0.465104 0.168519 0.020833 0.107407
0 0.472135 0.136574 0.008854 0.054630
0 0.458333 0.119907 0.016667 0.084259
0 0.447656 0.122685 0.013021 0.095370
0 0.435156 0.118981 0.015104 0.087963
0 0.420573 0.108796 0.013021 0.073148
0 0.410156 0.115278 0.016146 0.084259
0 0.433594 0.066667 0.006771 0.031481
0 0.402344 0.082870 0.013021 0.041667
0 0.415885 0.085185 0.009896 0.050000
0 0.447917 0.086574 0.013542 0.052778
0 0.444271 0.068519 0.010417 0.050000
0 0.419531 0.063889 0.008854 0.042593
0 0.427344 0.068056 0.011979 0.054630
0 0.481250 0.799537 0.131250 0.400926
0 0.722396 0.845833 0.097917 0.306481
0 0.606250 0.843519 0.107292 0.311111
0 0.438021 0.827778 0.113542 0.344444
