0 0.769531 0.089815 0.031771 0.164815
0 0.715104 0.113889 0.031250 0.172222
0 0.703125 0.108796 0.033333 0.189815
0 0.671354 0.089352 0.036458 0.173148
0 0.678646 0.126389 0.032292 0.189815
0 0.711979 0.153704 0.041667 0.181481
0 0.750521 0.135648 0.045833 0.184259
0 0.782813 0.137037 0.025000 0.161111
0 0.778906 0.228241 0.043229 0.236111
0 0.740885 0.233796 0.040104 0.225000
0 0.715104 0.201389 0.031250 0.186111
0 0.687240 0.168981 0.046354 0.186111
0 0.657031 0.218981 0.038021 0.202778
0 0.660677 0.318519 0.058854 0.298148
0 0.927083 0.478704 0.069792 0.364815
0 0.870833 0.480093 0.053125 0.391667
0 0.815885 0.524074 0.091146 0.450000
0 0.769531 0.522685 0.071354 0.313889
0 0.670833 0.550000 0.070833 0.446296
0 0.635677 0.546296 0.120313 0.466667
0 0.839323 0.693981 0.095312 0.467593
0 0.744792 0.716204 0.114583 0.530556
0 0.374219 0.436111 0.021354 0.112963
0 0.403385 0.054630 0.028646 0.105556
0 0.484115 0.068981 0.033854 0.137963
0 0.891927 0.844444 0.119271 0.307407
0 0.721875 0.829630 0.135417 0.338889
0 0.455208 0.808796 0.142708 0.380556
