0 0.057292 0.130093 0.021875 0.125000
0 0.070833 0.136111 0.017708 0.107407
0 0.443490 0.069907 0.025521 0.136111
0 0.701042 0.100463 0.034375 0.160185
0 0.713542 0.058333 0.016667 0.096296
0 0.663021 0.119444 0.028125 0.164815
0 0.705990 0.165278 0.035937 0.200926
0 0.774219 0.146759 0.032813 0.213889
0 0.729167 0.217593 0.056250 0.235185
0 0.679948 0.253241 0.036979 0.195370
0 0.707031 0.335185 0.063021 0.311111
0 0.629948 0.362037 0.039062 0.318519
0 0.680990 0.493981 0.104688 0.430556
0 0.745833 0.514815 0.091667 0.403704
0 0.789323 0.673148 0.105729 0.546296
0 0.703385 0.698611 0.104688 0.482407
0 0.603125 0.818981 0.101042 0.341667
0 0.497396 0.825463 0.143750 0.347222
