0 0.411979 0.075000 0.017708 0.037037
0 0.448177 0.096296 0.010937 0.055556
0 0.454427 0.105093 0.013021 0.071296
0 0.587240 0.732407 0.197396 0.324074
0 0.438542 0.182407 0.020833 0.105556
0 0.533073 0.445833 0.072396 0.217593
0 0.561458 0.588426 0.135417 0.275000
0 0.423177 0.095370 0.009896 0.050000
0 0.430990 0.145370 0.016146 0.101852
0 0.373958 0.141204 0.015625 0.110185
0 0.471615 0.146759 0.017188 0.080556
0 0.395573 0.137500 0.021354 0.097222
0 0.380208 0.183333 0.038542 0.094444
0 0.283333 0.500463 0.089583 0.269444
0 0.552865 0.594907 0.061979 0.413889
0 0.388021 0.150000 0.012500 0.101852
0 0.366667 0.240741 0.053125 0.111111
0 0.361458 0.250463 0.053125 0.134259
0 0.417448 0.174074 0.022396 0.127778
0 0.474219 0.191667 0.036979 0.096296
0 0.484375 0.255556 0.047917 0.209259
0 0.421354 0.340741 0.062500 0.251852
0 0.362240 0.206944 0.049479 0.095370
