0 0.457552 0.117130 0.011979 0.080556
0 0.466406 0.127778 0.010937 0.064815
0 0.452865 0.117593 0.011979 0.081481
0 0.440625 0.114352 0.012500 0.076852
0 0.430729 0.065741 0.009375 0.044444
0 0.425521 0.066667 0.010417 0.042593
0 0.444010 0.071296 0.009896 0.053704
0 0.435156 0.071296 0.009896 0.048148
0 0.402604 0.067130 0.008333 0.049074
0 0.393229 0.096296 0.015625 0.050000
0 0.425000 0.092130 0.013542 0.062037
0 0.413802 0.112037 0.016146 0.090741
0 0.431250 0.137963 0.010417 0.051852
0 0.398958 0.183333 0.023958 0.153704
0 0.348698 0.271759 0.058854 0.152778
0 0.362760 0.249537 0.056771 0.130556
0 0.350521 0.198148 0.030208 0.127778
0 0.447135 0.189352 0.027604 0.145370
0 0.394010 0.209259 0.024479 0.151852
0 0.374219 0.205556 0.026562 0.133333
0 0.323698 0.356481 0.056771 0.277778
0 0.505990 0.235185 0.032813 0.175926
0 0.489063 0.266667 0.036458 0.188889
0 0.395052 0.402778 0.049479 0.300000
0 0.534375 0.456019 0.077083 0.184259
0 0.507031 0.455556 0.049479 0.320370
0 0.489063 0.473611 0.082292 0.375000
0 0.584635 0.574537 0.077604 0.439815
0 0.575781 0.699537 0.181771 0.339815
0 0.627865 0.818056 0.160938 0.352778
0 0.428385 0.500463 0.054688 0.373148
0 0.451302 0.496296 0.101562 0.429630
0 0.302083 0.469444 0.070833 0.281481
0 0.353385 0.497222 0.079687 0.366667
0 0.278125 0.503241 0.091667 0.273148
0 0.241927 0.493981 0.050521 0.339815
0 0.242188 0.646759 0.135417 0.363889
0 0.212240 0.739352 0.148438 0.434259
0 0.181250 0.816667 0.145833 0.364815
