0 0.405990 0.150000 0.007812 0.061111
0 0.397396 0.149537 0.017708 0.067593
0 0.421875 0.212963 0.016667 0.103704
0 0.395833 0.204167 0.018750 0.099074
0 0.486458 0.135648 0.009375 0.049074
0 0.494271 0.134259 0.008333 0.048148
0 0.479167 0.144444 0.012500 0.064815
0 0.503646 0.138889 0.010417 0.055556
0 0.491667 0.181019 0.016667 0.086111
0 0.501302 0.151389 0.013021 0.047222
0 0.529167 0.225926 0.020833 0.100000
0 0.513802 0.216204 0.021354 0.086111
0 0.494792 0.216667 0.022917 0.107407
0 0.533333 0.258796 0.012500 0.089815
0 0.520833 0.273148 0.031250 0.146296
0 0.496354 0.267130 0.026042 0.126852
0 0.479687 0.339815 0.036458 0.172222
0 0.458854 0.336111 0.031250 0.168519
0 0.436198 0.346296 0.038021 0.190741
0 0.546354 0.356481 0.035417 0.196296
0 0.537240 0.381944 0.034896 0.223148
0 0.522135 0.425463 0.043229 0.230556
0 0.494792 0.425926 0.037500 0.229630
0 0.442969 0.424074 0.046354 0.216667
0 0.406510 0.453704 0.042188 0.153704
0 0.639323 0.705093 0.088021 0.386111
0 0.577083 0.740278 0.078125 0.447222
0 0.526302 0.764352 0.079687 0.415741
0 0.468750 0.740278 0.064583 0.425000
0 0.429688 0.706481 0.064583 0.400000
0 0.396094 0.743056 0.063021 0.386111
0 0.138021 0.215741 0.027083 0.116667
0 0.134375 0.164352 0.016667 0.095370
0 0.113021 0.168056 0.016667 0.102778
0 0.261198 0.609722 0.047396 0.225000
0 0.140885 0.515741 0.021354 0.051852
