0 0.226823 0.556944 0.091146 0.300926
0 0.158073 0.177778 0.016146 0.107407
0 0.121615 0.233796 0.027604 0.137963
0 0.138021 0.242593 0.022917 0.124074
0 0.139063 0.189815 0.017708 0.077778
0 0.252604 0.222685 0.042708 0.132407
0 0.390625 0.189815 0.017708 0.079630
0 0.399479 0.171759 0.017708 0.086111
0 0.407552 0.222685 0.017188 0.102778
0 0.414583 0.180093 0.019792 0.084259
0 0.421354 0.207407 0.010417 0.057407
0 0.516146 0.128704 0.015625 0.068519
0 0.498437 0.209259 0.019792 0.092593
0 0.501302 0.243056 0.018229 0.110185
0 0.505990 0.305556 0.016146 0.092593
0 0.533333 0.294444 0.025000 0.116667
0 0.512240 0.301852 0.026562 0.146296
0 0.475260 0.312037 0.036979 0.164815
0 0.487760 0.337963 0.042188 0.177778
0 0.544792 0.340278 0.036458 0.162037
0 0.423698 0.409259 0.038021 0.198148
0 0.448958 0.341667 0.046875 0.175926
0 0.479687 0.498148 0.047917 0.268519
0 0.516667 0.513889 0.077083 0.290741
0 0.565625 0.523611 0.046875 0.295370
0 0.532552 0.752778 0.069271 0.385185
0 0.405469 0.728241 0.111979 0.415741
0 0.368229 0.807870 0.088542 0.382407
0 0.603385 0.823611 0.111979 0.341667
0 0.524740 0.872685 0.115104 0.252778
0 0.480469 0.823611 0.077604 0.345370
0 0.422396 0.855093 0.128125 0.282407
