0 0.397396 0.224537 0.015625 0.093519
0 0.405208 0.226852 0.012500 0.100000
0 0.480990 0.160185 0.009896 0.059259
0 0.495573 0.241667 0.019271 0.101852
0 0.489323 0.295833 0.033854 0.137963
0 0.504427 0.287037 0.022396 0.140741
0 0.532552 0.293056 0.030729 0.134259
0 0.535156 0.271296 0.024479 0.085185
0 0.482812 0.436574 0.048958 0.241667
0 0.525260 0.439815 0.041146 0.227778
0 0.424219 0.700000 0.041146 0.261111
0 0.465104 0.635648 0.058333 0.328704
0 0.511198 0.668056 0.045312 0.308333
0 0.562760 0.717593 0.077604 0.372222
0 0.660937 0.732870 0.086458 0.349074
0 0.398958 0.158333 0.012500 0.081481
0 0.410938 0.155093 0.010417 0.078704
