0 0.129948 0.198148 0.018229 0.112963
0 0.146875 0.209722 0.012500 0.104630
0 0.397917 0.182870 0.013542 0.093519
0 0.410156 0.187500 0.013021 0.082407
0 0.497917 0.213426 0.025000 0.136111
0 0.509896 0.216204 0.016667 0.086111
0 0.522135 0.286574 0.026562 0.143519
0 0.547917 0.337963 0.034375 0.183333
0 0.506771 0.437963 0.051042 0.216667
0 0.523698 0.345370 0.031771 0.177778
0 0.478125 0.336574 0.030208 0.165741
0 0.444531 0.321759 0.031771 0.189815
0 0.573698 0.498148 0.053646 0.268519
0 0.543490 0.561574 0.059896 0.306481
0 0.505990 0.611574 0.072396 0.325000
0 0.478385 0.517130 0.073438 0.325000
0 0.445573 0.472685 0.041146 0.230556
0 0.414323 0.486111 0.059896 0.274074
0 0.401302 0.550000 0.054688 0.324074
0 0.142448 0.587500 0.061979 0.345370
0 0.141406 0.691667 0.069271 0.359259
0 0.090885 0.781944 0.107813 0.432407
0 0.617448 0.767130 0.073438 0.428704
0 0.481510 0.821296 0.118229 0.355556
0 0.323698 0.835648 0.108854 0.326852
