0 0.496875 0.141204 0.009375 0.047222
0 0.487500 0.131019 0.011458 0.049074
0 0.475521 0.152778 0.010417 0.055556
0 0.496615 0.191204 0.017188 0.097222
0 0.481771 0.185648 0.017708 0.084259
0 0.495833 0.203704 0.016667 0.083333
0 0.514844 0.213426 0.018229 0.084259
0 0.529167 0.216667 0.015625 0.090741
0 0.544010 0.214815 0.014063 0.088889
0 0.486458 0.247685 0.027083 0.121296
0 0.541146 0.311574 0.026042 0.173148
0 0.394010 0.154167 0.016146 0.080556
0 0.397396 0.159259 0.014583 0.072222
0 0.414062 0.173148 0.017708 0.088889
0 0.425521 0.174074 0.014583 0.083333
0 0.401562 0.251389 0.025000 0.136111
0 0.467708 0.306481 0.027083 0.179630
0 0.489323 0.314815 0.024479 0.157407
0 0.500521 0.326389 0.031250 0.178704
0 0.429948 0.320370 0.034896 0.200000
0 0.524479 0.339352 0.033333 0.189815
0 0.555469 0.351852 0.031771 0.172222
0 0.455990 0.408333 0.042188 0.203704
0 0.442448 0.456481 0.040104 0.188889
0 0.136458 0.149074 0.016667 0.075926
0 0.149740 0.187037 0.019271 0.109259
0 0.124479 0.200926 0.015625 0.112963
0 0.131771 0.200926 0.020833 0.131481
0 0.291927 0.230093 0.017188 0.125000
0 0.269010 0.223148 0.026562 0.127778
0 0.171615 0.226852 0.023438 0.127778
0 0.298698 0.744444 0.071354 0.444444
0 0.134635 0.725926 0.074479 0.400000
0 0.420052 0.785185 0.109896 0.427778
0 0.511719 0.796296 0.079687 0.400000
0 0.580469 0.810648 0.080729 0.376852
0 0.649740 0.847222 0.067187 0.298148
