0 0.114583 0.644907 0.026042 0.100926
0 0.682552 0.724537 0.067187 0.352778
0 0.482031 0.156944 0.011979 0.062037
0 0.479427 0.263426 0.017188 0.108333
0 0.478646 0.213889 0.016667 0.111111
0 0.406250 0.195833 0.021875 0.102778
0 0.110156 0.158333 0.014063 0.083333
0 0.433073 0.325463 0.038021 0.178704
0 0.485156 0.558333 0.065104 0.296296
0 0.497917 0.261574 0.020833 0.115741
0 0.425000 0.576852 0.067708 0.344444
0 0.493750 0.208796 0.014583 0.100926
0 0.565365 0.695833 0.059896 0.347222
0 0.518490 0.662963 0.070312 0.368519
0 0.634635 0.856019 0.070312 0.286111
