0 0.344010 0.085648 0.022396 0.091667
0 0.284375 0.181944 0.035417 0.117593
0 0.273958 0.227778 0.052083 0.138889
0 0.454688 0.201852 0.029167 0.181481
0 0.557292 0.048148 0.015625 0.085185
0 0.529687 0.088889 0.025000 0.111111
0 0.499479 0.146759 0.034375 0.150926
0 0.548958 0.158796 0.021875 0.119444
0 0.569792 0.133796 0.019792 0.126852
0 0.533073 0.168519 0.030729 0.138889
0 0.503385 0.170370 0.031771 0.138889
0 0.340885 0.120370 0.017188 0.088889
0 0.316667 0.084722 0.021875 0.102778
0 0.403125 0.171296 0.028125 0.131481
0 0.423698 0.221296 0.036979 0.155556
0 0.407031 0.252778 0.042188 0.142593
0 0.347917 0.201852 0.034375 0.135185
0 0.226562 0.176389 0.040625 0.165741
0 0.315365 0.218056 0.030729 0.215741
0 0.392188 0.277778 0.034375 0.151852
0 0.337240 0.262037 0.035937 0.172222
0 0.572917 0.247685 0.031250 0.210185
0 0.599740 0.252778 0.040104 0.201852
0 0.560937 0.284259 0.031250 0.233333
0 0.480729 0.255093 0.042708 0.210185
0 0.537500 0.294444 0.039583 0.214815
0 0.509635 0.310185 0.044271 0.246296
0 0.449479 0.292130 0.030208 0.154630
0 0.226302 0.262500 0.045312 0.167593
0 0.241146 0.292130 0.045833 0.178704
0 0.270573 0.415741 0.056771 0.190741
0 0.184375 0.571296 0.063542 0.237037
0 0.162760 0.399074 0.046354 0.198148
0 0.141146 0.421296 0.068750 0.200000
0 0.077865 0.425463 0.058854 0.191667
0 0.101823 0.556019 0.071354 0.212037
0 0.132812 0.769907 0.086458 0.360185
0 0.616667 0.400463 0.046875 0.286111
0 0.298438 0.622222 0.084375 0.455556
0 0.401042 0.425000 0.061458 0.311111
0 0.386719 0.504630 0.077604 0.387037
0 0.589844 0.485185 0.069271 0.374074
0 0.656250 0.769907 0.129167 0.458333
0 0.558333 0.574074 0.059375 0.381481
0 0.483073 0.482407 0.069271 0.377778
0 0.385417 0.670370 0.093750 0.461111
0 0.519010 0.665741 0.070312 0.466667
