0 0.437500 0.081481 0.007292 0.050000
0 0.417969 0.068056 0.009896 0.050926
0 0.409635 0.071759 0.010937 0.049074
0 0.457031 0.094907 0.008854 0.063889
0 0.451562 0.093519 0.009375 0.066667
0 0.446875 0.111111 0.012500 0.081481
0 0.428385 0.096759 0.011979 0.071296
0 0.395833 0.100000 0.012500 0.081481
0 0.458073 0.193519 0.033854 0.077778
0 0.397396 0.103704 0.013542 0.090741
0 0.381771 0.138426 0.020833 0.099074
0 0.358073 0.166204 0.018229 0.141667
0 0.346615 0.194907 0.014063 0.150926
0 0.339583 0.200926 0.016667 0.170370
0 0.370573 0.203704 0.030729 0.161111
0 0.419271 0.251389 0.040625 0.186111
0 0.500781 0.186574 0.018229 0.086111
0 0.493750 0.239815 0.029167 0.177778
0 0.585938 0.762500 0.217708 0.358333
0 0.565365 0.661111 0.134896 0.309259
0 0.565104 0.552315 0.103125 0.295370
0 0.524740 0.456481 0.111979 0.222222
0 0.323177 0.425463 0.098437 0.230556
0 0.292448 0.462500 0.079687 0.245370
0 0.295052 0.530556 0.123438 0.281481
0 0.429948 0.629167 0.119271 0.510185
0 0.226823 0.704167 0.146354 0.393519
0 0.185677 0.802315 0.152604 0.391667
0 0.354687 0.774537 0.172917 0.443519
