0 0.390365 0.106481 0.016146 0.051852
0 0.346875 0.182870 0.019792 0.125000
0 0.382552 0.179167 0.022396 0.143519
0 0.366667 0.203704 0.034375 0.170370
0 0.441927 0.071296 0.008854 0.050000
0 0.432552 0.069907 0.007812 0.045370
0 0.430729 0.074537 0.008333 0.050926
0 0.418229 0.069907 0.009375 0.043519
0 0.425781 0.081944 0.005729 0.047222
0 0.431250 0.132407 0.017708 0.079630
0 0.425000 0.204167 0.028125 0.163889
0 0.465885 0.204630 0.034896 0.187037
0 0.872396 0.527778 0.067708 0.227778
0 0.606250 0.783796 0.141667 0.428704
0 0.635417 0.835648 0.129167 0.326852
