0 0.394531 0.031019 0.013021 0.054630
0 0.444271 0.048611 0.021875 0.052778
0 0.390104 0.043981 0.017708 0.073148
0 0.526042 0.028704 0.011458 0.057407
0 0.520312 0.038889 0.015625 0.070370
0 0.544010 0.045370 0.013021 0.077778
0 0.549219 0.051852 0.015104 0.088889
0 0.557031 0.078704 0.018229 0.103704
0 0.535677 0.076389 0.017188 0.099074
0 0.498177 0.073148 0.019271 0.122222
0 0.504167 0.078241 0.022917 0.117593
0 0.511719 0.090278 0.026562 0.108333
0 0.515885 0.110648 0.023438 0.113889
0 0.538021 0.164352 0.031250 0.162037
0 0.515885 0.160648 0.033854 0.173148
0 0.422917 0.131481 0.031250 0.090741
0 0.454948 0.159722 0.045312 0.143519
0 0.517188 0.194907 0.041667 0.186111
0 0.483854 0.216204 0.033333 0.186111
0 0.557031 0.194907 0.027604 0.176852
0 0.585156 0.179167 0.031771 0.178704
0 0.588021 0.227778 0.028125 0.209259
0 0.600000 0.251389 0.040625 0.189815
0 0.608594 0.390278 0.063021 0.325000
0 0.461198 0.294444 0.041146 0.242593
0 0.423438 0.397222 0.065625 0.311111
0 0.497135 0.393519 0.073438 0.329630
0 0.450260 0.499074 0.084896 0.379630
0 0.311979 0.046296 0.018750 0.079630
0 0.363021 0.064815 0.018750 0.096296
0 0.337760 0.128241 0.022396 0.100926
0 0.389583 0.156944 0.027083 0.091667
0 0.362500 0.141667 0.037500 0.137037
0 0.328385 0.148611 0.021354 0.091667
0 0.319271 0.159259 0.031250 0.103704
0 0.291146 0.147685 0.027083 0.128704
0 0.268490 0.144444 0.024479 0.114815
0 0.275521 0.165741 0.038542 0.164815
0 0.395573 0.195370 0.036979 0.131481
0 0.446875 0.220370 0.035417 0.151852
0 0.411458 0.237500 0.026042 0.108333
0 0.373177 0.218519 0.036979 0.116667
0 0.336458 0.214352 0.040625 0.115741
0 0.290625 0.208796 0.021875 0.112037
0 0.276823 0.225926 0.027604 0.103704
0 0.259115 0.262963 0.040104 0.133333
0 0.306250 0.251389 0.047917 0.160185
0 0.336198 0.255556 0.045312 0.142593
0 0.393750 0.261111 0.031250 0.112963
0 0.380208 0.300926 0.052083 0.164815
0 0.328385 0.294907 0.047396 0.160185
0 0.260156 0.272685 0.036979 0.150926
0 0.241406 0.275463 0.040104 0.136111
0 0.214844 0.266204 0.024479 0.126852
0 0.197135 0.283333 0.041146 0.148148
0 0.247917 0.130556 0.030208 0.153704
0 0.209375 0.175463 0.027083 0.150926
0 0.171354 0.221759 0.031250 0.195370
0 0.065885 0.269907 0.051562 0.241667
0 0.336458 0.411574 0.050000 0.206481
0 0.318229 0.451389 0.054167 0.217593
0 0.240104 0.419907 0.040625 0.184259
0 0.222135 0.371296 0.043229 0.185185
0 0.104167 0.379630 0.055208 0.209259
0 0.090625 0.418519 0.064583 0.218519
0 0.069010 0.476389 0.059896 0.226852
0 0.270313 0.449074 0.070833 0.383333
0 0.288542 0.537500 0.088542 0.271296
0 0.190885 0.584722 0.071354 0.282407
0 0.102344 0.556944 0.071354 0.289815
0 0.046875 0.549074 0.066667 0.353704
0 0.130729 0.746759 0.079167 0.310185
0 0.058333 0.697685 0.054167 0.176852
0 0.107813 0.830556 0.142708 0.337037
0 0.045833 0.841667 0.057292 0.251852
0 0.587500 0.823611 0.093750 0.345370
0 0.444271 0.797685 0.176042 0.402778
0 0.655469 0.870370 0.146354 0.259259
