0 0.388802 0.253704 0.020313 0.131481
0 0.507031 0.175463 0.011979 0.080556
0 0.499219 0.164815 0.007812 0.068519
0 0.407031 0.168056 0.014063 0.067593
0 0.489844 0.276389 0.017188 0.128704
0 0.480990 0.315741 0.025521 0.151852
0 0.545312 0.342593 0.019792 0.118519
0 0.520833 0.389352 0.031250 0.189815
0 0.441667 0.326852 0.027083 0.185185
0 0.465104 0.370370 0.028125 0.168519
0 0.414062 0.352778 0.032292 0.185185
0 0.534635 0.517130 0.041146 0.258333
0 0.455469 0.544907 0.048438 0.252778
0 0.513542 0.651389 0.063542 0.345370
0 0.579427 0.757407 0.064062 0.392593
0 0.112500 0.198148 0.014583 0.098148
0 0.235417 0.251389 0.028125 0.132407
0 0.484115 0.159259 0.008854 0.066667
0 0.544531 0.301852 0.025521 0.150000
0 0.476302 0.161574 0.008854 0.073148
0 0.440885 0.374074 0.042188 0.205556
0 0.395052 0.431944 0.042188 0.262037
0 0.540365 0.217593 0.013021 0.107407
0 0.500521 0.517130 0.048958 0.302778
0 0.471875 0.287037 0.023958 0.153704
0 0.403906 0.555556 0.057813 0.300000
0 0.532292 0.280556 0.021875 0.135185
0 0.458073 0.688426 0.071354 0.319444
0 0.530729 0.781481 0.082292 0.394444
0 0.483073 0.138889 0.008854 0.061111
0 0.492708 0.370833 0.028125 0.180556
0 0.137500 0.159722 0.016667 0.095370
0 0.563021 0.394444 0.048958 0.218519
0 0.459115 0.844907 0.107813 0.308333
0 0.344792 0.787500 0.127083 0.423148
0 0.229687 0.819907 0.095833 0.354630
0 0.139583 0.857870 0.084375 0.282407
