0 0.547656 0.713889 0.122396 0.553704
0 0.398177 0.666204 0.118229 0.641667
0 0.271615 0.644907 0.116146 0.337963
0 0.569792 0.504167 0.048958 0.406481
0 0.462760 0.432870 0.050521 0.339815
0 0.451562 0.205093 0.038542 0.150926
0 0.354948 0.223611 0.053646 0.119444
0 0.364583 0.190278 0.046875 0.106481
0 0.369010 0.179630 0.033854 0.096296
0 0.376042 0.145833 0.017708 0.117593
0 0.383333 0.156481 0.016667 0.116667
0 0.445312 0.126389 0.016667 0.089815
0 0.441927 0.097222 0.013021 0.066667
0 0.420312 0.115741 0.019792 0.103704
0 0.401562 0.081481 0.010417 0.031481
0 0.398177 0.109259 0.017188 0.046296
0 0.410677 0.064352 0.006771 0.041667
0 0.417708 0.062963 0.005208 0.040741
0 0.185677 0.882870 0.195312 0.232407
