0 0.111198 0.479167 0.021354 0.106481
0 0.062500 0.160185 0.015625 0.070370
0 0.669271 0.279630 0.065625 0.285185
0 0.720833 0.266204 0.046875 0.239815
0 0.758073 0.319444 0.039062 0.142593
0 0.832552 0.607407 0.068229 0.462963
0 0.797656 0.685185 0.065104 0.474074
0 0.721615 0.717593 0.053646 0.279630
0 0.667969 0.620833 0.070312 0.425000
0 0.635938 0.704167 0.065625 0.402778
0 0.558073 0.726389 0.104688 0.512037
0 0.882552 0.724074 0.080729 0.550000
0 0.809635 0.754630 0.105729 0.488889
0 0.462240 0.817130 0.118229 0.363889
