0 0.766667 0.713426 0.086458 0.371296
0 0.927604 0.478241 0.055208 0.362037
0 0.854167 0.474537 0.057292 0.354630
0 0.227865 0.387963 0.019271 0.101852
0 0.702865 0.323611 0.054688 0.312037
0 0.758333 0.233796 0.052083 0.241667
0 0.241146 0.387963 0.017708 0.103704
0 0.668490 0.204630 0.028646 0.138889
0 0.681250 0.144907 0.028125 0.171296
0 0.702604 0.115278 0.031250 0.169444
0 0.397396 0.388889 0.066667 0.350000
0 0.071094 0.133796 0.026562 0.121296
0 0.786458 0.105556 0.023958 0.146296
0 0.669531 0.172222 0.046354 0.198148
0 0.639844 0.545833 0.114062 0.489815
0 0.046354 0.137963 0.026042 0.133333
0 0.636198 0.248611 0.047396 0.247222
0 0.759896 0.452315 0.042708 0.200926
0 0.650781 0.153241 0.028646 0.195370
0 0.812240 0.368056 0.039062 0.312037
0 0.781250 0.165741 0.040625 0.229630
0 0.801042 0.429167 0.064583 0.373148
0 0.732031 0.365278 0.052604 0.321296
0 0.723958 0.158333 0.043750 0.200000
0 0.774219 0.573611 0.081771 0.428704
0 0.367448 0.058796 0.014063 0.075000
0 0.707031 0.454167 0.063021 0.347222
0 0.742969 0.155556 0.030729 0.200000
0 0.848698 0.740278 0.077604 0.517593
0 0.784896 0.811574 0.129167 0.375000
