0 0.365104 0.168056 0.022917 0.056481
0 0.360417 0.252778 0.048958 0.138889
0 0.446615 0.198611 0.021354 0.125000
0 0.550260 0.397685 0.057813 0.219444
0 0.440625 0.626389 0.052083 0.428704
0 0.684375 0.857870 0.125000 0.280556
0 0.429948 0.085185 0.008854 0.053704
0 0.449479 0.089815 0.010417 0.048148
0 0.403385 0.156019 0.022396 0.130556
0 0.499479 0.379630 0.051042 0.227778
0 0.461458 0.116667 0.014583 0.081481
0 0.453646 0.548611 0.060417 0.373148
0 0.368229 0.232407 0.055208 0.135185
0 0.547396 0.560648 0.053125 0.141667
0 0.444792 0.130093 0.014583 0.071296
0 0.473438 0.198611 0.039583 0.099074
0 0.507292 0.718981 0.088542 0.558333
0 0.419792 0.119444 0.014583 0.096296
0 0.585677 0.739352 0.074479 0.513889
