0 0.125521 0.208796 0.019792 0.115741
0 0.238542 0.144907 0.009375 0.063889
0 0.266667 0.126389 0.007292 0.034259
0 0.283073 0.236111 0.025521 0.122222
0 0.430990 0.127778 0.005729 0.035185
0 0.392969 0.181944 0.017188 0.082407
0 0.401562 0.225000 0.027083 0.116667
0 0.420312 0.256944 0.017708 0.141667
0 0.512240 0.112037 0.010937 0.050000
0 0.491667 0.148148 0.008333 0.050000
0 0.475000 0.149074 0.010417 0.057407
0 0.497656 0.131481 0.009896 0.051852
0 0.482292 0.144907 0.010417 0.060185
0 0.503646 0.157407 0.013542 0.051852
0 0.511198 0.162500 0.011979 0.060185
0 0.491406 0.197222 0.017188 0.075926
0 0.541667 0.203704 0.017708 0.096296
0 0.528125 0.229167 0.021875 0.106481
0 0.478646 0.260648 0.026042 0.126852
0 0.526563 0.283796 0.017708 0.099074
0 0.458854 0.321296 0.039583 0.190741
0 0.491927 0.354630 0.035937 0.188889
0 0.508854 0.376389 0.036458 0.182407
0 0.553646 0.331944 0.038542 0.173148
0 0.420052 0.447222 0.053646 0.242593
0 0.426042 0.531019 0.048958 0.241667
0 0.467187 0.448148 0.039583 0.211111
0 0.558333 0.474537 0.041667 0.263889
0 0.542708 0.610185 0.058333 0.311111
0 0.390365 0.615278 0.050521 0.337963
0 0.418229 0.624537 0.053125 0.360185
0 0.455990 0.648148 0.055729 0.366667
0 0.496354 0.638889 0.054167 0.353704
0 0.544271 0.745370 0.089583 0.431481
0 0.605469 0.871296 0.064062 0.225926
0 0.713542 0.731944 0.058333 0.360185
0 0.662760 0.861111 0.077604 0.275926
0 0.356510 0.866667 0.116146 0.257407
