0 0.609635 0.726852 0.121354 0.362963
0 0.572135 0.630093 0.132812 0.273148
0 0.588021 0.484722 0.047917 0.350926
0 0.500260 0.514352 0.065104 0.373148
0 0.534896 0.443981 0.048958 0.315741
0 0.402865 0.352315 0.032813 0.221296
0 0.375000 0.402778 0.078125 0.342593
0 0.499740 0.287037 0.040104 0.183333
0 0.458594 0.270370 0.046354 0.198148
0 0.414844 0.271296 0.040104 0.211111
0 0.477344 0.153241 0.020313 0.119444
0 0.450521 0.158796 0.021875 0.119444
0 0.357552 0.250000 0.047396 0.129630
0 0.385677 0.137037 0.033854 0.072222
0 0.377083 0.162500 0.019792 0.125000
0 0.422396 0.064352 0.008333 0.047222
0 0.430729 0.074074 0.010417 0.050000
0 0.417187 0.088889 0.012500 0.059259
0 0.435677 0.093519 0.014063 0.064815
0 0.360677 0.196759 0.030729 0.078704
0 0.347396 0.178704 0.025000 0.112963
0 0.602604 0.856019 0.168750 0.276852
