0 0.666406 0.079630 0.028646 0.142593
0 0.737760 0.078704 0.034896 0.148148
0 0.719271 0.089815 0.028125 0.140741
0 0.669531 0.141667 0.033854 0.194444
0 0.694792 0.095370 0.032292 0.172222
0 0.706771 0.167593 0.054167 0.183333
0 0.663542 0.193981 0.040625 0.219444
0 0.628385 0.197685 0.045312 0.225000
0 0.632292 0.291204 0.037500 0.297222
0 0.723958 0.247222 0.041667 0.231481
0 0.738281 0.141667 0.036979 0.187037
0 0.752344 0.187500 0.046354 0.243519
0 0.779687 0.152778 0.040625 0.192593
0 0.815625 0.210648 0.034375 0.182407
0 0.805469 0.300926 0.058854 0.287037
0 0.761458 0.323148 0.042708 0.244444
0 0.720573 0.343519 0.061979 0.340741
0 0.711458 0.302315 0.053125 0.265741
0 0.657552 0.350463 0.074479 0.343519
0 0.053906 0.140741 0.038021 0.170370
