0 0.927083 0.493519 0.063542 0.340741
0 0.758333 0.101852 0.027083 0.144444
0 0.745313 0.091667 0.047917 0.172222
0 0.708854 0.107407 0.038542 0.183333
0 0.649479 0.133796 0.025000 0.189815
0 0.668490 0.151852 0.043229 0.224074
0 0.755469 0.272222 0.054688 0.242593
0 0.726823 0.335185 0.078646 0.329630
0 0.678906 0.304630 0.052604 0.211111
0 0.772396 0.425000 0.036458 0.203704
0 0.719271 0.474074 0.081250 0.407407
0 0.358333 0.556481 0.091667 0.403704
0 0.786719 0.765741 0.121354 0.466667
0 0.662760 0.769444 0.116146 0.459259
0 0.361719 0.052778 0.033854 0.103704
