0 0.398698 0.162037 0.013021 0.081481
0 0.390104 0.246296 0.015625 0.103704
0 0.389323 0.188426 0.014063 0.060185
0 0.425000 0.140278 0.008333 0.063889
0 0.490625 0.193519 0.018750 0.101852
0 0.543490 0.309722 0.029687 0.147222
0 0.452865 0.329630 0.028646 0.157407
0 0.505469 0.522222 0.059896 0.298148
0 0.546094 0.608333 0.042188 0.172222
0 0.412760 0.706944 0.077604 0.417593
0 0.186198 0.216667 0.020313 0.131481
0 0.156510 0.161111 0.015104 0.094444
0 0.401562 0.181019 0.021875 0.091667
0 0.419792 0.218981 0.020833 0.125000
0 0.536458 0.548148 0.032292 0.159259
0 0.512760 0.207407 0.019271 0.090741
0 0.425781 0.592593 0.056771 0.335185
0 0.476562 0.128704 0.006250 0.048148
0 0.476302 0.262963 0.029687 0.140741
0 0.496875 0.151852 0.018750 0.066667
0 0.506510 0.323148 0.036979 0.174074
0 0.504687 0.196296 0.015625 0.087037
0 0.185417 0.232870 0.026042 0.097222
0 0.458854 0.410185 0.040625 0.214815
0 0.182292 0.914352 0.084375 0.169444
0 0.390625 0.846759 0.125000 0.304630
0 0.554948 0.818056 0.118229 0.360185
0 0.497656 0.881019 0.109896 0.236111
