0 0.427865 0.079167 0.006771 0.039815
0 0.435677 0.075000 0.011979 0.053704
0 0.362500 0.195833 0.030208 0.141667
0 0.352604 0.266204 0.046875 0.132407
0 0.392188 0.178704 0.019792 0.157407
0 0.477344 0.229630 0.038021 0.133333
0 0.433333 0.244444 0.032292 0.190741
0 0.452344 0.354630 0.033854 0.257407
0 0.562240 0.578704 0.071354 0.259259
0 0.582812 0.661574 0.138542 0.273148
0 0.301563 0.480093 0.101042 0.280556
0 0.261979 0.584722 0.147917 0.350926
0 0.389062 0.546296 0.088542 0.488889
0 0.461198 0.594444 0.064062 0.400000
0 0.592969 0.413889 0.039062 0.242593
0 0.643490 0.863426 0.108854 0.263889
0 0.634635 0.831944 0.111979 0.291667
0 0.604167 0.783333 0.132292 0.374074
