0 0.604948 0.783333 0.194271 0.401852
0 0.322656 0.599074 0.109896 0.542593
0 0.242708 0.720370 0.126042 0.537037
0 0.292969 0.450926 0.110937 0.229630
0 0.573958 0.624537 0.138542 0.269444
0 0.545312 0.587037 0.095833 0.298148
0 0.588542 0.518519 0.058333 0.301852
0 0.514583 0.437963 0.092708 0.379630
0 0.365104 0.331019 0.053125 0.267593
0 0.426302 0.315278 0.058854 0.265741
0 0.437760 0.220833 0.028646 0.147222
0 0.426563 0.235185 0.037500 0.168519
0 0.401562 0.241204 0.023958 0.150926
0 0.354167 0.216667 0.043750 0.103704
0 0.363021 0.192593 0.036458 0.111111
0 0.387240 0.146759 0.023438 0.080556
0 0.374740 0.156481 0.024479 0.114815
0 0.405990 0.170833 0.025521 0.139815
0 0.401823 0.079630 0.010937 0.033333
0 0.429167 0.071759 0.010417 0.043519
0 0.435937 0.066667 0.010417 0.031481
0 0.951302 0.578704 0.067187 0.322222
0 0.451823 0.780093 0.159896 0.437963
0 0.353646 0.747685 0.095833 0.439815
0 0.168750 0.839352 0.183333 0.319444
