0 0.713021 0.063426 0.017708 0.117593
0 0.696094 0.068981 0.018229 0.121296
0 0.681510 0.055093 0.019271 0.099074
0 0.357552 0.694444 0.113021 0.507407
0 0.053646 0.128241 0.015625 0.100926
0 0.699740 0.115741 0.032813 0.172222
0 0.774219 0.102778 0.041146 0.164815
0 0.744792 0.276389 0.047917 0.273148
0 0.738542 0.156944 0.034375 0.212037
0 0.650260 0.206019 0.038021 0.265741
0 0.636979 0.264815 0.043750 0.268519
0 0.762240 0.232407 0.045312 0.261111
0 0.085417 0.586574 0.040625 0.176852
0 0.735417 0.057870 0.020833 0.112037
0 0.042188 0.128704 0.022917 0.138889
0 0.692448 0.216667 0.039062 0.224074
0 0.676042 0.267593 0.039583 0.272222
0 0.244792 0.384722 0.010417 0.075000
0 0.236198 0.369907 0.010937 0.076852
0 0.227344 0.393519 0.016146 0.098148
0 0.119271 0.586111 0.031250 0.185185
0 0.469531 0.836574 0.108854 0.325000
0 0.559896 0.763426 0.098958 0.471296
0 0.629687 0.745370 0.102083 0.507407
0 0.789323 0.763426 0.106771 0.471296
0 0.871615 0.774537 0.108854 0.449074
