0 0.429688 0.077315 0.007292 0.037963
0 0.400521 0.094907 0.010417 0.065741
0 0.413021 0.078704 0.009375 0.061111
0 0.422917 0.082407 0.010417 0.059259
0 0.452604 0.084722 0.010417 0.052778
0 0.437760 0.083333 0.008854 0.051852
0 0.447656 0.119444 0.016146 0.087037
0 0.455729 0.139815 0.011458 0.083333
0 0.460156 0.143056 0.014063 0.100926
0 0.472917 0.158333 0.022917 0.112963
0 0.463021 0.187037 0.031250 0.090741
0 0.479167 0.202315 0.040625 0.102778
0 0.472917 0.199537 0.032292 0.145370
0 0.433594 0.153241 0.019271 0.108333
0 0.414323 0.146296 0.022396 0.118519
0 0.387760 0.159722 0.016146 0.110185
0 0.390625 0.143519 0.013542 0.038889
0 0.373437 0.169907 0.017708 0.130556
0 0.357031 0.200000 0.022396 0.164815
0 0.582292 0.764352 0.214583 0.349074
0 0.577083 0.640741 0.153125 0.316667
0 0.546094 0.547222 0.143229 0.283333
0 0.533594 0.453241 0.056771 0.297222
0 0.367969 0.285185 0.047396 0.222222
0 0.436198 0.253704 0.032813 0.175926
0 0.402344 0.252778 0.032813 0.177778
0 0.429427 0.367130 0.056771 0.258333
0 0.408073 0.373611 0.058854 0.287963
0 0.321615 0.425000 0.100521 0.224074
0 0.299740 0.468519 0.097396 0.259259
0 0.299740 0.532870 0.136979 0.286111
0 0.227604 0.697222 0.135417 0.374074
0 0.195573 0.815741 0.161979 0.366667
0 0.594010 0.816667 0.153646 0.364815
