0 0.637760 0.906481 0.159896 0.181481
0 0.661458 0.883796 0.201042 0.228704
0 0.589063 0.759722 0.201042 0.367593
0 0.298958 0.489352 0.121875 0.282407
0 0.306771 0.463889 0.104167 0.261111
0 0.538281 0.540278 0.150521 0.269444
0 0.480729 0.442593 0.044792 0.222222
0 0.465104 0.371296 0.044792 0.314815
0 0.430208 0.404167 0.063542 0.382407
0 0.353906 0.383796 0.056771 0.308333
0 0.360677 0.225000 0.050521 0.118519
0 0.372135 0.176389 0.019271 0.137963
0 0.386198 0.185185 0.026562 0.172222
0 0.396875 0.187037 0.020833 0.162963
0 0.404427 0.187963 0.024479 0.148148
0 0.446875 0.118519 0.009375 0.087037
0 0.438542 0.122685 0.020833 0.089815
0 0.401562 0.073148 0.016667 0.044444
0 0.457552 0.111111 0.010937 0.096296
0 0.419271 0.102315 0.017708 0.076852
0 0.432812 0.070370 0.011458 0.059259
0 0.225521 0.662500 0.140625 0.293519
0 0.167969 0.818056 0.113021 0.352778
0 0.217708 0.878704 0.058333 0.238889
0 0.308073 0.754630 0.149479 0.488889
0 0.365625 0.851389 0.059375 0.293519
