0 0.491406 0.645370 0.086979 0.400000
0 0.573698 0.688889 0.066146 0.396296
0 0.544792 0.400926 0.037500 0.216667
0 0.481771 0.263889 0.022917 0.133333
0 0.510677 0.244907 0.026562 0.106481
0 0.502865 0.160648 0.011979 0.069444
0 0.493750 0.144444 0.013542 0.062963
0 0.414844 0.171296 0.026562 0.096296
0 0.484375 0.187037 0.018750 0.079630
0 0.441667 0.354630 0.045833 0.157407
0 0.513802 0.405093 0.049479 0.225000
0 0.482812 0.456019 0.035417 0.186111
0 0.420833 0.175000 0.013542 0.085185
0 0.401823 0.154167 0.010937 0.071296
0 0.445312 0.461111 0.047917 0.257407
0 0.534896 0.172222 0.017708 0.072222
0 0.145313 0.145370 0.019792 0.087037
0 0.428385 0.409722 0.032813 0.180556
