0 0.407813 0.155093 0.010417 0.075000
0 0.399219 0.154630 0.010937 0.072222
0 0.390625 0.193981 0.014583 0.078704
0 0.522917 0.177778 0.010417 0.064815
0 0.508594 0.193981 0.016146 0.076852
0 0.544792 0.300463 0.023958 0.125000
0 0.433333 0.327778 0.029167 0.159259
0 0.477083 0.321759 0.037500 0.162037
0 0.494531 0.339352 0.035937 0.187963
0 0.519531 0.323611 0.025521 0.145370
0 0.540885 0.403241 0.035937 0.236111
0 0.561198 0.455093 0.046354 0.254630
0 0.520833 0.464352 0.052083 0.245370
0 0.474740 0.483796 0.041146 0.265741
0 0.520312 0.583333 0.055208 0.305556
0 0.415885 0.811574 0.105729 0.371296
0 0.337500 0.746296 0.087500 0.300000
0 0.154948 0.883796 0.120313 0.230556
