0 0.446354 0.077315 0.010417 0.050926
0 0.433854 0.084259 0.011458 0.061111
0 0.425260 0.080556 0.009896 0.051852
0 0.397917 0.082870 0.011458 0.062037
0 0.393750 0.127315 0.012500 0.067593
0 0.399219 0.169444 0.018229 0.114815
0 0.461979 0.191204 0.044792 0.087963
0 0.441667 0.195370 0.022917 0.096296
0 0.429427 0.187037 0.016146 0.090741
0 0.344531 0.176852 0.016146 0.111111
0 0.382552 0.196759 0.023438 0.141667
0 0.354948 0.210185 0.027604 0.148148
0 0.873177 0.526389 0.063021 0.226852
0 0.536458 0.423611 0.073958 0.226852
0 0.345313 0.425463 0.100000 0.323148
0 0.207552 0.815278 0.198437 0.293519
0 0.175260 0.846759 0.188021 0.304630
