0 0.459375 0.190741 0.050000 0.085185
0 0.456771 0.204630 0.027083 0.125926
0 0.431250 0.134722 0.018750 0.104630
0 0.453385 0.094444 0.011979 0.068519
0 0.442188 0.064352 0.010417 0.034259
0 0.432292 0.082407 0.012500 0.051852
0 0.419271 0.086111 0.008333 0.050000
0 0.400000 0.085185 0.007292 0.033333
0 0.434635 0.156019 0.019271 0.099074
0 0.404948 0.147222 0.015104 0.111111
0 0.383073 0.178704 0.019271 0.144444
0 0.348958 0.175463 0.020833 0.104630
0 0.361719 0.203241 0.025521 0.145370
0 0.372396 0.205093 0.021875 0.175000
0 0.459375 0.308796 0.037500 0.215741
0 0.418490 0.340278 0.041146 0.123148
0 0.875260 0.526389 0.061979 0.225000
0 0.531771 0.881019 0.173958 0.236111
0 0.621354 0.882407 0.135417 0.231481
