0 0.471615 0.189352 0.040104 0.084259
0 0.459375 0.185185 0.029167 0.142593
0 0.425260 0.070370 0.008854 0.046296
0 0.412240 0.074074 0.009896 0.050000
0 0.439844 0.081481 0.010937 0.057407
0 0.422396 0.081944 0.011458 0.060185
0 0.405729 0.092130 0.015625 0.076852
0 0.380729 0.149537 0.035417 0.073148
0 0.352865 0.215741 0.033854 0.109259
0 0.366406 0.218519 0.034896 0.159259
0 0.344792 0.326389 0.055208 0.239815
0 0.351302 0.426389 0.073438 0.237963
0 0.433073 0.406019 0.057813 0.326852
0 0.520833 0.431481 0.072917 0.196296
0 0.475521 0.439815 0.053125 0.296296
0 0.235417 0.723148 0.101042 0.550000
0 0.660677 0.825463 0.167187 0.347222
0 0.475000 0.756481 0.143750 0.485185
0 0.371615 0.823611 0.067187 0.350926
