0 0.360938 0.252315 0.064583 0.139815
0 0.367448 0.296296 0.048438 0.124074
0 0.361198 0.173148 0.020313 0.140741
0 0.351042 0.182407 0.019792 0.138889
0 0.386198 0.152778 0.021354 0.138889
0 0.398438 0.162963 0.020833 0.116667
0 0.408073 0.108333 0.015104 0.088889
0 0.469271 0.190741 0.045833 0.088889
0 0.458854 0.107870 0.014583 0.084259
0 0.446094 0.119444 0.017188 0.088889
0 0.467708 0.192593 0.025000 0.120370
0 0.446875 0.193056 0.021875 0.147222
0 0.225521 0.744444 0.176042 0.407407
0 0.290104 0.601852 0.136458 0.311111
0 0.542969 0.491204 0.074479 0.413889
0 0.566667 0.633796 0.183333 0.291667
0 0.576823 0.719907 0.189062 0.362037
0 0.607292 0.800926 0.132292 0.375926
0 0.418490 0.867593 0.120313 0.262963
