0 0.230469 0.737500 0.159896 0.425000
0 0.595833 0.733333 0.087500 0.529630
0 0.577604 0.699537 0.187500 0.349074
0 0.601042 0.517593 0.059375 0.337037
0 0.289583 0.482870 0.097917 0.295370
0 0.508854 0.467593 0.096875 0.457407
0 0.375781 0.281481 0.046354 0.127778
0 0.354167 0.259259 0.039583 0.212963
0 0.359115 0.228241 0.051562 0.113889
0 0.363021 0.185648 0.041667 0.091667
0 0.486198 0.205556 0.038021 0.153704
0 0.472135 0.188889 0.045312 0.092593
0 0.465104 0.186574 0.034375 0.100926
0 0.363802 0.180556 0.045312 0.098148
0 0.422396 0.146759 0.014583 0.115741
0 0.425260 0.158333 0.021354 0.116667
0 0.413021 0.162500 0.011458 0.084259
0 0.402083 0.155556 0.026042 0.129630
0 0.375260 0.126389 0.020313 0.056481
0 0.386458 0.133333 0.013542 0.103704
0 0.467708 0.134259 0.012500 0.066667
0 0.464062 0.123611 0.016667 0.084259
0 0.455208 0.117593 0.016667 0.088889
0 0.446094 0.119907 0.015104 0.093519
0 0.396875 0.100000 0.016667 0.044444
0 0.404427 0.077778 0.014063 0.044444
0 0.430469 0.078704 0.010937 0.051852
0 0.448437 0.065741 0.007292 0.048148
0 0.423438 0.076389 0.007292 0.052778
0 0.432812 0.066667 0.010417 0.053704
0 0.695312 0.875000 0.137500 0.246296
0 0.669531 0.862963 0.111979 0.272222
0 0.222656 0.763426 0.147396 0.471296
0 0.057031 0.831481 0.110937 0.335185
