0 0.565104 0.076389 0.016667 0.095370
0 0.551042 0.078704 0.017708 0.105556
0 0.541146 0.080093 0.018750 0.108333
0 0.500781 0.081944 0.019271 0.099074
0 0.516146 0.106944 0.027083 0.125000
0 0.452604 0.144444 0.032292 0.109259
0 0.482552 0.219907 0.033854 0.206481
0 0.280469 0.100000 0.022396 0.118519
0 0.310937 0.150000 0.022917 0.079630
0 0.284635 0.172685 0.035937 0.099074
0 0.367448 0.153241 0.030729 0.093519
0 0.416667 0.145833 0.022917 0.067593
0 0.433333 0.177315 0.023958 0.095370
0 0.422396 0.232870 0.038542 0.167593
0 0.392969 0.188889 0.033854 0.096296
0 0.374219 0.207870 0.030729 0.100926
0 0.286719 0.210185 0.031771 0.122222
0 0.253906 0.206019 0.023438 0.117593
0 0.394010 0.286111 0.039062 0.166667
0 0.377865 0.303704 0.040104 0.159259
0 0.474479 0.287963 0.029167 0.177778
0 0.497917 0.269444 0.032292 0.216667
0 0.581771 0.211574 0.029167 0.204630
0 0.559896 0.222685 0.033333 0.215741
0 0.593750 0.250926 0.029167 0.192593
0 0.529167 0.264815 0.037500 0.203704
0 0.514844 0.297685 0.046354 0.269444
0 0.563281 0.303704 0.042188 0.253704
0 0.613021 0.318519 0.059375 0.225926
0 0.610417 0.333796 0.050000 0.256481
0 0.311198 0.300000 0.040104 0.200000
0 0.215365 0.207407 0.041146 0.162963
0 0.198177 0.203241 0.030729 0.199074
0 0.220052 0.243981 0.041146 0.130556
0 0.241406 0.273611 0.044271 0.162037
0 0.220052 0.335648 0.049479 0.147222
0 0.066146 0.407870 0.050000 0.158333
0 0.074219 0.284259 0.047396 0.212963
0 0.334896 0.447685 0.077083 0.250926
0 0.317969 0.531019 0.064062 0.386111
0 0.248438 0.417593 0.064583 0.198148
0 0.144010 0.420370 0.066146 0.188889
0 0.216406 0.497685 0.063021 0.219444
0 0.263021 0.570833 0.076042 0.278704
0 0.178385 0.571296 0.076563 0.261111
0 0.083594 0.478704 0.070312 0.233333
0 0.094271 0.480093 0.053125 0.128704
0 0.101823 0.570370 0.072396 0.240741
0 0.112500 0.766667 0.091667 0.311111
0 0.086979 0.853241 0.132292 0.289815
0 0.424740 0.042593 0.013021 0.044444
0 0.419010 0.068981 0.017188 0.052778
0 0.417708 0.088889 0.019792 0.061111
0 0.442448 0.036111 0.017188 0.066667
0 0.177604 0.830093 0.097917 0.336111
0 0.382031 0.835648 0.122396 0.326852
