0 0.412760 0.162500 0.016146 0.076852
0 0.421615 0.181019 0.016146 0.093519
0 0.410156 0.212037 0.015104 0.105556
0 0.399219 0.210185 0.014063 0.101852
0 0.513021 0.163889 0.009375 0.075926
0 0.494792 0.170833 0.012500 0.076852
0 0.518490 0.288426 0.023438 0.136111
0 0.538021 0.293056 0.022917 0.143519
0 0.526042 0.312963 0.030208 0.170370
0 0.477604 0.317593 0.012500 0.092593
0 0.491927 0.294907 0.019271 0.163889
0 0.493229 0.338889 0.037500 0.172222
0 0.447135 0.328704 0.032813 0.166667
0 0.469271 0.386111 0.029167 0.153704
0 0.536979 0.349537 0.023958 0.145370
0 0.548177 0.416204 0.042188 0.197222
0 0.488021 0.437037 0.037500 0.227778
0 0.458333 0.458796 0.032292 0.152778
0 0.433333 0.575000 0.066667 0.324074
0 0.432812 0.660185 0.077083 0.383333
0 0.679427 0.719444 0.060937 0.355556
0 0.576302 0.720370 0.063021 0.390741
0 0.533854 0.772685 0.085417 0.413889
0 0.590365 0.827315 0.063021 0.299074
0 0.446094 0.865741 0.104688 0.266667
0 0.311979 0.801852 0.086458 0.394444
