0 0.601042 0.800463 0.187500 0.347222
0 0.591667 0.669444 0.157292 0.277778
0 0.587760 0.524537 0.060937 0.349074
0 0.564323 0.544907 0.086979 0.165741
0 0.477083 0.723611 0.061458 0.423148
0 0.473438 0.582870 0.081250 0.369444
0 0.552604 0.388426 0.051042 0.267593
0 0.523438 0.387037 0.043750 0.220370
0 0.499479 0.341667 0.045833 0.237037
0 0.485156 0.287500 0.044271 0.191667
0 0.494531 0.213889 0.033854 0.131481
0 0.467969 0.218981 0.023438 0.099074
0 0.310677 0.795833 0.075521 0.347222
0 0.371615 0.592130 0.082812 0.436111
0 0.237240 0.603241 0.136979 0.260185
0 0.229687 0.497685 0.045833 0.325000
0 0.263802 0.456481 0.053646 0.355556
0 0.288802 0.405093 0.055729 0.169444
0 0.317708 0.433796 0.048958 0.215741
0 0.365625 0.439815 0.073958 0.314815
0 0.388802 0.370370 0.045312 0.222222
0 0.363021 0.226389 0.055208 0.086111
0 0.350000 0.180093 0.021875 0.100926
0 0.366667 0.195370 0.019792 0.127778
0 0.380208 0.183796 0.015625 0.132407
0 0.433073 0.336574 0.054688 0.284259
0 0.403125 0.242130 0.026042 0.169444
0 0.388281 0.136111 0.013021 0.100000
0 0.396615 0.128241 0.008854 0.076852
0 0.377604 0.125926 0.011458 0.085185
0 0.405208 0.131019 0.014583 0.071296
0 0.434375 0.149074 0.019792 0.094444
0 0.439323 0.120370 0.015104 0.092593
0 0.424219 0.112037 0.013021 0.074074
0 0.410938 0.107407 0.010417 0.066667
0 0.400781 0.069907 0.006771 0.039815
0 0.456510 0.123611 0.014063 0.089815
0 0.431771 0.071759 0.006250 0.041667
0 0.424740 0.070833 0.008854 0.039815
0 0.448958 0.080093 0.008333 0.047222
0 0.413802 0.058796 0.006771 0.037963
0 0.640365 0.882407 0.111979 0.233333
0 0.579427 0.773611 0.104688 0.450926
0 0.419531 0.776389 0.160938 0.445370
0 0.221875 0.827315 0.133333 0.341667
0 0.103646 0.853241 0.102083 0.291667
