0 0.111719 0.175926 0.019271 0.103704
0 0.130729 0.171296 0.020833 0.103704
0 0.145313 0.172685 0.016667 0.100926
0 0.130729 0.218519 0.016667 0.103704
0 0.142187 0.221759 0.026042 0.126852
0 0.173958 0.218981 0.033333 0.132407
0 0.419010 0.147685 0.018229 0.084259
0 0.425260 0.169907 0.014063 0.086111
0 0.409635 0.175463 0.018229 0.078704
0 0.399479 0.181481 0.012500 0.070370
0 0.413542 0.206481 0.026042 0.109259
0 0.477604 0.133333 0.011458 0.055556
0 0.500521 0.120833 0.010417 0.043519
0 0.495833 0.119444 0.007292 0.038889
0 0.490885 0.120833 0.010937 0.045370
0 0.488542 0.138426 0.008333 0.056481
0 0.477083 0.139815 0.008333 0.051852
0 0.482812 0.146296 0.010417 0.064815
0 0.511458 0.168056 0.014583 0.067593
0 0.532031 0.171759 0.014063 0.067593
0 0.475000 0.207870 0.018750 0.108333
0 0.522917 0.243519 0.022917 0.107407
0 0.503906 0.272685 0.032813 0.132407
0 0.485677 0.285185 0.022396 0.105556
0 0.525000 0.374537 0.036458 0.223148
0 0.555729 0.377778 0.031250 0.196296
0 0.498177 0.378704 0.031771 0.196296
0 0.457552 0.391667 0.031771 0.205556
0 0.394792 0.400463 0.038542 0.245370
0 0.451823 0.407407 0.058854 0.242593
0 0.473958 0.442130 0.034375 0.186111
0 0.504427 0.406019 0.048438 0.225000
0 0.547656 0.403241 0.054688 0.234259
0 0.400521 0.495833 0.050000 0.247222
0 0.421354 0.551852 0.081250 0.337037
0 0.535417 0.709259 0.076042 0.227778
0 0.683333 0.722685 0.061458 0.360185
0 0.534115 0.805556 0.071354 0.379630
