0 0.402865 0.087500 0.015104 0.039815
0 0.419271 0.073611 0.008333 0.045370
0 0.425000 0.068056 0.007292 0.037963
0 0.434635 0.065741 0.008854 0.046296
0 0.409635 0.071296 0.014063 0.025926
0 0.350260 0.165741 0.019271 0.092593
0 0.435677 0.173148 0.022396 0.101852
0 0.468490 0.203241 0.039062 0.087963
0 0.338021 0.249537 0.028125 0.178704
0 0.557292 0.458333 0.066667 0.337037
0 0.571615 0.627315 0.151562 0.286111
0 0.461719 0.131019 0.021354 0.056481
0 0.365885 0.218519 0.044271 0.101852
0 0.365625 0.253241 0.056250 0.137963
0 0.530729 0.475463 0.058333 0.349074
0 0.392969 0.120833 0.014063 0.080556
0 0.527865 0.512963 0.070312 0.375926
0 0.583073 0.737500 0.193229 0.339815
0 0.386458 0.154630 0.018750 0.118519
0 0.340885 0.485185 0.067187 0.366667
0 0.422656 0.163889 0.026562 0.138889
0 0.311198 0.849537 0.151562 0.299074
0 0.441667 0.801852 0.087500 0.385185
0 0.634896 0.736574 0.130208 0.508333
0 0.668229 0.856481 0.141667 0.285185
