0 0.617969 0.796296 0.151562 0.374074
0 0.571875 0.714352 0.181250 0.343519
0 0.225521 0.742593 0.172917 0.403704
0 0.271615 0.575926 0.121354 0.320370
0 0.583594 0.505093 0.038021 0.278704
0 0.546875 0.446296 0.088542 0.312963
0 0.474219 0.243056 0.057813 0.123148
0 0.413542 0.290278 0.035417 0.212037
0 0.365885 0.282870 0.046354 0.147222
0 0.360417 0.259259 0.066667 0.122222
0 0.376302 0.243056 0.048438 0.108333
0 0.354948 0.236111 0.055729 0.109259
0 0.369271 0.232407 0.039583 0.098148
0 0.443229 0.170833 0.034375 0.162037
0 0.466667 0.193056 0.021875 0.113889
0 0.446354 0.121759 0.013542 0.095370
0 0.436458 0.123611 0.013542 0.091667
0 0.353385 0.179167 0.022396 0.136111
0 0.367448 0.188426 0.043229 0.076852
0 0.372917 0.166204 0.025000 0.078704
0 0.384635 0.130556 0.011979 0.090741
0 0.390365 0.136111 0.032813 0.066667
0 0.395573 0.121296 0.035937 0.057407
0 0.392969 0.102315 0.024479 0.039815
0 0.395833 0.094444 0.021875 0.038889
0 0.401302 0.083333 0.015104 0.038889
0 0.402344 0.078241 0.013021 0.032407
0 0.414323 0.066667 0.008854 0.044444
0 0.419010 0.062963 0.007812 0.046296
0 0.426042 0.064352 0.007292 0.043519
0 0.440885 0.070833 0.006771 0.028704
0 0.436979 0.062963 0.006250 0.040741
