0 0.622135 0.760185 0.151562 0.475926
0 0.614323 0.769444 0.179688 0.368519
0 0.573438 0.634722 0.137500 0.299074
0 0.190365 0.669444 0.104688 0.531481
0 0.262760 0.628241 0.119271 0.347222
0 0.273438 0.544907 0.131250 0.297222
0 0.549479 0.584722 0.098958 0.289815
0 0.303906 0.470370 0.091146 0.246296
0 0.301563 0.437963 0.091667 0.231481
0 0.449740 0.351852 0.061979 0.283333
0 0.498437 0.274074 0.036458 0.196296
0 0.491927 0.201389 0.027604 0.137963
0 0.364063 0.277315 0.084375 0.156481
0 0.350000 0.211574 0.037500 0.112037
0 0.372396 0.174537 0.043750 0.100926
0 0.380729 0.149537 0.030208 0.078704
0 0.386719 0.142593 0.025521 0.079630
0 0.440365 0.143981 0.018229 0.097222
0 0.391146 0.117130 0.019792 0.078704
0 0.396354 0.105556 0.016667 0.038889
0 0.438021 0.084259 0.012500 0.070370
0 0.439583 0.097685 0.015625 0.078704
0 0.423958 0.100463 0.015625 0.084259
0 0.401823 0.082407 0.013021 0.035185
0 0.412240 0.073611 0.011979 0.049074
0 0.424219 0.068056 0.010937 0.056481
0 0.437500 0.065278 0.009375 0.050926
0 0.433594 0.068056 0.007812 0.047222
0 0.448698 0.066204 0.008854 0.050926
0 0.236458 0.756019 0.130208 0.486111
