0 0.425260 0.082407 0.013021 0.074074
0 0.412760 0.130556 0.011979 0.075926
0 0.449479 0.078241 0.010417 0.060185
0 0.369010 0.156481 0.016146 0.105556
0 0.348958 0.151852 0.013542 0.077778
0 0.359375 0.145370 0.014583 0.087037
0 0.441146 0.121296 0.017708 0.096296
0 0.409896 0.218056 0.020833 0.121296
0 0.389062 0.200926 0.020833 0.153704
0 0.365104 0.259259 0.070833 0.148148
0 0.356771 0.283796 0.042708 0.204630
0 0.439844 0.220833 0.035937 0.175000
0 0.471615 0.163426 0.021354 0.100926
0 0.473438 0.198148 0.028125 0.137037
0 0.492969 0.218981 0.017188 0.106481
0 0.471354 0.250000 0.029167 0.129630
0 0.446615 0.325463 0.033854 0.139815
0 0.575260 0.647222 0.149479 0.311111
0 0.577604 0.714352 0.184375 0.347222
0 0.617448 0.798148 0.154688 0.374074
0 0.286979 0.589815 0.130208 0.311111
0 0.226042 0.743056 0.170833 0.419444
