0 0.407552 0.540278 0.057813 0.436111
0 0.326302 0.582870 0.101562 0.458333
0 0.360677 0.519907 0.065104 0.400926
0 0.400260 0.423148 0.074479 0.414815
0 0.704167 0.593519 0.097917 0.553704
0 0.638542 0.371296 0.073958 0.366667
0 0.634896 0.336111 0.044792 0.324074
0 0.700260 0.379167 0.061979 0.336111
0 0.713021 0.333796 0.057292 0.337963
0 0.794531 0.402778 0.048438 0.329630
0 0.771875 0.376389 0.040625 0.356481
0 0.752865 0.177778 0.030729 0.188889
0 0.786979 0.161111 0.041667 0.203704
0 0.773438 0.205093 0.034375 0.204630
0 0.697396 0.124537 0.031250 0.182407
0 0.722135 0.122222 0.036979 0.196296
0 0.783073 0.772685 0.191146 0.441667
0 0.713802 0.763426 0.117188 0.434259
0 0.597656 0.764352 0.118229 0.469444
0 0.755208 0.436111 0.059375 0.387037
