0 0.367969 0.249537 0.053646 0.137963
0 0.364063 0.257407 0.066667 0.148148
0 0.358854 0.173148 0.019792 0.140741
0 0.364844 0.183333 0.019271 0.140741
0 0.390625 0.142593 0.020833 0.109259
0 0.394531 0.160648 0.021354 0.119444
0 0.412500 0.120833 0.015625 0.078704
0 0.401302 0.083333 0.009896 0.050000
0 0.431250 0.129630 0.013542 0.085185
0 0.420312 0.065278 0.011458 0.050926
0 0.443490 0.069907 0.009896 0.045370
0 0.427865 0.092130 0.013021 0.067593
0 0.419271 0.146759 0.020833 0.113889
0 0.440104 0.119444 0.012500 0.090741
0 0.435156 0.161574 0.023438 0.125000
0 0.405469 0.178241 0.020313 0.093519
0 0.425781 0.203241 0.020313 0.100926
0 0.459115 0.114815 0.021354 0.092593
0 0.460156 0.204167 0.043229 0.178704
0 0.449740 0.191204 0.021354 0.143519
0 0.484635 0.228241 0.042188 0.171296
0 0.488542 0.212963 0.043750 0.170370
0 0.564583 0.638426 0.175000 0.293519
0 0.575000 0.709722 0.175000 0.349074
0 0.616406 0.795370 0.154688 0.383333
0 0.305469 0.408796 0.067187 0.286111
0 0.289062 0.595370 0.136458 0.311111
0 0.226562 0.745370 0.173958 0.409259
0 0.645573 0.800463 0.108854 0.397222
