0 0.381250 0.537963 0.042708 0.183333
0 0.390365 0.163889 0.011979 0.075926
0 0.408594 0.167130 0.017188 0.071296
0 0.517969 0.249537 0.033854 0.128704
0 0.473438 0.287963 0.036458 0.137037
0 0.477083 0.364815 0.039583 0.183333
0 0.417448 0.468981 0.041146 0.269444
0 0.475260 0.604630 0.067187 0.331481
0 0.529427 0.714352 0.048438 0.262037
0 0.283854 0.231481 0.023958 0.135185
0 0.120052 0.170370 0.030729 0.096296
0 0.482812 0.127778 0.014583 0.057407
0 0.502604 0.162500 0.016667 0.069444
0 0.498958 0.383333 0.026042 0.162963
0 0.502344 0.122685 0.009896 0.047222
0 0.428646 0.489815 0.061458 0.309259
0 0.495052 0.119444 0.008854 0.042593
0 0.476562 0.185648 0.016667 0.087963
0 0.569531 0.679167 0.059896 0.326852
0 0.409115 0.241204 0.026562 0.123148
0 0.686979 0.718981 0.067708 0.350926
0 0.395313 0.235648 0.014583 0.110185
0 0.240625 0.137500 0.013542 0.058333
0 0.425000 0.175926 0.014583 0.077778
0 0.508333 0.356944 0.015625 0.156481
0 0.694010 0.790741 0.077604 0.416667
