0 0.531250 0.155556 0.010417 0.044444
0 0.180729 0.555556 0.046875 0.318519
0 0.495573 0.116667 0.007812 0.038889
0 0.479687 0.114815 0.007292 0.042593
0 0.532552 0.276852 0.022396 0.129630
0 0.481250 0.276389 0.020833 0.126852
0 0.410938 0.162037 0.013542 0.074074
0 0.415625 0.187037 0.014583 0.085185
0 0.113281 0.203241 0.015104 0.136111
0 0.471875 0.407870 0.045833 0.230556
0 0.709375 0.725463 0.057292 0.419444
0 0.521094 0.596296 0.071354 0.331481
0 0.464323 0.751852 0.065104 0.387037
0 0.126823 0.193981 0.019271 0.100926
0 0.488802 0.205556 0.015104 0.075926
0 0.523438 0.318056 0.029167 0.152778
0 0.542448 0.194907 0.017188 0.082407
0 0.508594 0.407407 0.039062 0.212963
0 0.507031 0.277315 0.027604 0.117593
0 0.396875 0.443519 0.039583 0.227778
0 0.523177 0.203704 0.016146 0.090741
0 0.408594 0.575000 0.054688 0.237037
0 0.424740 0.173611 0.013021 0.089815
0 0.511458 0.190278 0.015625 0.075000
0 0.399479 0.169444 0.017708 0.090741
0 0.543490 0.721759 0.077604 0.415741
0 0.498177 0.161111 0.010937 0.055556
0 0.439844 0.677778 0.065104 0.462963
0 0.391406 0.224537 0.018229 0.119444
0 0.479948 0.186111 0.013021 0.074074
0 0.613542 0.797685 0.085417 0.402778
0 0.531510 0.786111 0.077604 0.425926
0 0.228125 0.566667 0.060417 0.309259
