0 0.415104 0.236111 0.021875 0.125926
0 0.479687 0.257407 0.021875 0.109259
0 0.522917 0.275926 0.027083 0.155556
0 0.547656 0.295833 0.029687 0.163889
0 0.486979 0.308333 0.033333 0.164815
0 0.527344 0.299537 0.026562 0.143519
0 0.498698 0.327315 0.027604 0.162037
0 0.513542 0.354167 0.038542 0.191667
0 0.421094 0.396296 0.032813 0.172222
0 0.433854 0.339815 0.028125 0.138889
0 0.452083 0.330093 0.035417 0.199074
0 0.480990 0.416667 0.045312 0.225926
0 0.537500 0.425463 0.045833 0.230556
0 0.530729 0.494444 0.052083 0.300000
0 0.495052 0.522222 0.043229 0.216667
0 0.507031 0.614352 0.064062 0.308333
0 0.404427 0.427778 0.045312 0.216667
0 0.433333 0.462500 0.040625 0.232407
0 0.398698 0.555093 0.051562 0.319444
0 0.456250 0.497685 0.040625 0.252778
0 0.407292 0.612963 0.057292 0.322222
0 0.433854 0.642593 0.061458 0.316667
0 0.427865 0.696296 0.067187 0.387037
0 0.502344 0.754630 0.080729 0.450000
0 0.677865 0.758796 0.073438 0.421296
0 0.541667 0.725000 0.046875 0.253704
0 0.357552 0.750463 0.067187 0.199074
0 0.357292 0.784259 0.058333 0.429630
0 0.496615 0.851389 0.067187 0.291667
0 0.633854 0.788426 0.089583 0.421296
