0 0.420312 0.147685 0.012500 0.075000
0 0.413802 0.228704 0.020313 0.105556
0 0.411979 0.152778 0.014583 0.068519
0 0.116927 0.194907 0.019271 0.102778
0 0.496875 0.131019 0.013542 0.049074
0 0.498437 0.148611 0.010417 0.049074
0 0.489844 0.149074 0.007812 0.050000
0 0.505469 0.191667 0.017188 0.087037
0 0.474479 0.192593 0.015625 0.083333
0 0.540625 0.208333 0.013542 0.088889
0 0.487760 0.237037 0.018229 0.083333
0 0.495833 0.282870 0.035417 0.125000
0 0.490365 0.310648 0.033854 0.137963
0 0.511458 0.350926 0.037500 0.172222
0 0.557552 0.534259 0.052604 0.216667
0 0.541146 0.461111 0.044792 0.251852
0 0.515104 0.389352 0.030208 0.162037
0 0.417708 0.393056 0.037500 0.173148
0 0.405469 0.493519 0.048438 0.225926
0 0.373437 0.410648 0.016667 0.219444
0 0.396875 0.579630 0.050000 0.277778
0 0.406771 0.700463 0.051042 0.297222
0 0.153906 0.687500 0.074479 0.408333
0 0.219531 0.611574 0.043229 0.262037
0 0.538542 0.290741 0.018750 0.105556
0 0.234115 0.248611 0.025521 0.126852
0 0.517969 0.306019 0.026562 0.119444
0 0.398958 0.166667 0.013542 0.070370
0 0.483073 0.126852 0.009896 0.037037
0 0.557813 0.430556 0.043750 0.211111
0 0.423958 0.197222 0.012500 0.100000
0 0.509635 0.485648 0.051562 0.271296
0 0.520573 0.184259 0.016146 0.083333
0 0.486979 0.431019 0.031250 0.210185
0 0.122656 0.171759 0.014063 0.084259
0 0.466406 0.450926 0.053646 0.268519
0 0.490625 0.194907 0.017708 0.084259
0 0.432552 0.466204 0.032813 0.195370
0 0.400000 0.204630 0.019792 0.100000
0 0.403125 0.446296 0.047917 0.259259
0 0.529687 0.249074 0.017708 0.087037
0 0.505729 0.121296 0.006250 0.035185
0 0.451823 0.644444 0.056771 0.287037
0 0.475000 0.257870 0.017708 0.121296
0 0.507812 0.248148 0.018750 0.096296
0 0.216667 0.827315 0.125000 0.341667
0 0.348438 0.787037 0.083333 0.424074
0 0.433594 0.789815 0.071354 0.400000
0 0.412500 0.865741 0.095833 0.266667
0 0.353385 0.899074 0.081771 0.200000
0 0.560677 0.778704 0.069271 0.440741
0 0.507292 0.791667 0.088542 0.414815
0 0.521615 0.831481 0.110937 0.335185
0 0.593750 0.827315 0.092708 0.341667
0 0.632812 0.852778 0.044792 0.237037
