0 0.506771 0.217593 0.017708 0.109259
0 0.475781 0.215741 0.013021 0.094444
0 0.476302 0.169907 0.008854 0.071296
0 0.513802 0.170370 0.016146 0.075926
0 0.506771 0.221759 0.017708 0.115741
0 0.524219 0.220370 0.019271 0.101852
0 0.509375 0.281019 0.026042 0.141667
0 0.486458 0.271759 0.029167 0.160185
0 0.451562 0.296296 0.029167 0.159259
0 0.427083 0.143519 0.010417 0.061111
0 0.421875 0.147222 0.013542 0.068519
0 0.411719 0.191204 0.019271 0.097222
0 0.394792 0.197685 0.018750 0.104630
0 0.153906 0.143981 0.015104 0.082407
0 0.161979 0.220833 0.021875 0.132407
0 0.131250 0.220370 0.018750 0.127778
0 0.543229 0.450000 0.048958 0.253704
0 0.498698 0.514815 0.077604 0.312963
0 0.430990 0.468519 0.047396 0.272222
0 0.506510 0.726389 0.070312 0.349074
0 0.567708 0.686574 0.061458 0.323148
0 0.532552 0.801389 0.073438 0.402778
0 0.451302 0.780556 0.082812 0.429630
