0 0.490365 0.720370 0.114062 0.557407
0 0.185156 0.808796 0.151562 0.365741
0 0.210677 0.732870 0.153646 0.437963
0 0.238281 0.654630 0.143229 0.361111
0 0.628385 0.816667 0.159896 0.362963
0 0.583333 0.703704 0.167708 0.350000
0 0.508594 0.596759 0.040104 0.373148
0 0.586458 0.573611 0.067708 0.447222
0 0.457552 0.534722 0.061979 0.371296
0 0.490885 0.481944 0.059896 0.371296
0 0.546354 0.447685 0.054167 0.304630
0 0.290625 0.503241 0.075000 0.262037
0 0.314844 0.475463 0.075521 0.265741
0 0.453125 0.462037 0.080208 0.337037
0 0.446615 0.422685 0.043229 0.360185
0 0.404687 0.426389 0.048958 0.371296
0 0.361719 0.449074 0.043229 0.262963
0 0.304427 0.362500 0.047396 0.313889
0 0.351823 0.284259 0.075521 0.153704
0 0.359896 0.262963 0.062500 0.144444
0 0.501823 0.251852 0.036979 0.209259
0 0.412500 0.238889 0.027083 0.185185
0 0.346354 0.198148 0.020833 0.140741
0 0.360677 0.215741 0.022396 0.166667
0 0.378385 0.204630 0.023438 0.155556
0 0.394531 0.212500 0.021354 0.137963
0 0.382552 0.137500 0.016146 0.108333
0 0.473438 0.184722 0.027083 0.139815
0 0.424479 0.148148 0.025000 0.118519
0 0.396354 0.133333 0.025000 0.057407
0 0.466146 0.141667 0.012500 0.059259
0 0.456250 0.122685 0.015625 0.087963
0 0.444531 0.114352 0.011979 0.086111
0 0.438021 0.115278 0.009375 0.063889
0 0.428646 0.107407 0.013542 0.075926
0 0.398438 0.087500 0.013542 0.075000
0 0.433333 0.074537 0.011458 0.050926
0 0.421875 0.068519 0.011458 0.057407
0 0.413542 0.063426 0.008333 0.043519
0 0.640885 0.846759 0.148438 0.304630
