0 0.892708 0.793519 0.060417 0.298148
0 0.951562 0.734259 0.092708 0.294444
0 0.445833 0.078704 0.010417 0.051852
0 0.438021 0.082870 0.010417 0.056481
0 0.416406 0.078241 0.014063 0.058333
0 0.411198 0.073611 0.011979 0.054630
0 0.373958 0.145833 0.012500 0.073148
0 0.447396 0.159259 0.015625 0.092593
0 0.439844 0.190278 0.015104 0.100926
0 0.428906 0.145370 0.011979 0.072222
0 0.425260 0.179630 0.017188 0.118519
0 0.402083 0.163889 0.017708 0.122222
0 0.386198 0.172222 0.025521 0.159259
0 0.435156 0.117593 0.020313 0.074074
0 0.462760 0.141667 0.025521 0.072222
0 0.476042 0.191667 0.037500 0.090741
0 0.413542 0.180093 0.025000 0.136111
0 0.355990 0.181481 0.019271 0.125926
0 0.371615 0.222685 0.024479 0.137963
0 0.356771 0.252778 0.052083 0.148148
0 0.446354 0.249537 0.036458 0.184259
0 0.596875 0.706019 0.152083 0.341667
0 0.566667 0.672685 0.073958 0.295370
0 0.563021 0.603241 0.088542 0.286111
0 0.387760 0.341204 0.038021 0.289815
0 0.457813 0.493056 0.044792 0.291667
0 0.311198 0.480556 0.121354 0.264815
0 0.645833 0.833333 0.129167 0.324074
0 0.207552 0.770833 0.123438 0.456481
