0 0.167448 0.215278 0.017188 0.123148
0 0.158854 0.229630 0.019792 0.125926
0 0.184635 0.221759 0.019271 0.102778
0 0.131250 0.223148 0.017708 0.109259
0 0.176823 0.258796 0.020313 0.067593
0 0.206250 0.229630 0.023958 0.133333
0 0.228906 0.224537 0.024479 0.117593
0 0.260677 0.225000 0.023438 0.146296
0 0.275260 0.236574 0.030729 0.132407
0 0.500781 0.285185 0.028646 0.114815
0 0.525521 0.279167 0.022917 0.102778
0 0.450260 0.300463 0.034896 0.167593
0 0.499479 0.356019 0.033333 0.186111
0 0.534896 0.342593 0.036458 0.153704
0 0.415365 0.392130 0.047396 0.215741
0 0.468490 0.393519 0.046354 0.198148
0 0.509635 0.412500 0.041146 0.191667
0 0.548438 0.404630 0.041667 0.216667
0 0.555469 0.471296 0.057813 0.188889
0 0.401823 0.639352 0.054688 0.400926
0 0.451302 0.602315 0.053646 0.337963
0 0.506510 0.651389 0.066146 0.345370
0 0.554948 0.626389 0.069271 0.325000
0 0.697656 0.754630 0.065104 0.388889
0 0.405729 0.235648 0.023958 0.095370
