0 0.176042 0.788426 0.098958 0.354630
0 0.566927 0.227315 0.039062 0.215741
0 0.553125 0.080556 0.015625 0.107407
0 0.527604 0.080093 0.020833 0.119444
0 0.615104 0.337963 0.045833 0.238889
0 0.571615 0.144907 0.025521 0.152778
0 0.513281 0.157407 0.030729 0.172222
0 0.487760 0.225463 0.039062 0.193519
0 0.426042 0.172222 0.026042 0.146296
0 0.302865 0.098148 0.022396 0.124074
0 0.426563 0.206019 0.033333 0.115741
0 0.387240 0.204630 0.050521 0.159259
0 0.315625 0.183796 0.043750 0.187963
0 0.325000 0.242593 0.043750 0.148148
0 0.346875 0.301389 0.046875 0.176852
0 0.264844 0.211574 0.041146 0.141667
0 0.225260 0.256944 0.033854 0.147222
0 0.254688 0.290741 0.043750 0.161111
0 0.113802 0.287963 0.045312 0.227778
0 0.338281 0.410648 0.068229 0.250926
0 0.250260 0.446296 0.054688 0.224074
0 0.104427 0.387500 0.036979 0.189815
0 0.252083 0.584722 0.086458 0.276852
0 0.433854 0.193519 0.028125 0.127778
0 0.508854 0.090741 0.023958 0.129630
0 0.410156 0.242130 0.047396 0.160185
0 0.358594 0.186574 0.030729 0.136111
0 0.333073 0.220833 0.031771 0.115741
0 0.597656 0.241204 0.030729 0.206481
0 0.391667 0.281481 0.051042 0.250000
0 0.590104 0.197685 0.035417 0.206481
0 0.376563 0.375926 0.041667 0.220370
0 0.601042 0.276389 0.001042 0.045370
0 0.233073 0.181481 0.048438 0.162963
0 0.531771 0.151389 0.031250 0.158333
0 0.255469 0.223148 0.034896 0.129630
0 0.487500 0.060648 0.016667 0.100926
0 0.271875 0.312500 0.046875 0.156481
0 0.509635 0.218519 0.034896 0.190741
0 0.186198 0.277778 0.054688 0.227778
0 0.511458 0.298611 0.054167 0.275000
0 0.059635 0.268056 0.040104 0.236111
0 0.455729 0.159259 0.023958 0.164815
0 0.324740 0.452778 0.067187 0.246296
0 0.543229 0.076389 0.014583 0.104630
0 0.201042 0.388426 0.067708 0.208333
0 0.394792 0.128704 0.030208 0.083333
0 0.071615 0.426852 0.056771 0.211111
0 0.175521 0.422685 0.048958 0.189815
0 0.166667 0.579630 0.044792 0.190741
0 0.122396 0.839352 0.113542 0.326852
0 0.591146 0.809722 0.100000 0.375000
