0 0.622656 0.365741 0.102604 0.683333
0 0.696615 0.383796 0.115104 0.730556
0 0.785677 0.433333 0.116146 0.764815
0 0.839323 0.342593 0.105729 0.625926
0 0.953125 0.290278 0.091667 0.565741
0 0.478906 0.317593 0.129688 0.635185
0 0.357031 0.293056 0.136979 0.586111
0 0.104948 0.152778 0.115104 0.305556
0 0.052083 0.283796 0.103125 0.567593
0 0.943490 0.433796 0.110937 0.580556
0 0.932813 0.702315 0.132292 0.591667
0 0.730208 0.670833 0.139583 0.656481
0 0.535677 0.676852 0.170313 0.644444
0 0.378906 0.695833 0.158854 0.606481
