0 0.139844 0.195370 0.017188 0.098148
0 0.176823 0.244907 0.020313 0.126852
0 0.154688 0.243056 0.016667 0.125000
0 0.266927 0.230556 0.033854 0.131481
0 0.232031 0.224537 0.033854 0.126852
0 0.409375 0.237500 0.022917 0.117593
0 0.535417 0.257407 0.020833 0.129630
0 0.523177 0.270370 0.021354 0.112963
0 0.502865 0.271296 0.027604 0.135185
0 0.475521 0.272222 0.020833 0.114815
0 0.469531 0.337500 0.044271 0.182407
0 0.496354 0.352778 0.028125 0.172222
0 0.504427 0.414815 0.039062 0.209259
0 0.542448 0.434722 0.050521 0.256481
0 0.674740 0.719444 0.060937 0.359259
0 0.486719 0.724537 0.093229 0.384259
0 0.434635 0.750000 0.048438 0.231481
0 0.359115 0.734259 0.063021 0.403704
0 0.426302 0.893056 0.115104 0.210185
0 0.371094 0.850463 0.109896 0.287963
