0 0.522917 0.505093 0.086458 0.428704
0 0.422135 0.747222 0.102604 0.451852
0 0.463281 0.624074 0.078646 0.433333
0 0.447396 0.546759 0.051042 0.193519
0 0.405729 0.502778 0.068750 0.314815
0 0.569271 0.405093 0.066667 0.334259
0 0.606771 0.403241 0.055208 0.300926
0 0.517969 0.322222 0.044271 0.231481
0 0.494010 0.359259 0.029687 0.196296
0 0.457292 0.293981 0.064583 0.254630
0 0.500521 0.281019 0.051042 0.243519
0 0.487760 0.156019 0.033854 0.149074
0 0.505729 0.140741 0.033333 0.137037
0 0.537760 0.089352 0.019271 0.112037
0 0.553646 0.070833 0.018750 0.106481
0 0.524479 0.088889 0.013542 0.077778
0 0.503385 0.095370 0.021354 0.100000
0 0.515104 0.081944 0.013542 0.067593
0 0.448177 0.044907 0.021354 0.076852
0 0.373698 0.101852 0.020313 0.092593
0 0.395573 0.106481 0.023438 0.101852
0 0.452083 0.093056 0.026042 0.104630
0 0.363802 0.189352 0.026562 0.134259
0 0.339062 0.187500 0.029167 0.134259
0 0.235417 0.166204 0.029167 0.160185
0 0.215104 0.208796 0.039583 0.169444
0 0.291927 0.196759 0.026562 0.121296
0 0.392188 0.275926 0.058333 0.138889
0 0.319010 0.256944 0.073438 0.167593
0 0.221094 0.258796 0.031771 0.134259
0 0.321094 0.447685 0.064062 0.200926
0 0.252083 0.420833 0.062500 0.189815
0 0.202604 0.372685 0.061458 0.197222
0 0.112760 0.370833 0.046354 0.184259
0 0.063542 0.291667 0.032292 0.261111
0 0.289844 0.731481 0.079687 0.385185
0 0.144531 0.487500 0.061979 0.260185
0 0.088021 0.497685 0.059375 0.263889
0 0.174219 0.712500 0.131771 0.339815
0 0.318229 0.284259 0.042708 0.114815
0 0.248177 0.268519 0.038021 0.127778
0 0.579948 0.222222 0.026562 0.159259
0 0.561979 0.236111 0.039583 0.129630
0 0.542969 0.213889 0.032813 0.162963
0 0.404167 0.199074 0.034375 0.162963
0 0.164583 0.815741 0.129167 0.366667
0 0.315365 0.782407 0.116146 0.433333
0 0.476562 0.827778 0.143750 0.342593
0 0.656250 0.778241 0.129167 0.432407
0 0.659115 0.847222 0.122396 0.301852
