0 0.429427 0.137963 0.006771 0.053704
0 0.516146 0.211111 0.014583 0.077778
0 0.422135 0.159722 0.008854 0.069444
0 0.209896 0.258333 0.025000 0.112963
0 0.500260 0.600463 0.036979 0.208333
0 0.412240 0.358333 0.036979 0.203704
0 0.451302 0.496759 0.041146 0.271296
0 0.495312 0.276389 0.028125 0.102778
0 0.516927 0.298148 0.018229 0.085185
0 0.403385 0.153704 0.008854 0.068519
0 0.532552 0.208796 0.016146 0.095370
0 0.538021 0.493519 0.033333 0.188889
0 0.419792 0.532407 0.044792 0.277778
0 0.444792 0.731481 0.064583 0.433333
0 0.540365 0.375463 0.040104 0.176852
0 0.411458 0.154167 0.009375 0.067593
0 0.577865 0.449074 0.044271 0.246296
0 0.393490 0.168056 0.013021 0.087963
0 0.497656 0.367130 0.040104 0.167593
0 0.478646 0.600000 0.059375 0.305556
0 0.264583 0.252778 0.020833 0.138889
0 0.409635 0.222222 0.018229 0.100000
0 0.590885 0.512963 0.047396 0.244444
0 0.491146 0.224537 0.029167 0.110185
0 0.512500 0.487963 0.047917 0.270370
0 0.550781 0.793519 0.114062 0.411111
