0 0.134375 0.164352 0.017708 0.093519
0 0.392448 0.178704 0.014063 0.090741
0 0.412240 0.158333 0.008854 0.070370
0 0.404687 0.235185 0.025000 0.135185
0 0.480990 0.162037 0.016146 0.070370
0 0.502344 0.195833 0.015104 0.089815
0 0.522917 0.168519 0.012500 0.075926
0 0.525781 0.251389 0.021354 0.112037
0 0.482812 0.206019 0.020833 0.097222
0 0.479687 0.250926 0.019792 0.125926
0 0.491146 0.254167 0.020833 0.115741
0 0.519271 0.269444 0.025000 0.122222
0 0.490104 0.319907 0.031250 0.178704
0 0.502604 0.382407 0.044792 0.198148
0 0.466927 0.383333 0.046354 0.179630
0 0.412500 0.411111 0.043750 0.235185
0 0.589844 0.808796 0.115104 0.380556
0 0.484896 0.792593 0.089583 0.412963
