0 0.361458 0.449537 0.017708 0.117593
0 0.372917 0.366204 0.016667 0.095370
0 0.395833 0.370833 0.020833 0.097222
0 0.430469 0.449537 0.072396 0.360185
0 0.472917 0.418981 0.056250 0.341667
0 0.039583 0.154167 0.027083 0.141667
0 0.367708 0.074537 0.026042 0.126852
0 0.736198 0.154167 0.038021 0.195370
0 0.776042 0.150463 0.042708 0.206481
0 0.685156 0.179630 0.035937 0.238889
0 0.671354 0.198148 0.044792 0.240741
0 0.634896 0.325926 0.053125 0.311111
0 0.673958 0.297685 0.052083 0.276852
0 0.711979 0.329630 0.044792 0.253704
0 0.928646 0.479630 0.061458 0.383333
0 0.689844 0.513889 0.073438 0.401852
0 0.632031 0.550926 0.065104 0.403704
0 0.636979 0.562500 0.051042 0.293519
0 0.546615 0.618056 0.079687 0.436111
0 0.705208 0.782870 0.057292 0.350926
0 0.861719 0.757870 0.079687 0.437963
0 0.752604 0.680556 0.058333 0.222222
0 0.014323 0.149074 0.028646 0.155556
0 0.339844 0.046759 0.022396 0.093519
0 0.429167 0.054630 0.022917 0.109259
0 0.627865 0.033333 0.020313 0.066667
0 0.752865 0.041667 0.023438 0.083333
0 0.729688 0.050463 0.026042 0.100926
0 0.702604 0.053704 0.020833 0.107407
0 0.753906 0.750463 0.100521 0.491667
0 0.596094 0.701852 0.125521 0.544444
0 0.500521 0.744444 0.103125 0.507407
0 0.767448 0.845370 0.134896 0.307407
0 0.624740 0.785185 0.133854 0.425926
0 0.513802 0.833796 0.122396 0.330556
