0 0.512760 0.019907 0.004687 0.034259
0 0.489063 0.022222 0.005208 0.029630
0 0.471354 0.020833 0.004167 0.025000
0 0.458073 0.019444 0.005729 0.031481
0 0.353906 0.052315 0.019271 0.102778
0 0.508854 0.360648 0.011458 0.084259
0 0.354167 0.481944 0.022917 0.106481
0 0.931510 0.505093 0.072396 0.395370
0 0.692969 0.097222 0.024479 0.162963
0 0.718750 0.103241 0.023958 0.143519
0 0.703906 0.143056 0.041146 0.197222
0 0.670833 0.143519 0.035417 0.187037
0 0.769531 0.795833 0.136979 0.278704
0 0.751823 0.084259 0.040104 0.168519
0 0.554167 0.818056 0.188542 0.362037
