0 0.411458 0.240278 0.025000 0.121296
0 0.496615 0.281944 0.025521 0.143519
0 0.514583 0.309259 0.037500 0.174074
0 0.498437 0.313426 0.022917 0.152778
0 0.477604 0.318519 0.036458 0.183333
0 0.554688 0.347685 0.035417 0.184259
0 0.529687 0.364352 0.042708 0.212037
0 0.514583 0.343056 0.032292 0.160185
0 0.558594 0.375000 0.031771 0.131481
0 0.481250 0.344444 0.039583 0.175926
0 0.467187 0.337500 0.027083 0.147222
0 0.434896 0.300463 0.034375 0.169444
0 0.453385 0.306944 0.021354 0.091667
0 0.436198 0.343056 0.023438 0.136111
0 0.402865 0.362037 0.040104 0.238889
0 0.443490 0.390278 0.031771 0.200926
0 0.478385 0.396296 0.039062 0.177778
0 0.541927 0.506019 0.070312 0.271296
0 0.536719 0.648148 0.081771 0.327778
0 0.512500 0.715741 0.096875 0.383333
0 0.463802 0.615741 0.072396 0.324074
0 0.127865 0.187963 0.016146 0.103704
0 0.124740 0.214815 0.030729 0.114815
0 0.257031 0.232407 0.031771 0.150000
0 0.234635 0.252315 0.025521 0.136111
0 0.205990 0.570370 0.063021 0.298148
0 0.130208 0.602778 0.052083 0.329630
0 0.150781 0.668056 0.080729 0.417593
0 0.153385 0.727315 0.067187 0.410185
0 0.067448 0.736574 0.072396 0.413889
0 0.202604 0.867593 0.139583 0.262963
0 0.524479 0.819907 0.086458 0.356481
0 0.650260 0.835648 0.071354 0.326852
0 0.598958 0.859259 0.125000 0.279630
0 0.465625 0.874537 0.127083 0.249074
