0 0.495052 0.115741 0.009896 0.037037
0 0.142708 0.207870 0.025000 0.082407
0 0.531510 0.231019 0.015104 0.110185
0 0.403646 0.236111 0.016667 0.092593
0 0.385417 0.213889 0.020833 0.114815
0 0.151823 0.221296 0.009896 0.064815
0 0.500521 0.186111 0.009375 0.077778
0 0.449479 0.362500 0.036458 0.175000
0 0.450521 0.427315 0.048958 0.225000
0 0.503906 0.296759 0.030729 0.139815
0 0.397656 0.609259 0.052604 0.312963
0 0.681771 0.705093 0.068750 0.349074
0 0.549219 0.390741 0.036979 0.185185
0 0.481250 0.189815 0.018750 0.094444
0 0.559635 0.327778 0.025521 0.150000
0 0.514323 0.269907 0.021354 0.132407
0 0.515365 0.163889 0.009896 0.064815
0 0.409896 0.162500 0.009375 0.075000
0 0.423177 0.181019 0.011979 0.080556
0 0.413021 0.698148 0.079167 0.381481
0 0.509115 0.502315 0.058854 0.293519
0 0.519531 0.643056 0.053646 0.317593
0 0.168229 0.602315 0.066667 0.339815
0 0.467187 0.679167 0.066667 0.413889
0 0.550521 0.725463 0.060417 0.393519
0 0.400781 0.159259 0.008854 0.081481
0 0.627083 0.714815 0.067708 0.361111
0 0.542969 0.231481 0.020313 0.103704
0 0.115625 0.221296 0.022917 0.120370
0 0.479687 0.239815 0.025000 0.120370
0 0.392969 0.167593 0.011979 0.085185
0 0.543750 0.669444 0.070833 0.350000
0 0.518490 0.807870 0.106771 0.382407
0 0.391146 0.795370 0.107292 0.407407
