0 0.440104 0.160185 0.042708 0.098148
0 0.305990 0.166667 0.033854 0.088889
0 0.217708 0.368056 0.043750 0.178704
0 0.342708 0.278704 0.047917 0.131481
0 0.446354 0.262963 0.029167 0.192593
0 0.387500 0.431944 0.068750 0.326852
0 0.317448 0.439352 0.071354 0.210185
0 0.081771 0.342593 0.063542 0.277778
0 0.138542 0.489352 0.059375 0.167593
0 0.215365 0.753704 0.106771 0.490741
0 0.452344 0.072685 0.020313 0.049074
0 0.485156 0.467130 0.057813 0.313889
0 0.482031 0.251852 0.044271 0.246296
0 0.538802 0.467130 0.060937 0.343519
0 0.600260 0.237037 0.027604 0.146296
0 0.502604 0.740278 0.100000 0.482407
0 0.602344 0.403241 0.060937 0.254630
0 0.621354 0.317593 0.027083 0.172222
0 0.577083 0.251852 0.035417 0.207407
0 0.513021 0.068981 0.013542 0.056481
0 0.590625 0.141204 0.023958 0.115741
0 0.505208 0.063426 0.019792 0.080556
0 0.568229 0.047685 0.018750 0.078704
0 0.096354 0.543519 0.084375 0.227778
0 0.475000 0.103704 0.018750 0.083333
0 0.264323 0.143519 0.029687 0.137037
0 0.455469 0.150000 0.023438 0.100000
0 0.495833 0.312037 0.053125 0.253704
0 0.397135 0.123148 0.023438 0.066667
0 0.540625 0.313889 0.038542 0.196296
0 0.414583 0.206019 0.050000 0.106481
0 0.636719 0.774074 0.079687 0.448148
0 0.360938 0.086574 0.019792 0.093519
0 0.586198 0.728704 0.076563 0.474074
0 0.282031 0.284259 0.056771 0.157407
0 0.385677 0.293056 0.038021 0.113889
0 0.429167 0.315741 0.051042 0.251852
0 0.266927 0.214815 0.029687 0.085185
0 0.558594 0.241667 0.031771 0.211111
0 0.325260 0.400000 0.064062 0.179630
0 0.516667 0.107407 0.023958 0.125926
0 0.366146 0.173148 0.023958 0.074074
0 0.545052 0.118519 0.022396 0.127778
0 0.193490 0.428704 0.061979 0.194444
0 0.522917 0.075463 0.012500 0.112037
0 0.553125 0.037037 0.012500 0.072222
0 0.259375 0.555556 0.092708 0.270370
0 0.221354 0.275000 0.039583 0.153704
0 0.197917 0.283796 0.029167 0.130556
0 0.167708 0.610185 0.078125 0.229630
0 0.650781 0.861574 0.167187 0.273148
0 0.392708 0.777778 0.102083 0.440741
0 0.104427 0.830093 0.118229 0.336111
