0 0.340104 0.064352 0.027083 0.115741
0 0.231510 0.356944 0.015104 0.052778
0 0.221875 0.379630 0.011458 0.079630
0 0.224479 0.405556 0.008333 0.051852
0 0.075521 0.515741 0.007292 0.035185
0 0.081510 0.514815 0.008854 0.037037
0 0.064323 0.579167 0.030729 0.067593
0 0.113542 0.603704 0.037500 0.150000
0 0.062760 0.162037 0.033854 0.137037
0 0.045573 0.159259 0.023438 0.144444
0 0.018490 0.145833 0.031771 0.149074
0 0.727083 0.088426 0.025000 0.143519
0 0.704688 0.106019 0.036458 0.202778
0 0.734375 0.151852 0.036458 0.181481
0 0.790365 0.128241 0.022396 0.128704
0 0.770312 0.131019 0.034375 0.173148
0 0.746875 0.159259 0.043750 0.203704
0 0.707292 0.185185 0.037500 0.203704
0 0.683073 0.184722 0.035937 0.197222
0 0.665104 0.339352 0.060417 0.345370
0 0.680729 0.411111 0.061458 0.338889
0 0.797917 0.422222 0.064583 0.375926
0 0.747396 0.513889 0.071875 0.435185
0 0.896354 0.666204 0.089583 0.432407
0 0.744531 0.582870 0.082812 0.382407
0 0.619792 0.518056 0.059375 0.399074
0 0.566667 0.645370 0.083333 0.479630
0 0.363021 0.052778 0.029167 0.100000
0 0.400260 0.059722 0.022396 0.110185
0 0.616146 0.860648 0.127083 0.267593
0 0.501823 0.743056 0.107813 0.502778
0 0.905990 0.801852 0.119271 0.385185
0 0.801302 0.667130 0.147396 0.336111
