0 0.420052 0.156944 0.009896 0.075000
0 0.426823 0.140278 0.007812 0.052778
0 0.397135 0.243056 0.018229 0.095370
0 0.518229 0.500926 0.054167 0.244444
0 0.414583 0.535648 0.044792 0.297222
0 0.426563 0.628241 0.043750 0.200926
0 0.651823 0.737037 0.073438 0.379630
0 0.091146 0.660185 0.090625 0.398148
0 0.517448 0.275463 0.025521 0.130556
0 0.553646 0.500000 0.046875 0.227778
0 0.505208 0.267593 0.022917 0.150000
0 0.454688 0.554630 0.060417 0.314815
0 0.484375 0.265741 0.025000 0.142593
0 0.405990 0.684722 0.057813 0.330556
0 0.553646 0.303241 0.016667 0.087963
0 0.470052 0.704630 0.064062 0.372222
0 0.539323 0.301389 0.024479 0.139815
0 0.484896 0.179167 0.012500 0.073148
0 0.147135 0.167593 0.014063 0.075926
0 0.303906 0.762037 0.078646 0.457407
0 0.422135 0.803241 0.078646 0.391667
0 0.536198 0.798611 0.069271 0.400926
0 0.598177 0.836574 0.071354 0.325000
