0 0.781771 0.142593 0.036458 0.157407
0 0.686198 0.086111 0.026562 0.120370
0 0.671094 0.099537 0.030729 0.123148
0 0.705208 0.152315 0.027083 0.141667
0 0.736458 0.195833 0.044792 0.217593
0 0.777083 0.201852 0.039583 0.218519
0 0.644271 0.194907 0.046875 0.126852
0 0.675260 0.281481 0.069271 0.300000
0 0.479687 0.378704 0.055208 0.262963
0 0.421615 0.383333 0.058854 0.301852
0 0.453385 0.707870 0.109896 0.550926
0 0.073958 0.122685 0.033333 0.147222
0 0.331771 0.056019 0.025000 0.095370
0 0.696354 0.836111 0.131250 0.324074
