0 0.351042 0.075000 0.017708 0.107407
0 0.500521 0.084722 0.023958 0.110185
0 0.538802 0.044907 0.019271 0.084259
0 0.535156 0.071759 0.021354 0.093519
0 0.518490 0.085185 0.013021 0.074074
0 0.551562 0.087037 0.020833 0.107407
0 0.539323 0.161574 0.029687 0.186111
0 0.606250 0.177315 0.022917 0.169444
0 0.598437 0.181481 0.026042 0.166667
0 0.566927 0.163889 0.031771 0.175926
0 0.576823 0.189352 0.030729 0.158333
0 0.380208 0.172222 0.031250 0.137037
0 0.424219 0.163426 0.053646 0.178704
0 0.450781 0.153704 0.044271 0.148148
0 0.473698 0.153241 0.024479 0.178704
0 0.511719 0.168981 0.029687 0.173148
0 0.484896 0.195833 0.036458 0.143519
0 0.431771 0.202778 0.038542 0.144444
0 0.430208 0.213426 0.035417 0.125000
0 0.358333 0.179167 0.037500 0.121296
0 0.401823 0.241204 0.041146 0.154630
0 0.388802 0.280093 0.047396 0.173148
0 0.293229 0.199074 0.035417 0.137037
0 0.283333 0.223148 0.050000 0.162963
0 0.280208 0.159259 0.051042 0.175926
0 0.223177 0.159259 0.031771 0.153704
0 0.260937 0.445370 0.052083 0.216667
0 0.224219 0.279630 0.039062 0.181481
0 0.200260 0.293519 0.042188 0.159259
0 0.197135 0.387500 0.049479 0.230556
0 0.176823 0.410648 0.056771 0.189815
0 0.125260 0.397685 0.057813 0.184259
0 0.070052 0.424074 0.052604 0.207407
0 0.068750 0.266667 0.061458 0.216667
0 0.038281 0.295833 0.045312 0.250926
0 0.254167 0.290278 0.043750 0.169444
0 0.481510 0.272685 0.076563 0.204630
0 0.534375 0.269907 0.054167 0.225000
0 0.603125 0.411111 0.058333 0.298148
0 0.497135 0.433333 0.079687 0.327778
0 0.401302 0.478241 0.073438 0.363889
0 0.359896 0.550926 0.102083 0.461111
0 0.243750 0.580556 0.095833 0.314815
0 0.198698 0.518519 0.068229 0.255556
0 0.094010 0.573148 0.070312 0.238889
0 0.175781 0.783796 0.105729 0.337963
0 0.128385 0.282407 0.033854 0.164815
0 0.650000 0.775463 0.094792 0.447222
0 0.690104 0.837963 0.140625 0.322222
