0 0.491406 0.277315 0.029687 0.160185
0 0.518750 0.294907 0.042708 0.149074
0 0.455208 0.325463 0.034375 0.147222
0 0.429167 0.344444 0.029167 0.131481
0 0.469531 0.366667 0.032813 0.194444
0 0.525000 0.363889 0.040625 0.190741
0 0.488021 0.471759 0.045833 0.236111
0 0.445312 0.399537 0.045833 0.212037
0 0.417708 0.435648 0.046875 0.195370
0 0.455208 0.456019 0.033333 0.232407
0 0.528646 0.479630 0.043750 0.329630
0 0.541146 0.496296 0.054167 0.309259
0 0.565625 0.509259 0.060417 0.312963
0 0.505469 0.584722 0.072396 0.337963
0 0.568490 0.676852 0.078646 0.398148
0 0.678125 0.731944 0.084375 0.360185
0 0.432292 0.504167 0.045833 0.260185
0 0.404687 0.589815 0.052083 0.322222
0 0.397135 0.545833 0.034896 0.199074
0 0.423177 0.712500 0.066146 0.434259
0 0.463802 0.774074 0.068229 0.444444
0 0.404427 0.250000 0.028646 0.150000
0 0.267708 0.223611 0.027083 0.139815
0 0.213802 0.249074 0.027604 0.135185
0 0.152604 0.211111 0.023958 0.120370
0 0.151823 0.188426 0.017188 0.069444
0 0.132031 0.203241 0.023438 0.132407
0 0.117448 0.225000 0.026562 0.135185
0 0.392708 0.862963 0.096875 0.272222
0 0.412500 0.814815 0.091667 0.368519
