0 0.226562 0.367130 0.016667 0.093519
0 0.084896 0.556481 0.038542 0.155556
0 0.079687 0.144444 0.030208 0.155556
0 0.349479 0.375926 0.026042 0.111111
0 0.482031 0.429167 0.015104 0.100926
0 0.638542 0.268981 0.054167 0.291667
0 0.689063 0.261574 0.057292 0.280556
0 0.759375 0.347685 0.054167 0.278704
0 0.731250 0.217593 0.044792 0.235185
0 0.658333 0.162500 0.030208 0.115741
0 0.658073 0.200926 0.039062 0.220370
0 0.641146 0.157407 0.032292 0.190741
0 0.671875 0.124074 0.041667 0.187037
0 0.714844 0.131944 0.033854 0.182407
0 0.748177 0.149074 0.041146 0.198148
0 0.791406 0.117130 0.040104 0.176852
0 0.779687 0.167130 0.038542 0.210185
0 0.746875 0.109259 0.034375 0.179630
0 0.710156 0.103241 0.033854 0.184259
