0 0.134115 0.208333 0.009896 0.053704
0 0.132812 0.195370 0.016667 0.090741
0 0.143490 0.215741 0.020313 0.112963
0 0.154688 0.241204 0.019792 0.087963
0 0.414583 0.144907 0.013542 0.060185
0 0.401823 0.161111 0.013021 0.055556
0 0.412500 0.184722 0.014583 0.089815
0 0.419010 0.213426 0.021354 0.115741
0 0.499219 0.122222 0.007812 0.042593
0 0.484896 0.149537 0.009375 0.071296
0 0.478385 0.162500 0.013021 0.080556
0 0.492448 0.168519 0.020313 0.079630
0 0.494010 0.210185 0.016146 0.077778
0 0.539844 0.229167 0.014063 0.095370
0 0.487500 0.257407 0.017708 0.109259
0 0.505469 0.281019 0.024479 0.136111
0 0.531771 0.277778 0.021875 0.137037
0 0.512760 0.325463 0.029687 0.176852
0 0.484115 0.337500 0.032813 0.163889
0 0.465885 0.305556 0.023438 0.148148
0 0.445052 0.330093 0.031771 0.186111
0 0.549219 0.426852 0.046354 0.242593
0 0.504427 0.420833 0.042188 0.210185
0 0.446615 0.465741 0.038021 0.242593
0 0.422656 0.466204 0.033854 0.239815
0 0.397656 0.459259 0.036979 0.177778
0 0.392969 0.517593 0.047396 0.324074
0 0.683854 0.723611 0.061458 0.358333
0 0.405208 0.758333 0.085417 0.390741
0 0.364844 0.839352 0.113021 0.319444
0 0.277344 0.885185 0.068229 0.222222
0 0.469531 0.918981 0.078646 0.160185
0 0.592708 0.848611 0.134375 0.287963
