0 0.770573 0.128241 0.031771 0.180556
0 0.678125 0.120370 0.040625 0.192593
0 0.681510 0.164352 0.035937 0.195370
0 0.692448 0.274537 0.065104 0.300926
0 0.704167 0.193056 0.018750 0.143519
0 0.642708 0.185648 0.045833 0.130556
0 0.629948 0.297685 0.055729 0.321296
0 0.671875 0.362037 0.061458 0.301852
0 0.797396 0.368519 0.065625 0.351852
0 0.744792 0.442130 0.065625 0.365741
0 0.694531 0.492130 0.056771 0.421296
0 0.929427 0.481019 0.051562 0.362037
0 0.776823 0.595833 0.100521 0.482407
0 0.810417 0.684259 0.088542 0.438889
0 0.871615 0.704167 0.104688 0.534259
0 0.702604 0.721296 0.113542 0.505556
0 0.661979 0.598148 0.086458 0.457407
0 0.600521 0.595833 0.086458 0.452778
0 0.544271 0.682870 0.073958 0.380556
0 0.370052 0.440278 0.018229 0.086111
0 0.356510 0.462037 0.015104 0.059259
0 0.370573 0.055093 0.017188 0.086111
0 0.112500 0.489352 0.022917 0.104630
0 0.705990 0.063889 0.021354 0.112963
0 0.725781 0.068056 0.024479 0.115741
0 0.854167 0.779630 0.133333 0.438889
0 0.404167 0.837037 0.083333 0.318519
