0 0.608073 0.743981 0.114062 0.480556
0 0.398698 0.135185 0.016146 0.070370
0 0.387500 0.142130 0.025000 0.073148
0 0.355729 0.175000 0.015625 0.140741
0 0.371615 0.185648 0.022396 0.132407
0 0.405469 0.073148 0.009896 0.046296
0 0.444271 0.208796 0.025000 0.125000
0 0.429688 0.158333 0.016667 0.100000
0 0.442448 0.075000 0.010937 0.046296
0 0.445573 0.124537 0.018229 0.082407
0 0.411719 0.169444 0.023438 0.148148
0 0.374740 0.236574 0.050521 0.080556
0 0.368229 0.244444 0.077083 0.120370
0 0.366406 0.298611 0.082812 0.162037
0 0.293750 0.535185 0.114583 0.305556
0 0.272656 0.683333 0.116146 0.350000
0 0.225781 0.744444 0.170313 0.398148
0 0.750000 0.860648 0.095833 0.271296
0 0.627604 0.775926 0.098958 0.444444
