0 0.715885 0.125000 0.029687 0.177778
0 0.744010 0.114815 0.038021 0.179630
0 0.776042 0.119907 0.044792 0.186111
0 0.697917 0.173148 0.037500 0.190741
0 0.660156 0.185185 0.047396 0.235185
0 0.645052 0.225000 0.050521 0.244444
0 0.730469 0.221759 0.068229 0.250926
0 0.723437 0.262037 0.048958 0.227778
0 0.678906 0.400926 0.051562 0.324074
0 0.724479 0.349537 0.053125 0.291667
0 0.684375 0.459722 0.058333 0.373148
0 0.738802 0.505093 0.074479 0.454630
0 0.786198 0.334259 0.052604 0.314815
0 0.809635 0.393981 0.085938 0.262037
0 0.782552 0.579167 0.044271 0.237963
0 0.728385 0.584722 0.116146 0.445370
0 0.614583 0.584722 0.086458 0.417593
0 0.874740 0.478704 0.067187 0.364815
0 0.930990 0.492593 0.061979 0.401852
0 0.044792 0.106019 0.026042 0.084259
0 0.047917 0.150463 0.034375 0.150926
0 0.019792 0.149537 0.032292 0.162037
0 0.332292 0.653704 0.103125 0.540741
0 0.908594 0.708333 0.077604 0.468519
