0 0.154167 0.243056 0.022917 0.123148
0 0.168490 0.210648 0.021354 0.125000
0 0.178125 0.216667 0.017708 0.103704
0 0.179167 0.246759 0.020833 0.126852
0 0.224479 0.229630 0.019792 0.122222
0 0.226823 0.253704 0.016146 0.085185
0 0.239063 0.236111 0.022917 0.118519
0 0.388802 0.159259 0.013021 0.083333
0 0.393229 0.195833 0.016667 0.093519
0 0.504427 0.207870 0.016146 0.078704
0 0.527344 0.266667 0.023438 0.124074
0 0.497917 0.247222 0.017708 0.101852
0 0.515365 0.282407 0.026562 0.151852
0 0.552604 0.326852 0.029167 0.190741
0 0.521354 0.337963 0.045833 0.203704
0 0.546094 0.358333 0.031771 0.168519
0 0.560417 0.369907 0.044792 0.202778
0 0.485156 0.347222 0.035937 0.172222
0 0.474219 0.325463 0.024479 0.160185
0 0.455469 0.309259 0.026562 0.146296
0 0.450000 0.348148 0.036458 0.190741
0 0.432552 0.380093 0.026562 0.167593
0 0.415885 0.412037 0.045312 0.214815
0 0.445833 0.432407 0.027083 0.144444
0 0.390885 0.506944 0.042188 0.219444
0 0.411198 0.542593 0.070312 0.320370
0 0.547917 0.475463 0.031250 0.182407
0 0.520312 0.464815 0.047917 0.253704
0 0.479427 0.528241 0.055729 0.267593
0 0.353385 0.753704 0.075521 0.420370
0 0.443229 0.705093 0.084375 0.365741
0 0.511458 0.629167 0.056250 0.297222
0 0.532813 0.553241 0.034375 0.225000
0 0.549479 0.628704 0.056250 0.325926
0 0.690104 0.722685 0.067708 0.378704
0 0.443229 0.807870 0.088542 0.382407
0 0.495573 0.791204 0.067187 0.413889
0 0.231771 0.812500 0.125000 0.373148
0 0.569792 0.796296 0.087500 0.407407
0 0.415885 0.850926 0.101562 0.294444
