0 0.795573 0.434722 0.065104 0.349074
0 0.740625 0.069907 0.030208 0.136111
0 0.697917 0.096296 0.031250 0.164815
0 0.079427 0.147685 0.020313 0.123148
0 0.657813 0.546759 0.052083 0.413889
0 0.622396 0.349537 0.041667 0.282407
0 0.642708 0.437963 0.043750 0.318519
0 0.698958 0.561111 0.083333 0.446296
0 0.738021 0.463426 0.045833 0.358333
0 0.747135 0.389352 0.059896 0.375000
0 0.767969 0.574537 0.064062 0.367593
0 0.610677 0.565278 0.075521 0.425000
0 0.233333 0.479630 0.014583 0.070370
0 0.367448 0.456019 0.019271 0.095370
0 0.879167 0.520833 0.059375 0.426852
0 0.025781 0.153241 0.023438 0.154630
0 0.795312 0.682870 0.094792 0.417593
0 0.041667 0.174537 0.021875 0.160185
0 0.239323 0.443056 0.016146 0.099074
0 0.669531 0.818056 0.107813 0.352778
0 0.776302 0.827778 0.116146 0.342593
