0 0.614844 0.798148 0.158854 0.374074
0 0.572396 0.714352 0.182292 0.350926
0 0.225521 0.743056 0.170833 0.408333
0 0.276562 0.573148 0.125000 0.318519
0 0.580729 0.506019 0.041667 0.280556
0 0.539062 0.450926 0.088542 0.329630
0 0.483073 0.247685 0.051562 0.121296
0 0.486719 0.207870 0.032813 0.154630
0 0.461979 0.195370 0.040625 0.164815
0 0.461458 0.190278 0.054167 0.100926
0 0.479167 0.168519 0.013542 0.124074
0 0.414062 0.221296 0.020833 0.101852
0 0.363281 0.283796 0.044271 0.143519
0 0.361198 0.258796 0.068229 0.121296
0 0.368750 0.239815 0.061458 0.118519
0 0.369531 0.236574 0.031771 0.099074
0 0.339844 0.168519 0.021354 0.062963
0 0.350781 0.182407 0.018229 0.146296
0 0.363802 0.176852 0.031771 0.109259
0 0.382031 0.168981 0.015104 0.125000
0 0.384375 0.166667 0.032292 0.094444
0 0.392448 0.119907 0.028646 0.078704
0 0.396615 0.118056 0.030729 0.069444
0 0.395573 0.100926 0.022396 0.050000
0 0.445312 0.121759 0.016667 0.095370
0 0.453646 0.119444 0.014583 0.075926
0 0.419792 0.140741 0.023958 0.105556
0 0.432292 0.117593 0.009375 0.077778
0 0.413021 0.082870 0.012500 0.065741
