0 0.287240 0.136574 0.026562 0.158333
0 0.605208 0.170370 0.028125 0.103704
0 0.518229 0.160648 0.029167 0.163889
0 0.389323 0.281481 0.057813 0.185185
0 0.439583 0.303241 0.052083 0.243519
0 0.210938 0.388426 0.052083 0.212037
0 0.073438 0.508796 0.084375 0.262037
0 0.310937 0.049537 0.016667 0.082407
0 0.395313 0.184722 0.032292 0.099074
0 0.544792 0.120833 0.023958 0.126852
0 0.345833 0.210185 0.028125 0.085185
0 0.256771 0.212963 0.041667 0.103704
0 0.450260 0.159259 0.030729 0.114815
0 0.489063 0.141667 0.033333 0.155556
0 0.305729 0.114815 0.043750 0.105556
0 0.433073 0.098611 0.027604 0.115741
0 0.263281 0.568519 0.075521 0.248148
0 0.366667 0.197685 0.036458 0.139815
0 0.328385 0.302315 0.050521 0.150926
0 0.322396 0.452315 0.072917 0.206481
0 0.353906 0.138889 0.038021 0.105556
0 0.478646 0.335185 0.034375 0.224074
0 0.506771 0.318519 0.072917 0.288889
0 0.583854 0.358796 0.059375 0.287963
0 0.298438 0.188889 0.036458 0.125926
0 0.074740 0.270833 0.031771 0.230556
0 0.143229 0.275926 0.048958 0.214815
0 0.173958 0.315741 0.059375 0.229630
0 0.428906 0.181944 0.038021 0.097222
0 0.115365 0.357407 0.040104 0.092593
0 0.109635 0.398148 0.077604 0.235185
0 0.082552 0.405093 0.108854 0.202778
0 0.459635 0.143981 0.023438 0.119444
0 0.146875 0.515278 0.083333 0.289815
0 0.273177 0.506019 0.079687 0.260185
0 0.558854 0.085648 0.018750 0.115741
0 0.330990 0.193519 0.035937 0.138889
0 0.589323 0.195833 0.036979 0.175000
0 0.612500 0.381944 0.076042 0.275000
0 0.308594 0.216667 0.039062 0.157407
0 0.032552 0.536574 0.065104 0.215741
0 0.041927 0.797685 0.081771 0.267593
0 0.127083 0.848148 0.094792 0.227778
