0 0.622396 0.800463 0.207292 0.363889
0 0.567969 0.643981 0.105729 0.484259
0 0.198177 0.685648 0.079687 0.552778
0 0.269792 0.544444 0.135417 0.300000
0 0.541146 0.409259 0.071875 0.344444
0 0.301042 0.505556 0.126042 0.292593
0 0.298698 0.388426 0.074479 0.262037
0 0.379688 0.401852 0.050000 0.327778
0 0.438021 0.404630 0.054167 0.301852
0 0.353125 0.273611 0.059375 0.156481
0 0.362240 0.250000 0.055729 0.131481
0 0.366667 0.207870 0.040625 0.110185
0 0.462760 0.144907 0.017188 0.100926
0 0.447917 0.147685 0.022917 0.110185
0 0.427865 0.150463 0.020313 0.130556
0 0.363281 0.194444 0.049479 0.105556
0 0.367448 0.178241 0.026562 0.143519
0 0.383594 0.160648 0.025521 0.117593
0 0.388281 0.136111 0.015104 0.122222
0 0.380208 0.157870 0.022917 0.115741
0 0.405469 0.157870 0.021354 0.119444
0 0.412500 0.140741 0.011458 0.101852
0 0.409896 0.075463 0.010417 0.052778
0 0.435937 0.087963 0.009375 0.046296
0 0.435156 0.074074 0.010937 0.050000
0 0.447656 0.077315 0.010937 0.058333
0 0.632292 0.543519 0.061458 0.374074
0 0.182812 0.821296 0.138542 0.355556
