0 0.355729 0.477778 0.027083 0.105556
0 0.692448 0.088889 0.031771 0.150000
0 0.657292 0.093981 0.040625 0.150926
0 0.755729 0.078704 0.036458 0.153704
0 0.769792 0.096759 0.027083 0.154630
0 0.754427 0.187500 0.057813 0.236111
0 0.727604 0.246296 0.047917 0.261111
0 0.683594 0.306481 0.053646 0.314815
0 0.647656 0.324537 0.054688 0.321296
0 0.677865 0.386111 0.065104 0.348148
0 0.741667 0.388889 0.061458 0.359259
0 0.789844 0.374074 0.048438 0.287037
0 0.804688 0.428704 0.072917 0.424074
0 0.852604 0.759259 0.110417 0.477778
0 0.085677 0.578241 0.029687 0.149074
0 0.714844 0.820833 0.148438 0.354630
