0 0.484896 0.198148 0.029167 0.090741
0 0.390104 0.169444 0.011458 0.072222
0 0.530729 0.259259 0.015625 0.109259
0 0.512760 0.260648 0.024479 0.141667
0 0.488281 0.255556 0.023438 0.098148
0 0.158854 0.500000 0.052083 0.161111
0 0.400000 0.169907 0.009375 0.080556
0 0.413542 0.175000 0.014583 0.085185
0 0.111979 0.726389 0.050000 0.349074
0 0.448177 0.357870 0.034896 0.195370
0 0.480990 0.361111 0.027604 0.164815
0 0.510156 0.404167 0.032813 0.193519
0 0.561719 0.375926 0.030729 0.172222
0 0.133594 0.204167 0.023438 0.125000
0 0.266406 0.245833 0.021354 0.125000
0 0.423958 0.491204 0.061458 0.341667
0 0.477083 0.497685 0.058333 0.293519
0 0.526823 0.531019 0.082812 0.319444
0 0.371354 0.878241 0.103125 0.241667
0 0.160417 0.707407 0.053125 0.357407
