0 0.628385 0.865278 0.111979 0.265741
0 0.567187 0.723611 0.142708 0.437963
0 0.321094 0.720370 0.110937 0.459259
0 0.375000 0.657870 0.101042 0.489815
0 0.477865 0.619444 0.085938 0.466667
0 0.530729 0.603704 0.088542 0.466667
0 0.240625 0.568981 0.084375 0.489815
0 0.300781 0.488426 0.054688 0.182407
0 0.270313 0.452315 0.041667 0.178704
0 0.296354 0.422222 0.046875 0.164815
0 0.528906 0.369444 0.053646 0.153704
0 0.309896 0.333333 0.046875 0.187037
0 0.432031 0.397685 0.030729 0.219444
0 0.463281 0.376852 0.047396 0.259259
0 0.525781 0.281481 0.046354 0.227778
0 0.380990 0.300463 0.061979 0.289815
0 0.351042 0.272685 0.056250 0.115741
0 0.346094 0.179630 0.033854 0.135185
0 0.412500 0.187500 0.023958 0.149074
0 0.464062 0.205093 0.023958 0.125000
0 0.438802 0.210185 0.031771 0.124074
0 0.403646 0.132870 0.019792 0.097222
0 0.486979 0.187963 0.030208 0.166667
0 0.376823 0.138889 0.027604 0.105556
0 0.445052 0.106944 0.011979 0.065741
0 0.416146 0.066667 0.011458 0.053704
0 0.404427 0.085648 0.013021 0.060185
0 0.421615 0.088889 0.011979 0.057407
0 0.431250 0.088426 0.013542 0.065741
0 0.405469 0.837963 0.075521 0.322222
