0 0.238542 0.134259 0.009375 0.050000
0 0.129427 0.159259 0.016146 0.096296
0 0.143750 0.161111 0.016667 0.092593
0 0.115885 0.240278 0.027604 0.147222
0 0.226562 0.224074 0.022917 0.114815
0 0.240104 0.245370 0.031250 0.150000
0 0.403385 0.182870 0.016146 0.073148
0 0.422396 0.154630 0.015625 0.079630
0 0.394010 0.225463 0.021354 0.117593
0 0.419271 0.240278 0.017708 0.136111
0 0.408854 0.239352 0.026042 0.125000
0 0.542188 0.212037 0.018750 0.085185
0 0.501563 0.237037 0.020833 0.079630
0 0.492969 0.243519 0.024479 0.114815
0 0.495312 0.137037 0.015625 0.062963
0 0.482031 0.189815 0.017188 0.088889
0 0.496615 0.201389 0.026562 0.078704
0 0.511458 0.158796 0.012500 0.056481
0 0.475260 0.208333 0.017188 0.092593
0 0.531510 0.229167 0.015104 0.087963
0 0.541146 0.237037 0.020833 0.101852
0 0.470313 0.302778 0.023958 0.124074
0 0.481771 0.289352 0.025000 0.137963
0 0.523958 0.300000 0.029167 0.138889
0 0.541146 0.310185 0.055208 0.155556
0 0.484375 0.326852 0.028125 0.148148
0 0.448177 0.365741 0.022396 0.109259
0 0.499740 0.349537 0.039062 0.145370
0 0.464323 0.382870 0.046354 0.219444
0 0.498177 0.404630 0.044271 0.216667
0 0.557813 0.405556 0.034375 0.203704
0 0.544531 0.422222 0.041146 0.222222
0 0.518229 0.465741 0.031250 0.137037
0 0.557292 0.585648 0.068750 0.306481
0 0.455208 0.550463 0.068750 0.325000
0 0.648438 0.691204 0.088542 0.430556
0 0.551823 0.745833 0.061979 0.417593
0 0.517188 0.736111 0.126042 0.466667
0 0.128385 0.625926 0.023438 0.109259
