0 0.773958 0.115278 0.033333 0.171296
0 0.383594 0.440278 0.076563 0.345370
0 0.675521 0.342593 0.060417 0.314815
0 0.639583 0.380093 0.041667 0.262037
0 0.707812 0.174074 0.033333 0.220370
0 0.749479 0.204167 0.040625 0.213889
0 0.783073 0.228704 0.031771 0.120370
0 0.740625 0.107870 0.036458 0.175000
0 0.025000 0.139815 0.025000 0.131481
0 0.567708 0.650463 0.076042 0.317593
0 0.561719 0.816204 0.080729 0.321296
0 0.644271 0.226852 0.034375 0.138889
0 0.041406 0.512037 0.031771 0.124074
0 0.759635 0.260648 0.047396 0.252778
0 0.065625 0.150000 0.016667 0.118519
0 0.047917 0.145833 0.021875 0.130556
0 0.357812 0.056481 0.016667 0.092593
0 0.641927 0.595370 0.096354 0.425926
0 0.685417 0.184259 0.047917 0.212963
0 0.339844 0.058796 0.027604 0.113889
0 0.014323 0.528704 0.025521 0.081481
0 0.470573 0.755556 0.106771 0.474074
0 0.639844 0.759259 0.111979 0.481481
0 0.785156 0.784722 0.148438 0.426852
0 0.886198 0.808796 0.109896 0.380556
