0 0.476562 0.234259 0.018750 0.129630
0 0.491406 0.219444 0.018229 0.098148
0 0.401042 0.195370 0.013542 0.048148
0 0.148438 0.149074 0.019792 0.085185
0 0.549479 0.360185 0.039583 0.148148
0 0.429427 0.422222 0.042188 0.235185
0 0.510417 0.420833 0.039583 0.195370
0 0.445052 0.530093 0.100521 0.334259
0 0.450000 0.732407 0.070833 0.424074
0 0.281250 0.244444 0.026042 0.142593
0 0.113021 0.164352 0.013542 0.091667
0 0.447396 0.293981 0.029167 0.123148
0 0.472135 0.384259 0.043229 0.179630
0 0.507552 0.285185 0.027604 0.151852
0 0.543229 0.431481 0.055208 0.155556
0 0.536198 0.283333 0.036979 0.111111
0 0.525000 0.669444 0.085417 0.357407
0 0.120573 0.183333 0.023438 0.088889
0 0.488802 0.156019 0.011979 0.069444
0 0.519010 0.802778 0.118229 0.401852
0 0.615104 0.802315 0.108333 0.391667
