0 0.483073 0.231481 0.038021 0.196296
0 0.452604 0.238889 0.037500 0.179630
0 0.435417 0.220370 0.029167 0.172222
0 0.454688 0.126852 0.022917 0.100000
0 0.442448 0.090741 0.010937 0.062963
0 0.449479 0.067593 0.007292 0.040741
0 0.437240 0.077315 0.011979 0.047222
0 0.420833 0.076852 0.009375 0.050000
0 0.427865 0.079630 0.009896 0.055556
0 0.414323 0.085185 0.008854 0.055556
0 0.421094 0.088426 0.010937 0.058333
0 0.403906 0.098148 0.011979 0.070370
0 0.351562 0.178241 0.027083 0.123148
0 0.346875 0.177315 0.020833 0.128704
0 0.372917 0.177315 0.019792 0.147222
0 0.382812 0.187037 0.016667 0.144444
0 0.361198 0.195833 0.022396 0.132407
0 0.389583 0.200000 0.026042 0.170370
0 0.353385 0.241204 0.047396 0.091667
0 0.321875 0.341204 0.047917 0.265741
0 0.407552 0.346296 0.036979 0.257407
0 0.420573 0.375463 0.054688 0.265741
0 0.336719 0.382407 0.059896 0.268519
0 0.446094 0.428241 0.033854 0.195370
0 0.376042 0.413889 0.035417 0.211111
0 0.290625 0.471296 0.085417 0.255556
0 0.260677 0.573148 0.092188 0.294444
0 0.225521 0.683796 0.129167 0.350926
0 0.336719 0.633333 0.067187 0.257407
0 0.419531 0.624537 0.054688 0.295370
0 0.551562 0.546296 0.110417 0.279630
0 0.565625 0.460648 0.048958 0.319444
0 0.614323 0.510185 0.050521 0.268519
0 0.573438 0.625000 0.048958 0.187037
0 0.569792 0.656481 0.157292 0.305556
0 0.582031 0.754630 0.221354 0.362963
0 0.588802 0.819444 0.188021 0.359259
0 0.650000 0.885648 0.218750 0.226852
0 0.201302 0.815741 0.165104 0.366667
