0 0.464583 0.118981 0.016667 0.093519
0 0.420833 0.064352 0.006250 0.032407
0 0.390365 0.125463 0.018229 0.089815
0 0.360677 0.178241 0.039062 0.084259
0 0.394271 0.296296 0.050000 0.277778
0 0.523438 0.369444 0.027083 0.209259
0 0.498698 0.471296 0.050521 0.294444
0 0.488802 0.553241 0.056771 0.397222
0 0.598698 0.753704 0.077604 0.457407
0 0.439844 0.141204 0.011979 0.082407
0 0.347656 0.314815 0.043229 0.261111
0 0.443229 0.153241 0.029167 0.126852
0 0.477604 0.192593 0.037500 0.120370
0 0.577083 0.429630 0.056250 0.220370
0 0.399740 0.143981 0.021354 0.097222
0 0.452865 0.483796 0.058854 0.373148
0 0.564323 0.532870 0.066146 0.241667
0 0.379427 0.176852 0.024479 0.083333
0 0.412760 0.061111 0.007812 0.042593
0 0.356510 0.206019 0.040104 0.086111
0 0.496615 0.789352 0.140104 0.417593
0 0.614583 0.816667 0.085417 0.361111
0 0.560156 0.825463 0.165104 0.345370
0 0.691406 0.857870 0.102604 0.280556
