0 0.609896 0.800926 0.171875 0.348148
0 0.576042 0.704167 0.181250 0.326852
0 0.554427 0.590741 0.140104 0.281481
0 0.558073 0.442130 0.061979 0.323148
0 0.458333 0.113426 0.014583 0.087963
0 0.428125 0.138426 0.017708 0.099074
0 0.422917 0.074074 0.009375 0.044444
0 0.434635 0.066204 0.008854 0.045370
0 0.428906 0.074537 0.007812 0.050926
0 0.413542 0.078704 0.007292 0.051852
0 0.401562 0.075463 0.006250 0.049074
0 0.410938 0.091667 0.007292 0.044444
0 0.400781 0.164352 0.020313 0.143519
0 0.404427 0.192593 0.015104 0.105556
0 0.371875 0.168981 0.046875 0.091667
0 0.363802 0.176852 0.016146 0.142593
0 0.377865 0.193981 0.025521 0.147222
0 0.363021 0.220370 0.035417 0.105556
0 0.366667 0.251852 0.056250 0.127778
0 0.363281 0.256019 0.065104 0.145370
0 0.442448 0.404630 0.048438 0.305556
0 0.421875 0.425000 0.076042 0.379630
0 0.471354 0.653241 0.093750 0.404630
0 0.395573 0.718981 0.118229 0.528704
0 0.308594 0.539352 0.140104 0.271296
0 0.245052 0.638889 0.131771 0.357407
0 0.227865 0.745833 0.166146 0.402778
0 0.130469 0.888889 0.114062 0.220370
0 0.644531 0.840278 0.201563 0.317593
0 0.678646 0.866204 0.127083 0.263889
