0 0.413281 0.153241 0.014063 0.075000
0 0.144531 0.215278 0.024479 0.119444
0 0.136719 0.243056 0.025521 0.125000
0 0.122396 0.235648 0.028125 0.136111
0 0.545573 0.304630 0.027604 0.140741
0 0.534115 0.475926 0.040104 0.214815
0 0.474479 0.566204 0.072917 0.337963
0 0.408073 0.356944 0.056771 0.212037
0 0.613802 0.704167 0.099479 0.375000
0 0.474219 0.650000 0.056771 0.375926
0 0.376563 0.616204 0.046875 0.341667
0 0.477344 0.315278 0.028646 0.165741
0 0.499219 0.475926 0.038021 0.220370
0 0.420052 0.218981 0.011979 0.082407
0 0.565625 0.462500 0.044792 0.237963
0 0.397135 0.167130 0.015104 0.080556
0 0.444792 0.325463 0.033333 0.184259
0 0.484896 0.281944 0.018750 0.076852
0 0.436458 0.513889 0.054167 0.305556
0 0.397135 0.199074 0.018229 0.098148
0 0.533333 0.638426 0.066667 0.384259
0 0.530990 0.360185 0.035937 0.161111
0 0.381250 0.546759 0.065625 0.299074
0 0.484115 0.249537 0.021354 0.115741
0 0.212500 0.590278 0.066667 0.295370
0 0.517969 0.248148 0.021354 0.114815
0 0.186458 0.218519 0.021875 0.127778
0 0.593750 0.831019 0.092708 0.334259
0 0.413021 0.857407 0.125000 0.283333
