0 0.660677 0.091204 0.028646 0.160185
0 0.686979 0.093981 0.027083 0.154630
0 0.750260 0.075926 0.021354 0.140741
0 0.735417 0.083796 0.029167 0.158333
0 0.714844 0.093981 0.027604 0.173148
0 0.735677 0.115741 0.030729 0.155556
0 0.762760 0.179167 0.039062 0.204630
0 0.929688 0.480093 0.060417 0.360185
0 0.869271 0.501852 0.083333 0.403704
0 0.232292 0.367593 0.014583 0.094444
0 0.223438 0.380556 0.017708 0.105556
0 0.436458 0.441667 0.055208 0.348148
0 0.356250 0.492130 0.050000 0.362037
0 0.395833 0.482870 0.047917 0.249074
0 0.348698 0.570370 0.083854 0.412963
0 0.070573 0.559259 0.031771 0.153704
0 0.044531 0.549537 0.041146 0.167593
0 0.023958 0.177315 0.034375 0.143519
0 0.479687 0.068519 0.025000 0.133333
0 0.441667 0.066667 0.027083 0.131481
0 0.620313 0.029167 0.017708 0.058333
