0 0.116927 0.210648 0.020313 0.108333
0 0.407552 0.163426 0.013021 0.080556
0 0.393750 0.203241 0.012500 0.065741
0 0.135156 0.230556 0.025521 0.118519
0 0.460938 0.377778 0.034375 0.177778
0 0.501823 0.425463 0.038021 0.195370
0 0.426042 0.422222 0.034375 0.127778
0 0.546094 0.517130 0.058854 0.265741
0 0.684635 0.694907 0.074479 0.337963
0 0.526302 0.307870 0.031771 0.154630
0 0.483594 0.293056 0.023438 0.152778
0 0.461719 0.421296 0.053646 0.222222
0 0.500000 0.350463 0.035417 0.169444
0 0.499479 0.512963 0.047917 0.248148
0 0.398177 0.181481 0.017188 0.085185
0 0.479948 0.550000 0.063021 0.312963
0 0.498698 0.200926 0.016146 0.087037
0 0.477604 0.351852 0.029167 0.172222
0 0.438542 0.367593 0.041667 0.201852
0 0.424219 0.862037 0.098437 0.274074
0 0.108854 0.786574 0.069792 0.425000
0 0.133073 0.823148 0.132812 0.351852
