0 0.485156 0.140278 0.014063 0.063889
0 0.399479 0.243519 0.028125 0.120370
0 0.523177 0.213889 0.015104 0.081481
0 0.488021 0.246759 0.020833 0.104630
0 0.523438 0.328704 0.025000 0.155556
0 0.464062 0.370833 0.028125 0.123148
0 0.537760 0.486574 0.041146 0.202778
0 0.401823 0.568519 0.039062 0.329630
0 0.564844 0.619444 0.067187 0.338889
0 0.487500 0.653704 0.058333 0.398148
0 0.425781 0.247222 0.022396 0.125926
0 0.534115 0.229630 0.020313 0.077778
0 0.503125 0.212963 0.017708 0.092593
0 0.431510 0.346759 0.041146 0.182407
0 0.523958 0.449537 0.029167 0.241667
0 0.467187 0.297222 0.030208 0.151852
0 0.439583 0.554630 0.051042 0.353704
0 0.551823 0.709259 0.082812 0.401852
0 0.417448 0.631944 0.064062 0.341667
0 0.144010 0.189815 0.016146 0.088889
0 0.481510 0.126852 0.011979 0.055556
0 0.554427 0.313426 0.028646 0.160185
0 0.499219 0.330093 0.031771 0.175000
0 0.650260 0.804630 0.109896 0.387037
0 0.351302 0.838889 0.154688 0.318519
