0 0.625260 0.729630 0.153646 0.505556
0 0.576302 0.714352 0.181771 0.336111
0 0.498437 0.207407 0.025000 0.146296
0 0.489063 0.212037 0.033333 0.168519
0 0.443750 0.202778 0.022917 0.153704
0 0.453906 0.119907 0.014063 0.084259
0 0.462500 0.120370 0.011458 0.085185
0 0.441406 0.081944 0.011979 0.062037
0 0.431771 0.090278 0.009375 0.041667
0 0.424219 0.080093 0.010937 0.058333
0 0.417187 0.070833 0.008333 0.047222
0 0.398438 0.163426 0.027083 0.147222
0 0.360417 0.155093 0.012500 0.104630
0 0.368750 0.172222 0.015625 0.133333
0 0.380469 0.160185 0.024479 0.079630
0 0.381510 0.192130 0.020313 0.149074
0 0.398438 0.195370 0.019792 0.150000
0 0.351823 0.192593 0.019271 0.153704
0 0.369792 0.250926 0.065625 0.133333
0 0.364323 0.256481 0.063021 0.140741
0 0.286719 0.594444 0.131771 0.300000
0 0.227344 0.744907 0.165104 0.400926
0 0.558854 0.670833 0.181250 0.217593
