0 0.422396 0.062963 0.007292 0.046296
0 0.445312 0.063889 0.006250 0.037037
0 0.439844 0.088426 0.011979 0.060185
0 0.447917 0.077315 0.009375 0.052778
0 0.396875 0.105556 0.018750 0.040741
0 0.373698 0.176852 0.031771 0.138889
0 0.396875 0.134722 0.020833 0.050926
0 0.464844 0.155556 0.019271 0.059259
0 0.455469 0.158796 0.019271 0.104630
0 0.476042 0.214815 0.036458 0.146296
0 0.425521 0.192593 0.029167 0.164815
0 0.381771 0.155093 0.013542 0.119444
0 0.351823 0.215741 0.031771 0.100000
0 0.507292 0.574537 0.051042 0.291667
0 0.550521 0.592593 0.098958 0.398148
0 0.369531 0.406944 0.064062 0.339815
0 0.281510 0.653704 0.099479 0.320370
0 0.259896 0.699537 0.108333 0.393519
0 0.080208 0.886574 0.140625 0.225000
0 0.220833 0.729630 0.092708 0.529630
