0 0.134115 0.204167 0.029687 0.137963
0 0.119010 0.216667 0.031771 0.118519
0 0.158854 0.176852 0.016667 0.085185
0 0.254948 0.251389 0.033854 0.139815
0 0.403906 0.151852 0.010937 0.077778
0 0.390365 0.160185 0.007812 0.064815
0 0.397135 0.165278 0.014063 0.073148
0 0.418490 0.159259 0.016146 0.077778
0 0.477083 0.124537 0.008333 0.049074
0 0.487760 0.128704 0.011979 0.053704
0 0.544271 0.244444 0.018750 0.074074
0 0.526302 0.227315 0.022396 0.097222
0 0.509896 0.242130 0.025000 0.125000
0 0.528646 0.306019 0.031250 0.149074
0 0.476823 0.300000 0.033854 0.153704
0 0.528906 0.435185 0.042188 0.166667
0 0.549219 0.444444 0.046354 0.238889
0 0.497917 0.454630 0.046875 0.237037
0 0.468229 0.445833 0.046875 0.232407
0 0.423698 0.418981 0.045312 0.217593
0 0.390365 0.459259 0.043229 0.262963
0 0.395573 0.781481 0.110937 0.435185
