0 0.656771 0.738889 0.059375 0.311111
0 0.477344 0.205556 0.018229 0.057407
0 0.500781 0.191667 0.018229 0.048148
0 0.547396 0.326389 0.038542 0.152778
0 0.427865 0.355556 0.030729 0.190741
0 0.275521 0.229167 0.025000 0.119444
0 0.130469 0.243981 0.024479 0.121296
0 0.524219 0.631019 0.080729 0.265741
0 0.451823 0.725463 0.064062 0.371296
0 0.692969 0.737037 0.077604 0.329630
0 0.475521 0.305556 0.026042 0.159259
0 0.448177 0.348611 0.029687 0.158333
0 0.130469 0.165278 0.013021 0.058333
0 0.520052 0.313426 0.026562 0.149074
0 0.243490 0.251389 0.024479 0.134259
0 0.454427 0.294444 0.031771 0.166667
0 0.391667 0.727315 0.050000 0.421296
0 0.502083 0.310648 0.023958 0.137963
0 0.525521 0.765741 0.085417 0.383333
0 0.413542 0.610185 0.053125 0.301852
