0 0.497396 0.146296 0.011458 0.064815
0 0.122656 0.185648 0.019271 0.099074
0 0.111198 0.201852 0.016146 0.079630
0 0.488802 0.175463 0.013021 0.073148
0 0.505469 0.150463 0.010937 0.082407
0 0.398177 0.175463 0.018229 0.091667
0 0.425000 0.153704 0.016667 0.085185
0 0.281250 0.237500 0.025000 0.137963
0 0.519792 0.445370 0.040625 0.183333
0 0.585938 0.663426 0.070833 0.408333
0 0.478646 0.166204 0.012500 0.071296
0 0.529948 0.225926 0.019271 0.101852
0 0.407031 0.159722 0.013021 0.069444
0 0.492969 0.448611 0.043229 0.237963
0 0.487500 0.222222 0.013542 0.103704
0 0.119010 0.777315 0.118229 0.434259
0 0.239063 0.859722 0.125000 0.276852
0 0.368750 0.872685 0.130208 0.252778
