0 0.758594 0.491204 0.074479 0.286111
0 0.501563 0.456944 0.079167 0.312037
0 0.447917 0.288426 0.061458 0.250926
0 0.491146 0.245833 0.038542 0.212037
0 0.461979 0.178704 0.027083 0.074074
0 0.434896 0.140741 0.013542 0.062963
0 0.435677 0.096759 0.015104 0.069444
0 0.443750 0.110185 0.007292 0.044444
0 0.447917 0.095833 0.008333 0.060185
0 0.442708 0.090741 0.008333 0.059259
0 0.450260 0.074537 0.005729 0.047222
0 0.427865 0.084259 0.010937 0.066667
0 0.423958 0.093519 0.007292 0.053704
0 0.414844 0.085648 0.010937 0.060185
0 0.416927 0.063889 0.010937 0.048148
0 0.399740 0.085648 0.013021 0.073148
0 0.364583 0.198611 0.026042 0.110185
0 0.346875 0.185185 0.018750 0.144444
0 0.363281 0.209722 0.015104 0.091667
0 0.376042 0.238426 0.029167 0.097222
0 0.357031 0.252778 0.052604 0.105556
0 0.264844 0.741667 0.131771 0.340741
