0 0.876302 0.734259 0.091146 0.398148
0 0.571354 0.691204 0.140625 0.337963
0 0.592187 0.766667 0.151042 0.364815
0 0.575000 0.537037 0.103125 0.231481
0 0.269271 0.553241 0.097917 0.284259
0 0.312500 0.472222 0.082292 0.285185
0 0.374740 0.406019 0.063021 0.206481
0 0.372135 0.437500 0.033854 0.184259
0 0.375000 0.318981 0.040625 0.221296
0 0.409635 0.365278 0.064062 0.300926
0 0.477344 0.393056 0.061979 0.356481
0 0.537500 0.361111 0.053125 0.320370
0 0.495833 0.262037 0.031250 0.190741
0 0.466927 0.264352 0.027604 0.147222
0 0.442448 0.243056 0.035937 0.184259
0 0.370312 0.122222 0.014583 0.077778
0 0.368750 0.234259 0.030208 0.164815
0 0.347917 0.259722 0.036458 0.108333
0 0.346875 0.194907 0.023958 0.067593
0 0.398177 0.145370 0.017188 0.085185
0 0.463281 0.183796 0.021354 0.115741
0 0.475521 0.171296 0.026042 0.133333
0 0.436458 0.171759 0.029167 0.121296
0 0.417448 0.170833 0.011979 0.123148
0 0.434115 0.108333 0.014063 0.072222
0 0.456771 0.118981 0.014583 0.073148
0 0.443229 0.114352 0.011458 0.062037
0 0.420312 0.111574 0.013542 0.062037
0 0.417969 0.094907 0.010937 0.056481
0 0.429167 0.070833 0.009375 0.034259
0 0.626042 0.868519 0.134375 0.257407
0 0.539323 0.807870 0.080729 0.382407
0 0.387240 0.751852 0.153646 0.494444
