0 0.200781 0.223148 0.015104 0.125926
0 0.192448 0.241667 0.025521 0.138889
0 0.208854 0.211574 0.017708 0.141667
0 0.530208 0.359722 0.030208 0.202778
0 0.449479 0.337963 0.036458 0.175926
0 0.407813 0.486111 0.043750 0.296296
0 0.517188 0.537963 0.046875 0.324074
0 0.688802 0.728704 0.063021 0.375926
0 0.115365 0.657870 0.033854 0.136111
0 0.490104 0.205556 0.014583 0.087037
0 0.486719 0.340741 0.033854 0.183333
0 0.509896 0.210648 0.018750 0.099074
0 0.478125 0.514352 0.045833 0.287963
0 0.494531 0.144444 0.010937 0.062963
0 0.431771 0.533796 0.059375 0.339815
0 0.484896 0.268519 0.032292 0.159259
0 0.626823 0.706019 0.069271 0.363889
0 0.486979 0.137500 0.009375 0.063889
0 0.552083 0.352778 0.027083 0.174074
0 0.669792 0.855093 0.097917 0.287963
0 0.623958 0.832407 0.085417 0.333333
