0 0.517448 0.422685 0.098437 0.202778
0 0.475260 0.191204 0.033854 0.099074
0 0.444010 0.144444 0.023438 0.103704
0 0.416667 0.137963 0.015625 0.087037
0 0.367188 0.198611 0.044792 0.080556
0 0.361198 0.207870 0.042188 0.125000
0 0.363802 0.184259 0.040104 0.100000
0 0.371354 0.123611 0.012500 0.089815
0 0.398438 0.142593 0.018750 0.068519
0 0.421615 0.081019 0.014063 0.063889
0 0.451823 0.083333 0.007812 0.044444
0 0.446615 0.068056 0.010937 0.049074
0 0.440104 0.067130 0.009375 0.043519
0 0.374219 0.182407 0.032813 0.094444
0 0.588281 0.733333 0.197396 0.329630
0 0.380208 0.138426 0.014583 0.099074
0 0.283073 0.500463 0.084896 0.273148
0 0.389062 0.131481 0.013542 0.096296
0 0.564063 0.603241 0.152083 0.228704
0 0.455208 0.138889 0.018750 0.100000
0 0.560417 0.589815 0.127083 0.285185
0 0.408333 0.079167 0.013542 0.041667
0 0.430729 0.133333 0.016667 0.098148
0 0.360677 0.251389 0.056771 0.136111
0 0.433073 0.063426 0.007812 0.041667
0 0.852344 0.554167 0.069271 0.332407
0 0.411458 0.863426 0.096875 0.271296
