0 0.138021 0.236111 0.023958 0.140741
0 0.415104 0.213426 0.019792 0.136111
0 0.125521 0.237500 0.018750 0.128704
0 0.525521 0.343056 0.022917 0.173148
0 0.484896 0.345370 0.034375 0.161111
0 0.493750 0.434259 0.033333 0.174074
0 0.507031 0.545833 0.069271 0.232407
0 0.524740 0.632407 0.064062 0.337037
0 0.395573 0.556944 0.047396 0.330556
0 0.497917 0.765278 0.066667 0.417593
0 0.489583 0.283796 0.031250 0.119444
0 0.530469 0.434259 0.045312 0.222222
0 0.535417 0.288426 0.028125 0.152778
0 0.466927 0.429630 0.035937 0.194444
0 0.394010 0.251389 0.022396 0.137963
0 0.564844 0.595370 0.053646 0.342593
0 0.465885 0.624537 0.074479 0.334259
0 0.546354 0.260185 0.020833 0.077778
0 0.563802 0.686574 0.074479 0.345370
0 0.507031 0.339352 0.027604 0.182407
