0 0.407031 0.187500 0.025521 0.113889
0 0.375521 0.300463 0.034375 0.160185
0 0.463542 0.195370 0.038542 0.179630
0 0.474219 0.161111 0.029687 0.150000
0 0.314844 0.461111 0.055729 0.233333
0 0.245573 0.433796 0.064062 0.239815
0 0.182812 0.573148 0.063542 0.250000
0 0.120052 0.264352 0.041146 0.182407
0 0.369271 0.068519 0.018750 0.092593
0 0.314323 0.262500 0.051562 0.175000
0 0.374219 0.214352 0.032813 0.108333
0 0.223177 0.419907 0.048438 0.215741
0 0.241927 0.286574 0.042188 0.169444
0 0.101562 0.570833 0.073958 0.249074
0 0.336458 0.213889 0.039583 0.114815
0 0.534375 0.183333 0.031250 0.196296
0 0.195833 0.179630 0.033333 0.172222
0 0.342969 0.269907 0.041146 0.158333
0 0.501563 0.707407 0.080208 0.533333
0 0.369792 0.653704 0.084375 0.320370
0 0.340625 0.405556 0.046875 0.218519
0 0.594271 0.253704 0.029167 0.194444
0 0.112500 0.390741 0.052083 0.231481
0 0.072917 0.427778 0.047917 0.201852
0 0.207292 0.516667 0.068750 0.242593
0 0.608594 0.344444 0.047396 0.261111
0 0.114583 0.759722 0.107292 0.376852
0 0.038021 0.561111 0.071875 0.268519
0 0.492188 0.237963 0.037500 0.211111
0 0.518490 0.178241 0.022396 0.182407
0 0.394271 0.287500 0.041667 0.173148
0 0.566146 0.184259 0.026042 0.166667
0 0.550000 0.215741 0.028125 0.205556
0 0.226042 0.165278 0.031250 0.150926
0 0.299479 0.172685 0.030208 0.108333
0 0.461198 0.672685 0.097396 0.495370
0 0.398698 0.102315 0.024479 0.076852
0 0.604427 0.328704 0.056771 0.251852
0 0.532552 0.045833 0.017188 0.075000
0 0.434375 0.187037 0.023958 0.112963
0 0.019531 0.337963 0.038021 0.244444
0 0.616146 0.796296 0.104167 0.405556
0 0.078906 0.848611 0.150521 0.293519
0 0.267708 0.809722 0.133333 0.378704
