0 0.042448 0.140278 0.028646 0.134259
0 0.478906 0.399537 0.017188 0.104630
0 0.337500 0.351389 0.009375 0.052778
0 0.369271 0.395370 0.021875 0.114815
0 0.643490 0.193519 0.060937 0.229630
0 0.597396 0.553704 0.102083 0.457407
0 0.680729 0.778704 0.115625 0.368519
0 0.341667 0.081944 0.019792 0.110185
0 0.738802 0.071759 0.026562 0.136111
0 0.692448 0.066204 0.023438 0.117593
0 0.785677 0.137500 0.033854 0.163889
0 0.764844 0.143981 0.043229 0.199074
0 0.688802 0.140278 0.025521 0.150926
0 0.668750 0.148148 0.033333 0.200000
0 0.733854 0.212037 0.065625 0.225926
0 0.687500 0.235185 0.034375 0.138889
0 0.715104 0.085185 0.030208 0.133333
0 0.717969 0.433333 0.057813 0.348148
0 0.760677 0.470370 0.054688 0.331481
0 0.658854 0.504630 0.078125 0.374074
0 0.728385 0.142593 0.035937 0.159259
0 0.611719 0.485185 0.045312 0.248148
0 0.581771 0.701852 0.118750 0.470370
0 0.866667 0.688889 0.095833 0.422222
0 0.226302 0.386111 0.019271 0.103704
0 0.745833 0.818056 0.136458 0.360185
