0 0.466667 0.128241 0.017708 0.089815
0 0.357812 0.167593 0.011458 0.098148
0 0.397656 0.200000 0.022396 0.148148
0 0.286198 0.493981 0.106771 0.269444
0 0.367969 0.235648 0.033854 0.080556
0 0.527083 0.462500 0.093750 0.225000
0 0.425521 0.170370 0.020833 0.118519
0 0.559896 0.541204 0.086458 0.212037
0 0.320312 0.464815 0.101042 0.251852
0 0.430469 0.110648 0.016146 0.065741
0 0.370833 0.171296 0.018750 0.120370
0 0.443750 0.111111 0.013542 0.072222
0 0.396094 0.131019 0.015104 0.080556
0 0.434896 0.187500 0.031250 0.152778
0 0.576823 0.442593 0.039062 0.311111
0 0.456771 0.180556 0.026042 0.133333
0 0.415365 0.088426 0.010937 0.063889
0 0.334896 0.266204 0.039583 0.215741
0 0.352083 0.155093 0.015625 0.087963
0 0.406771 0.112963 0.014583 0.072222
0 0.599740 0.687500 0.078646 0.443519
0 0.629948 0.816204 0.158854 0.360185
0 0.378125 0.147222 0.015625 0.094444
0 0.421354 0.064815 0.009375 0.048148
0 0.064323 0.783333 0.115104 0.431481
0 0.168750 0.722685 0.086458 0.552778
0 0.332813 0.754630 0.098958 0.488889
0 0.641406 0.861574 0.122396 0.275000
0 0.502083 0.802315 0.185417 0.393519
