0 0.365625 0.061574 0.018750 0.078704
0 0.357031 0.065278 0.020313 0.097222
0 0.477865 0.067593 0.024479 0.075926
0 0.434375 0.081944 0.022917 0.060185
0 0.425000 0.118981 0.019792 0.073148
0 0.453646 0.125926 0.027083 0.070370
0 0.385937 0.144907 0.038542 0.082407
0 0.458594 0.174074 0.019271 0.088889
0 0.431510 0.198611 0.026562 0.110185
0 0.422917 0.219907 0.039583 0.136111
0 0.417448 0.241204 0.043229 0.132407
0 0.385156 0.191667 0.027604 0.088889
0 0.379167 0.203704 0.036458 0.107407
0 0.373177 0.220833 0.044271 0.117593
0 0.335417 0.168981 0.021875 0.087963
0 0.313281 0.156019 0.028646 0.082407
0 0.510938 0.070370 0.016667 0.090741
0 0.548438 0.044444 0.015625 0.079630
0 0.537240 0.050926 0.018229 0.098148
0 0.560677 0.053704 0.015104 0.092593
0 0.563281 0.073148 0.015104 0.098148
0 0.494271 0.150926 0.027083 0.116667
0 0.486719 0.180093 0.031771 0.147222
0 0.467448 0.243981 0.042188 0.186111
0 0.600260 0.171296 0.031771 0.133333
0 0.577604 0.156481 0.035417 0.144444
0 0.570573 0.202778 0.031771 0.153704
0 0.600260 0.213426 0.036979 0.152778
0 0.530729 0.235185 0.026042 0.233333
0 0.555469 0.269444 0.027604 0.231481
0 0.495833 0.320370 0.036458 0.251852
0 0.478646 0.397222 0.045833 0.277778
0 0.531250 0.409259 0.058333 0.316667
0 0.570052 0.378241 0.052604 0.325000
0 0.610677 0.391667 0.052604 0.285185
0 0.277604 0.119907 0.031250 0.134259
0 0.262500 0.139352 0.022917 0.106481
0 0.285417 0.175463 0.028125 0.091667
0 0.282031 0.200463 0.058854 0.126852
0 0.291146 0.233796 0.025000 0.087963
0 0.222917 0.177315 0.027083 0.163889
0 0.381250 0.299537 0.054167 0.180556
0 0.344531 0.274074 0.041146 0.148148
0 0.324479 0.288889 0.056250 0.172222
0 0.259896 0.261574 0.048958 0.162037
0 0.157552 0.268056 0.044271 0.230556
0 0.308594 0.442593 0.075521 0.231481
0 0.167708 0.379630 0.039583 0.183333
0 0.057552 0.274074 0.058854 0.225926
0 0.481250 0.769444 0.064583 0.379630
0 0.387500 0.728241 0.125000 0.487963
0 0.278385 0.539815 0.082812 0.307407
0 0.212500 0.500926 0.072917 0.325926
0 0.243490 0.593519 0.063021 0.203704
0 0.053385 0.422222 0.048438 0.211111
0 0.137500 0.473148 0.051042 0.214815
0 0.083333 0.471296 0.052083 0.179630
0 0.106510 0.556944 0.082812 0.236111
0 0.083333 0.750000 0.078125 0.318519
0 0.655469 0.841667 0.155729 0.314815
0 0.686719 0.787500 0.109896 0.419444
