0 0.419271 0.227315 0.019792 0.113889
0 0.400260 0.225463 0.025521 0.106481
0 0.479167 0.152778 0.012500 0.051852
0 0.491406 0.133333 0.011979 0.057407
0 0.524740 0.169444 0.015104 0.074074
0 0.511719 0.177778 0.019271 0.081481
0 0.498437 0.157407 0.012500 0.068519
0 0.475260 0.229167 0.018229 0.117593
0 0.497135 0.243981 0.021354 0.121296
0 0.484375 0.263426 0.032292 0.139815
0 0.490625 0.296759 0.025000 0.108333
0 0.526563 0.274537 0.032292 0.149074
0 0.533854 0.336111 0.036458 0.177778
0 0.502083 0.332407 0.039583 0.164815
0 0.100521 0.532407 0.009375 0.059259
0 0.377083 0.749074 0.089583 0.370370
0 0.527344 0.625926 0.083854 0.314815
0 0.611719 0.794444 0.075521 0.398148
0 0.586719 0.815278 0.126562 0.360185
0 0.426563 0.664815 0.051042 0.250000
0 0.436198 0.851389 0.110937 0.287963
0 0.530990 0.886574 0.074479 0.225000
0 0.249219 0.805556 0.074479 0.387037
0 0.167187 0.839815 0.085417 0.311111
