0 0.476562 0.153704 0.014583 0.066667
0 0.493490 0.189815 0.020313 0.090741
0 0.482812 0.193056 0.016667 0.080556
0 0.524479 0.243056 0.025000 0.125000
0 0.530990 0.251389 0.031771 0.132407
0 0.542969 0.313889 0.030729 0.157407
0 0.531510 0.403241 0.044271 0.221296
0 0.504167 0.402315 0.052083 0.212037
0 0.478646 0.431944 0.026042 0.130556
0 0.443750 0.287963 0.037500 0.174074
0 0.446615 0.359722 0.036979 0.197222
0 0.396615 0.597222 0.058854 0.355556
0 0.432812 0.600000 0.058333 0.329630
0 0.520833 0.699537 0.070833 0.380556
0 0.452604 0.705093 0.058333 0.308333
0 0.114844 0.179167 0.019271 0.119444
0 0.117969 0.184259 0.017188 0.092593
0 0.132292 0.190278 0.013542 0.108333
0 0.150260 0.207870 0.029687 0.099074
