0 0.498437 0.062500 0.019792 0.100926
0 0.508073 0.072685 0.023438 0.110185
0 0.413281 0.050926 0.013021 0.064815
0 0.451042 0.102315 0.026042 0.082407
0 0.350781 0.085648 0.019271 0.106481
0 0.311979 0.157870 0.026042 0.100926
0 0.415885 0.177778 0.040104 0.133333
0 0.286719 0.190741 0.026562 0.129630
0 0.301042 0.172685 0.027083 0.119444
0 0.375000 0.226389 0.032292 0.123148
0 0.209896 0.175000 0.031250 0.144444
0 0.236979 0.196296 0.030208 0.157407
0 0.263802 0.271296 0.041146 0.164815
0 0.313542 0.265278 0.061458 0.178704
0 0.039583 0.330556 0.056250 0.257407
0 0.154688 0.300926 0.054167 0.255556
0 0.110677 0.391667 0.059896 0.233333
0 0.261719 0.405556 0.051562 0.235185
0 0.339062 0.423148 0.044792 0.229630
0 0.523438 0.165741 0.036458 0.175926
0 0.530469 0.187500 0.033854 0.145370
0 0.571354 0.255556 0.061458 0.209259
0 0.530208 0.318519 0.041667 0.253704
0 0.606510 0.403704 0.047396 0.298148
0 0.180469 0.585648 0.072396 0.263889
0 0.282552 0.529167 0.075521 0.265741
0 0.611198 0.667593 0.121354 0.437037
0 0.058594 0.770370 0.063021 0.257407
0 0.115625 0.789815 0.132292 0.387037
0 0.102604 0.323148 0.040625 0.218519
0 0.545833 0.047222 0.016667 0.092593
0 0.078385 0.415278 0.056771 0.186111
0 0.341406 0.177315 0.046354 0.145370
0 0.226823 0.405093 0.046354 0.202778
0 0.483333 0.082407 0.018750 0.074074
0 0.319010 0.460185 0.057813 0.237037
0 0.485938 0.190278 0.042708 0.195370
0 0.541667 0.071296 0.017708 0.088889
0 0.550260 0.151389 0.027604 0.150926
0 0.597656 0.234722 0.028646 0.175000
0 0.550260 0.293981 0.030729 0.247222
0 0.560156 0.083796 0.021354 0.108333
0 0.539583 0.370833 0.039583 0.273148
0 0.595313 0.368981 0.045833 0.275000
0 0.396094 0.127778 0.020313 0.077778
0 0.031250 0.576389 0.057292 0.287963
0 0.289062 0.293981 0.037500 0.160185
0 0.100260 0.581481 0.075521 0.255556
0 0.504687 0.127778 0.025000 0.129630
0 0.211198 0.545833 0.075521 0.271296
0 0.338281 0.269907 0.046354 0.149074
0 0.379688 0.511111 0.051042 0.248148
0 0.459896 0.153704 0.027083 0.175926
0 0.382812 0.295833 0.045833 0.162037
0 0.538542 0.053241 0.017708 0.089815
0 0.090365 0.835648 0.114062 0.326852
0 0.053646 0.287963 0.030208 0.229630
0 0.515625 0.576852 0.094792 0.451852
0 0.389583 0.196296 0.036458 0.120370
0 0.248177 0.779167 0.121354 0.437963
0 0.352344 0.774537 0.105729 0.449074
