0 0.247917 0.578241 0.090625 0.286111
0 0.327083 0.457870 0.068750 0.237963
0 0.350260 0.289352 0.054688 0.136111
0 0.126562 0.381944 0.053125 0.150926
0 0.205990 0.283796 0.043229 0.137963
0 0.253125 0.292593 0.038542 0.159259
0 0.296094 0.262963 0.040104 0.144444
0 0.207031 0.179630 0.050521 0.164815
0 0.616146 0.328241 0.052083 0.236111
0 0.425521 0.298148 0.034375 0.201852
0 0.585156 0.149537 0.018229 0.136111
0 0.459115 0.304167 0.034896 0.239815
0 0.516146 0.075000 0.040625 0.100000
0 0.286458 0.112500 0.027083 0.136111
0 0.358854 0.094907 0.017708 0.099074
0 0.339323 0.194907 0.030729 0.139815
0 0.470313 0.291667 0.033333 0.227778
0 0.538281 0.259259 0.031771 0.227778
0 0.478125 0.165741 0.029167 0.194444
0 0.259375 0.131019 0.022917 0.143519
0 0.204948 0.373148 0.047396 0.196296
0 0.370833 0.188889 0.028125 0.120370
0 0.228646 0.262037 0.027083 0.138889
0 0.389583 0.152315 0.022917 0.089815
0 0.284635 0.282870 0.032813 0.123148
0 0.177604 0.776852 0.088542 0.362963
0 0.319010 0.216667 0.045312 0.116667
0 0.286719 0.175463 0.029687 0.078704
0 0.393750 0.051852 0.019792 0.037037
0 0.089583 0.556019 0.063542 0.212037
0 0.188281 0.208333 0.040104 0.170370
0 0.188281 0.504630 0.071354 0.233333
0 0.596875 0.206481 0.025000 0.148148
0 0.344271 0.419907 0.059375 0.226852
0 0.438281 0.181944 0.024479 0.104630
0 0.429948 0.196759 0.029687 0.089815
0 0.452344 0.136574 0.027604 0.084259
0 0.330990 0.161111 0.026562 0.090741
0 0.666406 0.855556 0.125521 0.287037
0 0.673698 0.736111 0.064062 0.331481
0 0.544010 0.891667 0.073438 0.214815
0 0.318229 0.839815 0.095833 0.318519
0 0.122917 0.844444 0.138542 0.309259
0 0.029427 0.314815 0.058854 0.229630
0 0.057813 0.372685 0.044792 0.113889
0 0.027083 0.846759 0.054167 0.265741
0 0.029948 0.555093 0.059896 0.269444
