0 0.260937 0.739352 0.215625 0.412037
0 0.291667 0.483796 0.086458 0.291667
0 0.356510 0.588426 0.066146 0.489815
0 0.450781 0.699074 0.120313 0.529630
0 0.584635 0.706019 0.190104 0.341667
0 0.555990 0.535648 0.110937 0.347222
0 0.607812 0.552778 0.056250 0.400000
0 0.560677 0.595370 0.079687 0.462963
0 0.496354 0.488426 0.053125 0.350926
0 0.448698 0.427315 0.065104 0.339815
0 0.425000 0.247222 0.038542 0.188889
0 0.365104 0.255093 0.046875 0.175000
0 0.351823 0.182407 0.027604 0.122222
0 0.381250 0.142593 0.027083 0.129630
0 0.442188 0.179630 0.029167 0.153704
0 0.492448 0.216667 0.035937 0.105556
0 0.474479 0.180556 0.047917 0.112963
0 0.487240 0.186574 0.022396 0.143519
0 0.462240 0.160648 0.019271 0.102778
0 0.407813 0.137500 0.027083 0.112037
0 0.429167 0.143056 0.026042 0.117593
0 0.449219 0.108333 0.018229 0.068519
0 0.429167 0.059259 0.008333 0.038889
0 0.434896 0.061574 0.006250 0.036111
0 0.408594 0.059722 0.006771 0.039815
0 0.639062 0.807870 0.100000 0.382407
