0 0.432812 0.065741 0.009375 0.046296
0 0.446875 0.070370 0.009375 0.051852
0 0.441667 0.074537 0.009375 0.045370
0 0.426563 0.075463 0.007292 0.047222
0 0.423438 0.082870 0.012500 0.050926
0 0.400781 0.080093 0.011979 0.034259
0 0.415365 0.100463 0.017188 0.073148
0 0.433594 0.115278 0.016146 0.078704
0 0.412240 0.133333 0.014063 0.087037
0 0.458854 0.120370 0.017708 0.092593
0 0.446875 0.126389 0.014583 0.073148
0 0.455469 0.179167 0.024479 0.143519
0 0.479167 0.184722 0.022917 0.130556
0 0.472656 0.203704 0.038021 0.146296
0 0.457813 0.213889 0.034375 0.125926
0 0.429948 0.187963 0.030729 0.155556
0 0.404427 0.178704 0.026562 0.122222
0 0.398177 0.125463 0.016146 0.084259
0 0.383854 0.140741 0.020833 0.059259
0 0.383073 0.145370 0.032813 0.077778
0 0.374219 0.191667 0.040104 0.105556
0 0.358073 0.192593 0.035937 0.105556
0 0.358073 0.228241 0.049479 0.125000
0 0.360156 0.289352 0.043229 0.232407
0 0.312760 0.439352 0.092188 0.239815
0 0.296354 0.472222 0.101042 0.259259
0 0.275260 0.555093 0.122396 0.312037
0 0.521094 0.282407 0.022396 0.142593
0 0.504687 0.424074 0.041667 0.351852
0 0.474219 0.435648 0.061979 0.354630
0 0.532292 0.479167 0.051042 0.363889
0 0.570833 0.506481 0.056250 0.298148
0 0.548177 0.595370 0.113021 0.285185
0 0.576042 0.635185 0.136458 0.290741
0 0.606771 0.776852 0.188542 0.372222
0 0.956510 0.607870 0.074479 0.362037
0 0.163802 0.843519 0.199479 0.305556
