0 0.489583 0.198611 0.019792 0.143519
0 0.423438 0.175463 0.027083 0.145370
0 0.379427 0.205093 0.022396 0.156481
0 0.524479 0.459722 0.111458 0.215741
0 0.459115 0.485185 0.060937 0.398148
0 0.267188 0.573148 0.114583 0.307407
0 0.290625 0.471296 0.086458 0.257407
0 0.227865 0.704630 0.132812 0.392593
0 0.393750 0.198611 0.020833 0.169444
0 0.434635 0.117593 0.016146 0.103704
0 0.458333 0.136111 0.022917 0.114815
0 0.464062 0.211111 0.038542 0.168519
0 0.554427 0.547685 0.121354 0.284259
0 0.620833 0.525463 0.051042 0.284259
0 0.585677 0.662037 0.147396 0.329630
0 0.569531 0.595370 0.078646 0.162963
0 0.621094 0.756481 0.155729 0.374074
0 0.602344 0.813426 0.152604 0.362037
0 0.483073 0.789352 0.123438 0.410185
0 0.650521 0.879167 0.219792 0.239815
