0 0.385677 0.072685 0.032813 0.126852
0 0.029427 0.517593 0.035937 0.177778
0 0.019531 0.167130 0.033854 0.152778
0 0.049740 0.165278 0.038021 0.152778
0 0.050260 0.147685 0.024479 0.147222
0 0.357552 0.388426 0.021354 0.110185
0 0.698177 0.086574 0.020313 0.162037
0 0.639844 0.178704 0.034896 0.201852
0 0.657552 0.146296 0.038021 0.205556
0 0.660937 0.117593 0.033333 0.177778
0 0.714063 0.132407 0.038542 0.185185
0 0.690365 0.117130 0.031771 0.173148
0 0.709375 0.089815 0.027083 0.157407
0 0.751563 0.092593 0.034375 0.172222
0 0.761719 0.087500 0.020313 0.162037
0 0.785677 0.096759 0.022396 0.165741
0 0.775781 0.139352 0.027604 0.195370
0 0.718750 0.177778 0.058333 0.248148
0 0.756771 0.175463 0.037500 0.206481
0 0.794271 0.187963 0.034375 0.218519
0 0.710677 0.360648 0.044271 0.289815
0 0.755208 0.342130 0.056250 0.317593
0 0.923177 0.474074 0.057813 0.362963
