0 0.412760 0.075000 0.009896 0.057407
0 0.409896 0.086574 0.010417 0.060185
0 0.395052 0.080556 0.006771 0.053704
0 0.375260 0.139352 0.021354 0.108333
0 0.389583 0.141204 0.023958 0.073148
0 0.453906 0.121759 0.015104 0.082407
0 0.444531 0.204630 0.027604 0.087037
0 0.483333 0.186574 0.025000 0.158333
0 0.458854 0.219907 0.032292 0.154630
0 0.482292 0.239815 0.019792 0.114815
0 0.386198 0.193056 0.013021 0.089815
0 0.379948 0.200926 0.010937 0.092593
0 0.363542 0.190741 0.012500 0.101852
0 0.360417 0.244444 0.031250 0.122222
0 0.409896 0.222685 0.027083 0.162037
0 0.372656 0.237500 0.017188 0.113889
0 0.335938 0.283333 0.056250 0.251852
0 0.548177 0.488426 0.067187 0.376852
0 0.561979 0.668056 0.101042 0.315741
0 0.508594 0.660185 0.068229 0.307407
0 0.604948 0.770833 0.167187 0.354630
0 0.264062 0.737500 0.141667 0.384259
0 0.677083 0.886574 0.200000 0.225000
0 0.640365 0.893981 0.189062 0.210185
0 0.173437 0.912500 0.139583 0.171296
