0 0.056510 0.288889 0.060937 0.262963
0 0.558854 0.086574 0.018750 0.102778
0 0.543750 0.082407 0.019792 0.112963
0 0.533854 0.152778 0.029167 0.159259
0 0.595833 0.173611 0.023958 0.184259
0 0.582292 0.221296 0.031250 0.220370
0 0.566927 0.166667 0.021354 0.151852
0 0.598177 0.214815 0.025521 0.177778
0 0.475781 0.137963 0.023438 0.146296
0 0.496615 0.207407 0.055729 0.216667
0 0.531771 0.247222 0.031250 0.216667
0 0.459115 0.210648 0.035937 0.202778
0 0.512240 0.273148 0.041146 0.227778
0 0.580990 0.252315 0.039062 0.230556
0 0.601302 0.306481 0.050521 0.238889
0 0.517969 0.350926 0.044271 0.253704
0 0.382552 0.060185 0.026562 0.098148
0 0.444531 0.168519 0.029687 0.118519
0 0.416667 0.150463 0.033333 0.093519
0 0.433333 0.179630 0.030208 0.124074
0 0.280990 0.119907 0.022396 0.143519
0 0.253125 0.136111 0.019792 0.142593
0 0.355729 0.143519 0.023958 0.081481
0 0.376823 0.212500 0.032813 0.121296
0 0.366667 0.172222 0.028125 0.107407
0 0.317708 0.211111 0.037500 0.127778
0 0.301823 0.174537 0.026562 0.113889
0 0.409375 0.237037 0.032292 0.125926
0 0.380469 0.295833 0.060937 0.173148
0 0.316927 0.283796 0.045312 0.160185
0 0.269271 0.212037 0.033333 0.118519
0 0.257031 0.232407 0.044271 0.148148
0 0.259896 0.311574 0.038542 0.252778
0 0.233594 0.284722 0.048438 0.178704
0 0.165625 0.250926 0.047917 0.214815
0 0.217448 0.355556 0.048438 0.274074
0 0.273177 0.382870 0.043229 0.193519
0 0.354167 0.565741 0.070833 0.405556
0 0.429948 0.611111 0.075521 0.405556
0 0.276823 0.519444 0.080729 0.281481
0 0.247656 0.581944 0.072396 0.249074
0 0.156250 0.390741 0.063542 0.175926
0 0.144010 0.425463 0.038021 0.219444
0 0.093490 0.374537 0.048438 0.180556
0 0.122135 0.498611 0.082812 0.256481
0 0.054948 0.452315 0.033854 0.195370
0 0.082292 0.500926 0.061458 0.257407
0 0.142187 0.745833 0.080208 0.349074
0 0.062500 0.733796 0.066667 0.252778
0 0.688802 0.775463 0.079687 0.428704
0 0.630729 0.806944 0.087500 0.384259
