0 0.437500 0.328704 0.033333 0.194444
0 0.244792 0.251389 0.026042 0.136111
0 0.480990 0.285648 0.021354 0.123148
0 0.504167 0.277778 0.035417 0.112963
0 0.534375 0.281944 0.026042 0.095370
0 0.459635 0.342130 0.028646 0.178704
0 0.566927 0.345370 0.024479 0.168519
0 0.535417 0.384722 0.023958 0.217593
0 0.490625 0.382870 0.033333 0.199074
0 0.514323 0.410185 0.044271 0.233333
0 0.547396 0.412963 0.038542 0.227778
0 0.402865 0.473148 0.051562 0.290741
0 0.469792 0.497222 0.048958 0.261111
0 0.528385 0.743056 0.080729 0.423148
0 0.474740 0.807407 0.082812 0.383333
0 0.273698 0.865741 0.115104 0.266667
