0 0.690365 0.081481 0.031771 0.159259
0 0.723177 0.081019 0.031771 0.147222
0 0.705208 0.174537 0.041667 0.243519
0 0.646615 0.176852 0.039062 0.203704
0 0.759896 0.087963 0.040625 0.174074
0 0.642708 0.230556 0.044792 0.246296
0 0.682292 0.233796 0.048958 0.252778
0 0.733333 0.276389 0.056250 0.321296
0 0.699219 0.411574 0.079687 0.376852
0 0.781510 0.407870 0.068229 0.352778
0 0.863281 0.775926 0.093229 0.442593
0 0.619792 0.761111 0.119792 0.496296
0 0.360156 0.062500 0.027604 0.117593
0 0.097396 0.579167 0.016667 0.065741
0 0.554948 0.811111 0.149479 0.370370
0 0.676042 0.820833 0.133333 0.350926
0 0.764583 0.769444 0.103125 0.450000
