0 0.338021 0.380556 0.098958 0.468519
0 0.391406 0.482870 0.081771 0.517593
0 0.315625 0.559259 0.086458 0.327778
0 0.448437 0.240741 0.059375 0.309259
0 0.377604 0.197685 0.052083 0.291667
0 0.315625 0.153704 0.056250 0.300000
0 0.262500 0.147222 0.048958 0.255556
0 0.130469 0.211111 0.041146 0.300000
0 0.023177 0.103241 0.035937 0.199074
0 0.029167 0.228704 0.054167 0.251852
0 0.244792 0.083333 0.059375 0.166667
0 0.158073 0.106944 0.027604 0.210185
0 0.124740 0.106944 0.032813 0.213889
0 0.096875 0.827778 0.169792 0.342593
