0 0.354167 0.456944 0.016667 0.097222
0 0.020573 0.151389 0.023438 0.145370
0 0.026823 0.165278 0.027604 0.110185
0 0.063802 0.157407 0.018229 0.096296
0 0.079687 0.135185 0.018750 0.120370
0 0.373437 0.048611 0.019792 0.097222
0 0.392448 0.073148 0.021354 0.124074
0 0.436979 0.060648 0.026042 0.110185
0 0.726823 0.097222 0.031771 0.153704
0 0.770052 0.087037 0.032813 0.170370
0 0.653906 0.171759 0.035937 0.204630
0 0.681510 0.165741 0.040104 0.225926
0 0.655208 0.481019 0.085417 0.434259
0 0.697135 0.671296 0.109896 0.546296
0 0.558333 0.644444 0.094792 0.464815
0 0.775521 0.695833 0.097917 0.484259
0 0.854688 0.469907 0.057292 0.347222
0 0.932552 0.476852 0.063021 0.377778
0 0.917969 0.700000 0.070312 0.466667
0 0.846094 0.843519 0.107813 0.309259
