0 0.563021 0.639352 0.173958 0.287963
0 0.574479 0.717130 0.182292 0.337963
0 0.617969 0.795370 0.157812 0.379630
0 0.225000 0.744444 0.172917 0.407407
0 0.284896 0.590741 0.130208 0.312963
0 0.369531 0.250926 0.059896 0.138889
0 0.344792 0.176852 0.016667 0.124074
0 0.363802 0.254630 0.068229 0.151852
0 0.360677 0.147222 0.014063 0.098148
0 0.382292 0.138889 0.023958 0.098148
0 0.377344 0.207870 0.017188 0.099074
0 0.396615 0.163889 0.022396 0.151852
0 0.480729 0.152778 0.014583 0.072222
0 0.417448 0.075463 0.014063 0.056481
0 0.412240 0.130093 0.014063 0.076852
0 0.432552 0.056944 0.008854 0.034259
0 0.428125 0.082870 0.011458 0.058333
0 0.437500 0.076852 0.009375 0.044444
0 0.432031 0.126389 0.019271 0.104630
0 0.458333 0.107870 0.013542 0.060185
0 0.459896 0.205556 0.023958 0.148148
0 0.435937 0.196296 0.023958 0.151852
0 0.444792 0.213426 0.028125 0.136111
0 0.490885 0.217593 0.039062 0.172222
0 0.488542 0.224074 0.050000 0.187037
