0 0.754167 0.174537 0.062500 0.206481
0 0.752083 0.082870 0.037500 0.126852
0 0.715104 0.154167 0.041667 0.199074
0 0.678385 0.233333 0.033854 0.212963
0 0.654687 0.165741 0.037500 0.187037
0 0.638021 0.223611 0.045833 0.217593
0 0.628385 0.253704 0.042188 0.238889
0 0.648698 0.368519 0.071354 0.331481
0 0.729427 0.388889 0.055729 0.344444
0 0.750521 0.419444 0.064583 0.364815
0 0.877604 0.554167 0.091667 0.402778
0 0.910677 0.630093 0.080729 0.432407
0 0.804167 0.523148 0.069792 0.407407
0 0.754427 0.503241 0.063021 0.273148
0 0.675521 0.505556 0.057292 0.379630
0 0.664844 0.610185 0.086979 0.455556
0 0.698698 0.656944 0.118229 0.443519
0 0.601823 0.617593 0.084896 0.514815
0 0.531510 0.654167 0.100521 0.530556
0 0.372396 0.366204 0.015625 0.099074
0 0.392188 0.436574 0.026042 0.125000
0 0.365625 0.382870 0.021875 0.119444
0 0.235417 0.370370 0.019792 0.092593
0 0.227604 0.400000 0.020833 0.094444
0 0.058333 0.150463 0.028125 0.149074
0 0.502083 0.058796 0.031250 0.110185
0 0.704948 0.072685 0.031771 0.143519
0 0.824740 0.250926 0.049479 0.248148
0 0.612500 0.786574 0.105208 0.421296
0 0.788802 0.791204 0.127604 0.419444
