0 0.287500 0.064352 0.011458 0.060185
0 0.203906 0.139352 0.009896 0.056481
0 0.216146 0.139352 0.008333 0.049074
0 0.169271 0.180093 0.010417 0.058333
0 0.174479 0.179167 0.012500 0.056481
0 0.182031 0.157407 0.008854 0.053704
0 0.410417 0.156019 0.011458 0.063889
0 0.403385 0.158796 0.008854 0.052778
0 0.419792 0.137963 0.005208 0.031481
0 0.406771 0.129167 0.006250 0.030556
0 0.418750 0.180556 0.011458 0.042593
0 0.423177 0.181019 0.014063 0.087963
0 0.407813 0.177778 0.017708 0.081481
0 0.396094 0.168981 0.010937 0.086111
0 0.390365 0.169444 0.014063 0.083333
0 0.388281 0.233796 0.017188 0.117593
0 0.504948 0.162500 0.009896 0.058333
0 0.521094 0.182870 0.013021 0.050926
0 0.481510 0.129167 0.008854 0.052778
0 0.505208 0.134722 0.007292 0.039815
0 0.500260 0.142130 0.007812 0.049074
0 0.496615 0.136111 0.007812 0.042593
0 0.490104 0.134722 0.008333 0.045370
0 0.485938 0.167593 0.016667 0.075926
0 0.469271 0.250926 0.019792 0.155556
0 0.544792 0.287037 0.023958 0.129630
0 0.519792 0.273611 0.021875 0.123148
0 0.486458 0.267130 0.019792 0.132407
0 0.515625 0.325000 0.016667 0.061111
0 0.500000 0.297222 0.025000 0.116667
0 0.271615 0.861574 0.106771 0.273148
0 0.454948 0.800000 0.105729 0.396296
