0 0.614844 0.788889 0.160938 0.394444
0 0.567708 0.708796 0.188542 0.354630
0 0.225000 0.737500 0.180208 0.428704
0 0.572396 0.488426 0.055208 0.267593
0 0.560677 0.456481 0.072396 0.337037
0 0.521094 0.568519 0.066146 0.470370
0 0.270313 0.582407 0.128125 0.322222
0 0.377604 0.403241 0.090625 0.360185
0 0.477083 0.244907 0.051042 0.132407
0 0.473698 0.250463 0.022396 0.123148
0 0.471354 0.192593 0.042708 0.088889
0 0.432292 0.246296 0.047917 0.218519
0 0.364583 0.243981 0.039583 0.121296
0 0.362240 0.244444 0.054688 0.127778
0 0.359375 0.261111 0.050000 0.114815
0 0.352344 0.257870 0.053646 0.123148
0 0.363281 0.186111 0.029687 0.125926
0 0.478646 0.154630 0.016667 0.092593
0 0.384115 0.118519 0.014063 0.068519
0 0.375000 0.128704 0.017708 0.088889
0 0.392188 0.136574 0.018750 0.067593
0 0.403906 0.118519 0.015104 0.087037
0 0.449740 0.162963 0.023438 0.140741
0 0.457813 0.118056 0.013542 0.080556
0 0.445052 0.118981 0.015104 0.093519
0 0.434115 0.118519 0.014063 0.094444
0 0.425521 0.081944 0.009375 0.058333
0 0.430990 0.087037 0.014063 0.064815
0 0.423438 0.072685 0.011458 0.065741
0 0.418229 0.064815 0.007292 0.050000
