0 0.659375 0.249537 0.051042 0.286111
0 0.038542 0.152778 0.026042 0.162963
0 0.336979 0.615741 0.091667 0.425926
0 0.018750 0.162963 0.023958 0.140741
0 0.692187 0.263889 0.054167 0.307407
0 0.786719 0.338426 0.051562 0.321296
0 0.757292 0.491667 0.100000 0.444444
0 0.817969 0.583333 0.073438 0.327778
0 0.589844 0.705093 0.108854 0.487963
0 0.716146 0.417593 0.085417 0.383333
0 0.663542 0.098148 0.038542 0.174074
0 0.928646 0.480093 0.059375 0.360185
0 0.712760 0.238426 0.043229 0.243519
0 0.791146 0.642130 0.084375 0.441667
0 0.760417 0.056481 0.027083 0.111111
0 0.728385 0.047222 0.021354 0.090741
0 0.708594 0.053704 0.025521 0.105556
0 0.373177 0.053241 0.018229 0.104630
0 0.795312 0.806019 0.133333 0.386111
0 0.645573 0.819444 0.149479 0.359259
0 0.483594 0.765278 0.148438 0.467593
