0 0.507812 0.156481 0.030208 0.150000
0 0.478385 0.156019 0.025521 0.152778
0 0.443750 0.153704 0.037500 0.155556
0 0.344010 0.108333 0.021354 0.064815
0 0.378906 0.148148 0.048438 0.090741
0 0.322396 0.091667 0.022917 0.112963
0 0.401042 0.185648 0.034375 0.099074
0 0.438021 0.196296 0.034375 0.107407
0 0.422917 0.224074 0.043750 0.153704
0 0.343229 0.208796 0.038542 0.099074
0 0.309896 0.159259 0.023958 0.088889
0 0.298438 0.165278 0.036458 0.089815
0 0.561719 0.240741 0.029687 0.218519
0 0.535417 0.223611 0.040625 0.208333
0 0.499740 0.241204 0.041146 0.226852
0 0.585677 0.244444 0.026562 0.177778
0 0.553906 0.283333 0.029687 0.225926
0 0.611198 0.403241 0.046354 0.276852
0 0.592969 0.406019 0.069271 0.306481
0 0.545573 0.383796 0.045312 0.297222
0 0.394531 0.285648 0.034896 0.167593
0 0.336719 0.252778 0.039062 0.155556
0 0.378385 0.300463 0.045312 0.162037
0 0.275781 0.218056 0.056771 0.110185
0 0.267969 0.201389 0.025521 0.087963
0 0.226823 0.176852 0.030729 0.151852
0 0.208594 0.188426 0.026562 0.167593
0 0.185938 0.194907 0.040625 0.178704
0 0.225000 0.243056 0.036458 0.128704
0 0.241667 0.283333 0.043750 0.157407
0 0.273177 0.381481 0.061979 0.161111
0 0.341406 0.451852 0.081771 0.250000
0 0.065104 0.271759 0.050000 0.208333
0 0.078646 0.419444 0.056250 0.194444
0 0.291146 0.525463 0.083333 0.304630
0 0.209375 0.512037 0.068750 0.235185
0 0.267448 0.568519 0.079687 0.283333
0 0.172656 0.572222 0.063021 0.235185
0 0.099740 0.580093 0.073438 0.234259
0 0.873177 0.762500 0.023438 0.067593
0 0.140365 0.742593 0.079687 0.374074
0 0.064583 0.711111 0.052083 0.161111
0 0.694010 0.794444 0.106771 0.407407
0 0.033594 0.535185 0.067187 0.237037
0 0.318229 0.841667 0.102083 0.314815
0 0.568750 0.797685 0.092708 0.402778
0 0.594792 0.839815 0.087500 0.314815
0 0.099219 0.842593 0.198437 0.312963
