0 0.685156 0.700000 0.066146 0.325926
0 0.544792 0.760185 0.097917 0.462963
0 0.473438 0.650463 0.095833 0.360185
0 0.394531 0.544907 0.049479 0.332407
0 0.472396 0.431944 0.043750 0.243519
0 0.434115 0.432870 0.047396 0.236111
0 0.434115 0.355093 0.042188 0.200926
0 0.465885 0.372685 0.039062 0.197222
0 0.510417 0.367130 0.039583 0.186111
0 0.542188 0.389815 0.025000 0.137037
0 0.491927 0.265278 0.025521 0.132407
0 0.510938 0.188426 0.017708 0.071296
0 0.490365 0.180556 0.018229 0.090741
0 0.502604 0.167130 0.013542 0.073148
0 0.483073 0.134259 0.014063 0.061111
0 0.476562 0.162500 0.011458 0.069444
0 0.410156 0.215741 0.030729 0.124074
0 0.413281 0.137963 0.011979 0.038889
0 0.414583 0.156019 0.015625 0.080556
0 0.148958 0.153704 0.015625 0.087037
0 0.140104 0.168981 0.018750 0.097222
0 0.133594 0.156481 0.017188 0.087037
0 0.118750 0.156019 0.013542 0.084259
0 0.649219 0.840741 0.065104 0.314815
0 0.347396 0.828241 0.089583 0.339815
0 0.426563 0.868056 0.095833 0.260185
0 0.515365 0.250463 0.028646 0.136111
