0 0.305990 0.323148 0.068229 0.266667
0 0.342969 0.210648 0.018229 0.171296
0 0.352604 0.202778 0.023958 0.162963
0 0.363281 0.207870 0.026562 0.154630
0 0.370833 0.209722 0.030208 0.173148
0 0.381510 0.325926 0.042188 0.301852
0 0.394792 0.119907 0.013542 0.076852
0 0.407292 0.122222 0.012500 0.068519
0 0.417708 0.065741 0.013542 0.050000
0 0.423958 0.094444 0.009375 0.057407
0 0.437760 0.070370 0.013021 0.057407
0 0.432292 0.090278 0.011458 0.060185
0 0.415365 0.216204 0.036979 0.154630
0 0.476302 0.180093 0.040104 0.078704
0 0.472396 0.194444 0.040625 0.085185
0 0.460677 0.215278 0.041146 0.169444
0 0.873177 0.526852 0.070312 0.237037
