0 0.623437 0.804167 0.167708 0.360185
0 0.575521 0.712500 0.180208 0.337963
0 0.565104 0.506481 0.037500 0.359259
0 0.471875 0.190741 0.038542 0.088889
0 0.465625 0.184722 0.029167 0.158333
0 0.448437 0.170370 0.022917 0.127778
0 0.434896 0.164352 0.015625 0.071296
0 0.425260 0.189815 0.021354 0.114815
0 0.439063 0.090741 0.007292 0.042593
0 0.423177 0.085185 0.013021 0.051852
0 0.400000 0.135648 0.015625 0.082407
0 0.387760 0.145833 0.017188 0.112037
0 0.376042 0.179630 0.017708 0.138889
0 0.380729 0.180093 0.020833 0.141667
0 0.361719 0.177315 0.016146 0.134259
0 0.344531 0.182870 0.018229 0.134259
0 0.353906 0.178241 0.019271 0.150926
0 0.364323 0.253241 0.067187 0.128704
0 0.358854 0.295833 0.069792 0.165741
0 0.287500 0.584722 0.133333 0.271296
0 0.274219 0.675926 0.122396 0.348148
0 0.227344 0.745833 0.165104 0.400926
0 0.673698 0.796296 0.163021 0.407407
