0 0.147917 0.160185 0.014583 0.100000
0 0.116146 0.192593 0.015625 0.101852
0 0.141927 0.216204 0.026562 0.123148
0 0.159115 0.222685 0.027604 0.108333
0 0.135156 0.175463 0.018229 0.112037
0 0.413281 0.180556 0.016146 0.098148
0 0.389323 0.209259 0.013021 0.120370
0 0.401042 0.250463 0.022917 0.147222
0 0.486198 0.142130 0.008854 0.069444
0 0.496875 0.164352 0.011458 0.067593
0 0.516406 0.195370 0.011979 0.092593
0 0.507812 0.165278 0.012500 0.063889
0 0.498177 0.219907 0.014063 0.089815
0 0.528646 0.246296 0.016667 0.109259
0 0.481250 0.268981 0.022917 0.130556
0 0.540625 0.320370 0.026042 0.137037
0 0.483333 0.528704 0.063542 0.329630
0 0.407813 0.479167 0.042708 0.252778
0 0.682292 0.718056 0.064583 0.362037
0 0.527344 0.638889 0.056771 0.335185
0 0.476302 0.621296 0.058854 0.337037
0 0.378646 0.616667 0.029167 0.214815
0 0.149219 0.701852 0.074479 0.388889
0 0.244010 0.252778 0.026562 0.131481
0 0.519792 0.163889 0.012500 0.064815
0 0.484635 0.208333 0.016146 0.090741
0 0.517188 0.234259 0.021875 0.120370
0 0.417448 0.260648 0.017188 0.130556
0 0.539583 0.249537 0.013542 0.119444
0 0.188802 0.216667 0.021354 0.127778
0 0.494531 0.300463 0.027604 0.143519
0 0.516927 0.330093 0.021354 0.110185
0 0.235156 0.227778 0.029687 0.133333
0 0.454167 0.419907 0.045833 0.239815
0 0.430208 0.158796 0.008333 0.075000
0 0.540365 0.564352 0.044271 0.313889
0 0.534896 0.689815 0.069792 0.379630
0 0.262240 0.227778 0.029687 0.133333
0 0.411979 0.586111 0.056250 0.301852
0 0.495573 0.155093 0.009896 0.069444
0 0.446875 0.782407 0.102083 0.411111
0 0.396615 0.156944 0.008854 0.073148
0 0.121354 0.657870 0.064583 0.373148
0 0.479687 0.167593 0.013542 0.088889
0 0.075260 0.793981 0.088021 0.410185
0 0.370312 0.815741 0.078125 0.370370
