0 0.524219 0.445370 0.110937 0.237037
0 0.397135 0.108796 0.018229 0.047222
0 0.395052 0.131944 0.021354 0.052778
0 0.384635 0.148611 0.034896 0.073148
0 0.363542 0.171296 0.025000 0.083333
0 0.383073 0.155093 0.016146 0.119444
0 0.409375 0.156019 0.023958 0.128704
0 0.410677 0.068056 0.007812 0.030556
0 0.431510 0.064815 0.008854 0.044444
0 0.443750 0.072685 0.008333 0.041667
0 0.445312 0.112963 0.015625 0.077778
0 0.451823 0.063889 0.004687 0.035185
0 0.463542 0.163889 0.022917 0.077778
0 0.364844 0.191204 0.047396 0.108333
0 0.352083 0.220370 0.031250 0.107407
0 0.410938 0.410185 0.066667 0.364815
0 0.507292 0.713426 0.061458 0.404630
0 0.273177 0.656019 0.114062 0.308333
0 0.269271 0.701389 0.087500 0.393519
0 0.194792 0.734722 0.095833 0.528704
0 0.436458 0.791204 0.143750 0.413889
