0 0.518229 0.477315 0.087500 0.221296
0 0.578125 0.764352 0.223958 0.349074
0 0.475521 0.161574 0.018750 0.108333
0 0.404167 0.077315 0.010417 0.050926
0 0.419792 0.084259 0.008333 0.064815
0 0.411458 0.106944 0.015625 0.086111
0 0.372396 0.184722 0.033333 0.099074
0 0.439323 0.153241 0.019271 0.123148
0 0.434635 0.097222 0.011979 0.050000
0 0.351042 0.231019 0.048958 0.134259
0 0.222917 0.700463 0.121875 0.375000
0 0.463542 0.181944 0.020833 0.056481
0 0.425260 0.063426 0.007812 0.043519
0 0.381771 0.163889 0.023958 0.079630
0 0.413802 0.158796 0.021354 0.132407
0 0.470833 0.187963 0.038542 0.090741
0 0.436719 0.105556 0.018229 0.075926
0 0.397396 0.196296 0.022917 0.161111
0 0.457292 0.167593 0.015625 0.122222
0 0.315625 0.414352 0.087500 0.223148
0 0.313802 0.737500 0.109896 0.523148
