0 0.438542 0.114815 0.014583 0.087037
0 0.426563 0.120833 0.018750 0.089815
0 0.383594 0.140278 0.015104 0.076852
0 0.400781 0.173611 0.026562 0.132407
0 0.403906 0.194444 0.024479 0.125926
0 0.364323 0.205556 0.038021 0.083333
0 0.361719 0.250926 0.054688 0.137037
0 0.456771 0.197685 0.033333 0.162037
0 0.519531 0.288889 0.036979 0.222222
0 0.589583 0.475000 0.046875 0.324074
0 0.557292 0.479630 0.061458 0.300000
0 0.570833 0.627315 0.141667 0.278704
0 0.625260 0.734722 0.104688 0.345370
0 0.352083 0.629630 0.092708 0.546296
0 0.248698 0.677315 0.153646 0.352778
0 0.391667 0.606019 0.090625 0.491667
0 0.647917 0.834722 0.094792 0.328704
0 0.558073 0.750463 0.077604 0.495370
0 0.458594 0.778704 0.104688 0.440741
