0 0.372396 0.163889 0.029167 0.114815
0 0.539323 0.069444 0.010937 0.072222
0 0.499219 0.053704 0.016146 0.083333
0 0.555208 0.086111 0.011458 0.092593
0 0.549219 0.112500 0.023438 0.126852
0 0.478125 0.106019 0.018750 0.119444
0 0.343490 0.119907 0.021354 0.087963
0 0.523177 0.199074 0.035937 0.179630
0 0.473177 0.200926 0.031771 0.172222
0 0.308594 0.171759 0.025521 0.108333
0 0.271354 0.180093 0.048958 0.160185
0 0.378906 0.207870 0.030729 0.125000
0 0.270573 0.253704 0.066146 0.177778
0 0.330469 0.305556 0.040104 0.172222
0 0.378125 0.304167 0.041667 0.162037
0 0.148698 0.243056 0.040104 0.213889
0 0.161719 0.398148 0.068229 0.296296
0 0.337760 0.445833 0.069271 0.252778
0 0.491146 0.320370 0.069792 0.225926
0 0.588021 0.332870 0.053125 0.252778
0 0.608073 0.401852 0.056771 0.300000
0 0.182812 0.578704 0.072917 0.244444
0 0.264844 0.570833 0.078646 0.269444
0 0.124479 0.784259 0.092708 0.392593
0 0.404427 0.692593 0.063021 0.375926
0 0.554427 0.779630 0.107813 0.438889
0 0.313542 0.091204 0.021875 0.106481
0 0.241667 0.293056 0.043750 0.175000
0 0.516667 0.084722 0.022917 0.123148
0 0.336979 0.277315 0.036458 0.202778
0 0.500781 0.168981 0.024479 0.169444
0 0.395052 0.284259 0.036979 0.168519
0 0.477344 0.045370 0.011979 0.059259
0 0.081250 0.437963 0.055208 0.227778
0 0.490625 0.186111 0.030208 0.161111
0 0.272656 0.416667 0.066146 0.227778
0 0.468229 0.286574 0.042708 0.247222
0 0.441667 0.196296 0.031250 0.175926
0 0.530990 0.134722 0.014063 0.076852
0 0.582812 0.376852 0.047917 0.292593
0 0.290885 0.180556 0.041146 0.135185
0 0.559635 0.239815 0.031771 0.218519
0 0.104948 0.601389 0.074479 0.297222
0 0.340365 0.214815 0.044271 0.144444
0 0.211198 0.542130 0.065104 0.291667
0 0.457813 0.056944 0.030208 0.076852
0 0.064062 0.743981 0.055208 0.280556
0 0.422917 0.228241 0.038542 0.169444
0 0.364063 0.756481 0.094792 0.485185
0 0.563802 0.073611 0.014063 0.097222
0 0.024740 0.314815 0.049479 0.242593
0 0.099219 0.844907 0.197396 0.308333
0 0.237500 0.778704 0.093750 0.440741
0 0.650521 0.859259 0.095833 0.279630
0 0.694792 0.810648 0.097917 0.376852
