0 0.416927 0.063426 0.005729 0.045370
0 0.422396 0.066204 0.008333 0.043519
0 0.435677 0.068519 0.008854 0.050000
0 0.448437 0.081944 0.012500 0.056481
0 0.426042 0.085185 0.013542 0.055556
0 0.402604 0.092130 0.012500 0.071296
0 0.482812 0.149074 0.022917 0.116667
0 0.458073 0.157407 0.022396 0.101852
0 0.479427 0.200926 0.033854 0.092593
0 0.420833 0.198611 0.022917 0.163889
0 0.400260 0.189352 0.025521 0.176852
0 0.385417 0.182870 0.020833 0.139815
0 0.365625 0.201389 0.029167 0.158333
0 0.344531 0.187037 0.017188 0.142593
0 0.358073 0.232870 0.046354 0.125000
0 0.826823 0.739352 0.085938 0.326852
0 0.553385 0.646759 0.069271 0.173148
0 0.583333 0.759722 0.231250 0.360185
0 0.568229 0.659259 0.103125 0.333333
0 0.571094 0.530093 0.071354 0.295370
0 0.538542 0.603241 0.083333 0.313889
0 0.517708 0.469907 0.090625 0.232407
0 0.459115 0.300926 0.047396 0.231481
0 0.413802 0.376852 0.092188 0.311111
0 0.420833 0.618981 0.067708 0.287963
0 0.325260 0.417593 0.102604 0.218519
0 0.301563 0.474074 0.107292 0.262963
0 0.238542 0.683796 0.146875 0.352778
0 0.862760 0.521296 0.071354 0.246296
0 0.670573 0.871296 0.166146 0.255556
