0 0.322656 0.139815 0.016146 0.074074
0 0.320573 0.194907 0.038021 0.143519
0 0.252865 0.202315 0.035937 0.184259
0 0.310417 0.274074 0.044792 0.150000
0 0.219010 0.251852 0.030729 0.116667
0 0.536979 0.042593 0.009375 0.085185
0 0.505729 0.153704 0.033333 0.168519
0 0.541667 0.212037 0.034375 0.179630
0 0.511979 0.536111 0.078125 0.329630
0 0.336458 0.425000 0.055208 0.237037
0 0.235156 0.393056 0.038021 0.162037
0 0.267448 0.518519 0.064062 0.305556
0 0.161198 0.772685 0.073438 0.358333
0 0.030990 0.375926 0.047396 0.270370
0 0.195312 0.275463 0.052083 0.145370
0 0.451823 0.170370 0.028646 0.105556
0 0.554427 0.123611 0.027604 0.150926
0 0.347917 0.189352 0.031250 0.123148
0 0.527604 0.159722 0.023958 0.154630
0 0.446615 0.198148 0.030729 0.137037
0 0.582552 0.231019 0.033854 0.210185
0 0.404948 0.246759 0.028646 0.134259
0 0.613281 0.344444 0.052604 0.268519
0 0.362240 0.044444 0.013021 0.075926
0 0.443229 0.562037 0.053125 0.227778
0 0.346354 0.301389 0.041667 0.145370
0 0.319271 0.448611 0.076042 0.245370
0 0.195833 0.433333 0.053125 0.183333
0 0.200000 0.206019 0.034375 0.160185
0 0.188281 0.584722 0.074479 0.263889
0 0.429948 0.205093 0.031771 0.121296
0 0.064062 0.283796 0.053125 0.241667
0 0.270313 0.262500 0.036458 0.145370
0 0.397656 0.163889 0.026562 0.109259
0 0.667969 0.828241 0.119271 0.339815
