0 0.404948 0.074537 0.009896 0.041667
0 0.423958 0.090741 0.009375 0.038889
0 0.442969 0.091204 0.010937 0.056481
0 0.439844 0.093056 0.013021 0.062037
0 0.430990 0.091667 0.008854 0.053704
0 0.418490 0.070370 0.013021 0.055556
0 0.413281 0.099074 0.009896 0.037037
0 0.405990 0.138889 0.010937 0.079630
0 0.393490 0.156944 0.019271 0.113889
0 0.481250 0.191204 0.038542 0.130556
0 0.466667 0.184722 0.015625 0.132407
0 0.457031 0.187500 0.025521 0.143519
0 0.432812 0.163426 0.015625 0.102778
0 0.430469 0.197685 0.020313 0.128704
0 0.417708 0.190741 0.018750 0.129630
0 0.355208 0.233333 0.039583 0.131481
0 0.370052 0.170370 0.019271 0.125926
0 0.354427 0.152778 0.014063 0.087037
0 0.365625 0.228704 0.037500 0.127778
0 0.452083 0.255093 0.036458 0.189815
0 0.405208 0.250926 0.036458 0.205556
0 0.361458 0.250926 0.055208 0.137037
0 0.524219 0.431481 0.097396 0.238889
0 0.529167 0.569444 0.094792 0.377778
0 0.567448 0.618056 0.106771 0.308333
0 0.580729 0.728704 0.140625 0.338889
0 0.290885 0.512963 0.086979 0.253704
0 0.636979 0.846759 0.185417 0.289815
