0 0.204167 0.221296 0.023958 0.137037
0 0.143750 0.212500 0.025000 0.130556
0 0.144531 0.166204 0.016146 0.056481
0 0.480729 0.184259 0.017708 0.079630
0 0.512500 0.180556 0.018750 0.088889
0 0.396875 0.179167 0.016667 0.078704
0 0.409635 0.162037 0.014063 0.079630
0 0.522656 0.262963 0.025521 0.125926
0 0.484115 0.262963 0.030729 0.140741
0 0.432812 0.281481 0.026042 0.148148
0 0.534115 0.348611 0.030729 0.178704
0 0.460156 0.356944 0.032813 0.200926
0 0.430469 0.368519 0.036979 0.196296
0 0.403385 0.388426 0.049479 0.204630
0 0.516146 0.614815 0.077083 0.346296
0 0.423958 0.701852 0.084375 0.414815
