0 0.575260 0.492130 0.041146 0.210185
0 0.563021 0.598611 0.143750 0.278704
0 0.674479 0.739815 0.097917 0.325926
0 0.403646 0.094907 0.010417 0.058333
0 0.412500 0.112037 0.012500 0.085185
0 0.431771 0.086574 0.013542 0.067593
0 0.445573 0.097685 0.013021 0.071296
0 0.432031 0.118981 0.011979 0.071296
0 0.472135 0.186111 0.027604 0.157407
0 0.404427 0.228241 0.034896 0.150926
0 0.385156 0.140278 0.017188 0.052778
0 0.371615 0.180556 0.028646 0.087037
0 0.361719 0.208333 0.029687 0.100000
0 0.359896 0.237500 0.022917 0.071296
0 0.357812 0.288889 0.069792 0.162963
0 0.401823 0.337500 0.048438 0.184259
0 0.514844 0.426389 0.044271 0.310185
0 0.295052 0.462500 0.106771 0.254630
0 0.278385 0.466667 0.083854 0.244444
0 0.277604 0.549537 0.115625 0.312037
0 0.268490 0.585185 0.091146 0.322222
0 0.161198 0.681944 0.074479 0.556481
0 0.391927 0.688426 0.071354 0.580556
0 0.613281 0.805093 0.115104 0.362037
0 0.484375 0.767130 0.098958 0.463889
0 0.374219 0.734722 0.147396 0.510185
