0 0.150260 0.196296 0.014063 0.107407
0 0.687760 0.720833 0.065104 0.356481
0 0.626302 0.717130 0.068229 0.367593
0 0.491667 0.152315 0.014583 0.065741
0 0.394010 0.196296 0.015104 0.092593
0 0.543490 0.547685 0.048438 0.284259
0 0.497396 0.544444 0.052083 0.288889
0 0.529427 0.366667 0.043229 0.164815
0 0.450000 0.457870 0.036458 0.247222
0 0.516667 0.294907 0.031250 0.173148
0 0.409635 0.436111 0.047396 0.250000
0 0.506771 0.238426 0.019792 0.115741
0 0.485156 0.233796 0.024479 0.123148
0 0.495573 0.397222 0.027604 0.109259
0 0.537760 0.237963 0.021354 0.098148
0 0.478906 0.127315 0.009896 0.056481
0 0.400000 0.155093 0.009375 0.073148
0 0.417187 0.199074 0.019792 0.096296
0 0.504427 0.197685 0.022396 0.093519
0 0.690885 0.868519 0.077604 0.261111
