0 0.416667 0.170370 0.011458 0.092593
0 0.399479 0.233333 0.019792 0.116667
0 0.153906 0.140741 0.013021 0.075926
0 0.499479 0.182870 0.014583 0.091667
0 0.516406 0.274074 0.016146 0.129630
0 0.473698 0.301389 0.030729 0.162037
0 0.686198 0.728704 0.061979 0.348148
0 0.516927 0.188889 0.013021 0.096296
0 0.120052 0.671759 0.054688 0.363889
0 0.497135 0.261574 0.024479 0.128704
0 0.532813 0.290741 0.017708 0.100000
0 0.502604 0.310185 0.028125 0.151852
0 0.487500 0.179167 0.020833 0.089815
0 0.408073 0.795370 0.067187 0.403704
0 0.446094 0.829630 0.069271 0.338889
0 0.478906 0.861111 0.070312 0.275926
0 0.152865 0.816204 0.070312 0.367593
0 0.626563 0.856019 0.076042 0.302778
0 0.370052 0.855093 0.092188 0.289815
