0 0.403385 0.076389 0.008854 0.026852
0 0.396875 0.115278 0.011458 0.075000
0 0.391146 0.118981 0.013542 0.078704
0 0.404687 0.119444 0.012500 0.077778
0 0.385417 0.125000 0.014583 0.088889
0 0.386198 0.137037 0.026562 0.055556
0 0.380208 0.143519 0.029167 0.081481
0 0.370052 0.175926 0.039062 0.101852
0 0.361198 0.191667 0.044271 0.107407
0 0.351302 0.214352 0.039062 0.112037
0 0.354687 0.277778 0.063542 0.153704
0 0.307812 0.437500 0.089583 0.237963
0 0.299219 0.468519 0.106771 0.283333
0 0.295833 0.550463 0.161458 0.310185
0 0.429948 0.073148 0.011979 0.051852
0 0.449219 0.152315 0.018229 0.106481
0 0.424219 0.220370 0.028646 0.138889
0 0.430208 0.375926 0.066667 0.307407
0 0.474740 0.279630 0.039062 0.214815
0 0.486979 0.414352 0.068750 0.323148
0 0.495573 0.497222 0.056771 0.362963
0 0.549479 0.593056 0.100000 0.315741
0 0.613542 0.665741 0.057292 0.457407
0 0.607552 0.775926 0.190104 0.370370
0 0.649219 0.805556 0.153646 0.385185
0 0.175781 0.844907 0.188021 0.308333
