0 0.169531 0.234722 0.022396 0.113889
0 0.155729 0.231019 0.027083 0.132407
0 0.205469 0.238889 0.028646 0.129630
0 0.236979 0.234259 0.022917 0.137037
0 0.266667 0.237500 0.022917 0.137963
0 0.398177 0.213889 0.020313 0.103704
0 0.407813 0.161574 0.014583 0.082407
0 0.420312 0.171296 0.014583 0.081481
0 0.388802 0.224074 0.020313 0.125926
0 0.524740 0.188889 0.014063 0.088889
0 0.480469 0.148148 0.009896 0.079630
0 0.494792 0.165278 0.012500 0.067593
0 0.504948 0.198611 0.015104 0.089815
0 0.475000 0.217130 0.014583 0.087963
0 0.489323 0.247222 0.016146 0.105556
0 0.546875 0.207407 0.014583 0.094444
0 0.531250 0.268056 0.021875 0.110185
0 0.484115 0.286574 0.021354 0.112037
0 0.471875 0.323611 0.033333 0.158333
0 0.506771 0.313889 0.034375 0.170370
0 0.519792 0.365278 0.034375 0.160185
0 0.552083 0.373148 0.035417 0.183333
0 0.519531 0.424537 0.041146 0.212037
0 0.433333 0.367593 0.038542 0.200000
0 0.430469 0.482407 0.054688 0.301852
0 0.532813 0.574537 0.070833 0.315741
0 0.490104 0.593981 0.055208 0.295370
0 0.508594 0.649537 0.058854 0.282407
0 0.656771 0.788426 0.054167 0.354630
0 0.389844 0.768981 0.076563 0.417593
0 0.313281 0.795370 0.111979 0.398148
0 0.450521 0.798148 0.097917 0.392593
0 0.530729 0.774074 0.091667 0.450000
