0 0.572396 0.583796 0.119792 0.247222
0 0.556250 0.587963 0.133333 0.261111
0 0.581771 0.712037 0.181250 0.353704
0 0.615885 0.811111 0.159896 0.337037
0 0.536719 0.450926 0.056771 0.316667
0 0.508073 0.470833 0.053646 0.362037
0 0.203646 0.748611 0.137500 0.415741
0 0.242708 0.651389 0.130208 0.365741
0 0.293490 0.521759 0.118229 0.273148
0 0.311198 0.363426 0.086979 0.328704
0 0.329167 0.355093 0.078125 0.276852
0 0.355729 0.265278 0.053125 0.149074
0 0.373698 0.250463 0.045312 0.137963
0 0.350000 0.191204 0.020833 0.112037
0 0.375521 0.183333 0.023958 0.087037
0 0.488021 0.237037 0.043750 0.196296
0 0.454688 0.251389 0.036458 0.178704
0 0.423438 0.265741 0.025000 0.146296
0 0.435417 0.146296 0.020833 0.122222
0 0.388802 0.138426 0.019271 0.123148
0 0.416146 0.143981 0.016667 0.106481
0 0.445312 0.116667 0.010417 0.085185
0 0.450781 0.121759 0.011979 0.080556
0 0.555208 0.565278 0.129167 0.286111
0 0.600521 0.827778 0.087500 0.342593
