0 0.402865 0.079167 0.011979 0.034259
0 0.427083 0.062963 0.008333 0.046296
0 0.422135 0.067130 0.011979 0.047222
0 0.448437 0.067130 0.009375 0.056481
0 0.448698 0.089352 0.009896 0.065741
0 0.437760 0.085648 0.010937 0.062037
0 0.398177 0.133796 0.017188 0.099074
0 0.389062 0.140278 0.028125 0.067593
0 0.385677 0.149074 0.033854 0.074074
0 0.419792 0.123611 0.018750 0.087963
0 0.439063 0.125000 0.017708 0.094444
0 0.457813 0.124537 0.016667 0.095370
0 0.445312 0.140278 0.027083 0.104630
0 0.374219 0.162037 0.026562 0.088889
0 0.360938 0.190278 0.035417 0.113889
0 0.353646 0.216667 0.041667 0.101852
0 0.358594 0.288426 0.059896 0.139815
0 0.478646 0.321759 0.061458 0.249074
0 0.440104 0.310648 0.041667 0.250926
0 0.390885 0.391204 0.059896 0.282407
0 0.275260 0.556019 0.124479 0.317593
0 0.559896 0.470370 0.061458 0.272222
0 0.543490 0.592593 0.111979 0.301852
0 0.572396 0.635648 0.141667 0.291667
0 0.284375 0.589352 0.128125 0.484259
0 0.605990 0.776852 0.192188 0.377778
0 0.957552 0.597685 0.067187 0.263889
0 0.171875 0.842593 0.187500 0.309259
