0 0.721875 0.106944 0.029167 0.163889
0 0.769531 0.082407 0.024479 0.151852
0 0.702083 0.134259 0.044792 0.214815
0 0.738281 0.129630 0.030729 0.155556
0 0.758594 0.354167 0.050521 0.278704
0 0.742188 0.275926 0.061458 0.283333
0 0.920573 0.477315 0.061979 0.360185
0 0.816927 0.529630 0.082812 0.403704
0 0.780469 0.576852 0.084896 0.325926
0 0.737240 0.376389 0.073438 0.345370
0 0.690625 0.454167 0.056250 0.295370
0 0.639062 0.420833 0.061458 0.375000
0 0.442448 0.020370 0.005729 0.031481
0 0.390104 0.061111 0.030208 0.120370
0 0.081771 0.161574 0.027083 0.100926
0 0.073698 0.143519 0.028646 0.129630
0 0.054167 0.151389 0.043750 0.156481
0 0.446875 0.382870 0.073958 0.289815
0 0.394271 0.494444 0.056250 0.251852
0 0.352083 0.550000 0.088542 0.390741
