0 0.046875 0.165741 0.028125 0.157407
0 0.014844 0.173148 0.026562 0.159259
0 0.408073 0.068981 0.026562 0.130556
0 0.650260 0.110185 0.030729 0.183333
0 0.665625 0.131019 0.044792 0.199074
0 0.728385 0.123148 0.036979 0.183333
0 0.762240 0.115741 0.026562 0.172222
0 0.776823 0.133796 0.040104 0.200926
0 0.713021 0.253704 0.042708 0.257407
0 0.765885 0.259259 0.040104 0.250000
0 0.930990 0.478241 0.066146 0.363889
0 0.913802 0.708333 0.064062 0.461111
0 0.514062 0.779167 0.087500 0.432407
0 0.458333 0.833333 0.097917 0.327778
0 0.659896 0.759259 0.092708 0.479630
