0 0.498177 0.165741 0.011979 0.070370
0 0.479167 0.144907 0.013542 0.062037
0 0.504687 0.134722 0.012500 0.065741
0 0.511979 0.247685 0.020833 0.125000
0 0.488542 0.266667 0.028125 0.124074
0 0.554427 0.353704 0.024479 0.175926
0 0.514323 0.354167 0.041146 0.182407
0 0.484375 0.352778 0.043750 0.185185
0 0.477083 0.391204 0.042708 0.239815
0 0.428125 0.398148 0.041667 0.220370
0 0.403385 0.181019 0.010937 0.097222
0 0.384896 0.191204 0.012500 0.095370
0 0.413021 0.193056 0.020833 0.104630
0 0.147656 0.157407 0.016146 0.090741
0 0.190365 0.213426 0.022396 0.137963
0 0.255469 0.242130 0.013021 0.082407
0 0.078125 0.742130 0.065625 0.304630
0 0.120052 0.551389 0.021354 0.100926
0 0.452865 0.396296 0.025521 0.125926
0 0.502083 0.173611 0.014583 0.067593
0 0.494792 0.255093 0.026042 0.123148
0 0.412500 0.137500 0.020833 0.080556
0 0.525521 0.173611 0.020833 0.084259
0 0.421354 0.163426 0.011458 0.080556
0 0.527083 0.269444 0.023958 0.133333
0 0.391406 0.218981 0.018229 0.080556
0 0.526823 0.185648 0.022396 0.060185
0 0.423177 0.193981 0.015104 0.099074
0 0.547917 0.358333 0.033333 0.170370
0 0.246094 0.142130 0.014063 0.080556
0 0.489844 0.160185 0.016146 0.077778
0 0.141146 0.191667 0.014583 0.100000
0 0.502865 0.341204 0.030729 0.145370
0 0.222917 0.220833 0.025000 0.128704
0 0.476562 0.176389 0.011458 0.050926
0 0.115885 0.725463 0.149479 0.382407
0 0.464323 0.350926 0.028646 0.161111
0 0.541667 0.210648 0.016667 0.082407
