0 0.446615 0.070370 0.010937 0.053704
0 0.411458 0.084259 0.009375 0.062963
0 0.441406 0.078704 0.009896 0.051852
0 0.431771 0.090741 0.012500 0.066667
0 0.425521 0.096296 0.014583 0.074074
0 0.451302 0.137500 0.022396 0.100926
0 0.427083 0.185185 0.029167 0.151852
0 0.410156 0.165741 0.025521 0.116667
0 0.405469 0.167130 0.019271 0.139815
0 0.455729 0.190741 0.017708 0.142593
0 0.442969 0.192593 0.011979 0.070370
0 0.470052 0.186574 0.021354 0.097222
0 0.463542 0.196759 0.022917 0.076852
0 0.470833 0.219444 0.021875 0.098148
0 0.442969 0.236574 0.016146 0.086111
0 0.415625 0.213889 0.026042 0.127778
0 0.395313 0.192130 0.029167 0.160185
0 0.367969 0.182407 0.032813 0.088889
0 0.370573 0.181944 0.027604 0.082407
0 0.374479 0.225463 0.016667 0.108333
0 0.372396 0.237500 0.022917 0.106481
0 0.351302 0.215741 0.024479 0.075926
0 0.359375 0.242130 0.035417 0.119444
0 0.286198 0.326389 0.033854 0.273148
0 0.399479 0.458333 0.090625 0.324074
0 0.262500 0.743056 0.139583 0.354630
