0 0.546354 0.311111 0.021875 0.087037
0 0.495833 0.263426 0.028125 0.078704
0 0.505469 0.362500 0.032813 0.160185
0 0.142969 0.212963 0.024479 0.118519
0 0.533854 0.362037 0.029167 0.174074
0 0.446354 0.406481 0.039583 0.218519
0 0.513281 0.544907 0.065104 0.323148
0 0.153646 0.578241 0.059375 0.345370
0 0.404948 0.222222 0.018229 0.088889
0 0.540885 0.256944 0.027604 0.075000
0 0.123177 0.175463 0.019271 0.084259
0 0.518229 0.211574 0.022917 0.069444
0 0.479167 0.365741 0.047917 0.224074
0 0.481250 0.236574 0.025000 0.075000
0 0.407292 0.386111 0.041667 0.214815
0 0.447135 0.308333 0.033854 0.124074
0 0.398698 0.154630 0.016146 0.070370
0 0.395573 0.638426 0.076563 0.350926
0 0.197917 0.543519 0.057292 0.301852
0 0.222917 0.592593 0.058333 0.331481
0 0.641927 0.837037 0.068229 0.324074
