0 0.230729 0.774074 0.181250 0.379630
0 0.426302 0.094444 0.010937 0.068519
0 0.396875 0.122222 0.018750 0.038889
0 0.358333 0.198148 0.019792 0.144444
0 0.450000 0.541667 0.068750 0.209259
0 0.237240 0.651389 0.147396 0.363889
0 0.546354 0.590278 0.077083 0.487963
0 0.436719 0.067130 0.007812 0.037963
0 0.577344 0.593981 0.109896 0.252778
0 0.440625 0.082870 0.010417 0.050926
0 0.463281 0.120370 0.013021 0.092593
0 0.541667 0.461111 0.066667 0.192593
0 0.430729 0.106481 0.010417 0.053704
0 0.577344 0.711574 0.180729 0.337963
0 0.421615 0.078241 0.007812 0.054630
0 0.315625 0.475000 0.086458 0.272222
0 0.451302 0.083796 0.009896 0.045370
0 0.408594 0.078241 0.008854 0.050926
0 0.401302 0.082407 0.014063 0.061111
0 0.420312 0.128704 0.010417 0.072222
0 0.451042 0.117130 0.011458 0.080556
0 0.342187 0.184259 0.019792 0.124074
0 0.371615 0.170833 0.014063 0.132407
0 0.358073 0.231019 0.047396 0.102778
0 0.349479 0.257407 0.051042 0.124074
0 0.348958 0.281019 0.059375 0.143519
0 0.626042 0.810648 0.167708 0.349074
0 0.390885 0.191667 0.030729 0.146296
0 0.408594 0.220833 0.023438 0.169444
0 0.421094 0.271296 0.047396 0.205556
0 0.442188 0.129630 0.015625 0.090741
0 0.435417 0.321296 0.027083 0.183333
0 0.463802 0.369907 0.072396 0.317593
0 0.385677 0.438426 0.083854 0.371296
0 0.282292 0.504167 0.096875 0.262037
0 0.619792 0.857407 0.097917 0.283333
