0 0.407031 0.087963 0.013021 0.062963
0 0.417708 0.062500 0.009375 0.047222
0 0.417969 0.094444 0.013021 0.072222
0 0.427604 0.077315 0.010417 0.056481
0 0.432812 0.092593 0.012500 0.059259
0 0.434375 0.066204 0.008333 0.049074
0 0.343490 0.194444 0.018229 0.151852
0 0.352604 0.216204 0.035417 0.149074
0 0.373958 0.194907 0.022917 0.141667
0 0.384115 0.202778 0.027604 0.166667
0 0.406250 0.160185 0.019792 0.118519
0 0.420052 0.213426 0.041146 0.169444
0 0.416146 0.184259 0.014583 0.085185
0 0.436979 0.195370 0.014583 0.101852
0 0.442969 0.077315 0.007812 0.039815
0 0.457813 0.137963 0.019792 0.096296
0 0.444531 0.106481 0.009896 0.050000
0 0.459896 0.190278 0.045833 0.086111
0 0.874479 0.522685 0.067708 0.232407
0 0.536458 0.420370 0.072917 0.222222
0 0.569271 0.525000 0.086458 0.181481
0 0.287500 0.498148 0.096875 0.277778
0 0.192708 0.788889 0.184375 0.420370
