0 0.523698 0.650926 0.080729 0.398148
0 0.423698 0.339352 0.039062 0.197222
0 0.455729 0.425000 0.050000 0.227778
0 0.411719 0.454630 0.031771 0.174074
0 0.678385 0.618519 0.050521 0.137037
0 0.459896 0.272222 0.031250 0.144444
0 0.462760 0.348611 0.041146 0.202778
0 0.520052 0.462500 0.060937 0.262037
0 0.533333 0.405093 0.044792 0.226852
0 0.668229 0.840278 0.103125 0.317593
0 0.541406 0.327315 0.031771 0.152778
0 0.532813 0.306019 0.034375 0.156481
0 0.510417 0.287037 0.027083 0.153704
0 0.490365 0.291204 0.036979 0.171296
0 0.473438 0.394444 0.042708 0.207407
0 0.402604 0.242130 0.032292 0.137963
0 0.543750 0.343981 0.035417 0.147222
