0 0.869531 0.529630 0.067187 0.238889
0 0.542708 0.514352 0.054167 0.360185
0 0.510677 0.523148 0.067187 0.314815
0 0.523958 0.776389 0.100000 0.436111
0 0.347135 0.175926 0.023438 0.109259
0 0.354167 0.222222 0.039583 0.105556
0 0.366406 0.198148 0.028646 0.114815
0 0.381771 0.282870 0.037500 0.165741
0 0.357031 0.296296 0.030729 0.129630
0 0.375521 0.151852 0.021875 0.101852
0 0.461198 0.149537 0.017188 0.063889
0 0.461198 0.181019 0.031771 0.086111
0 0.481510 0.196759 0.034896 0.165741
0 0.457552 0.289815 0.032813 0.190741
0 0.425781 0.179167 0.019271 0.095370
0 0.420312 0.273611 0.034375 0.215741
0 0.411198 0.161574 0.025521 0.117593
0 0.425781 0.139352 0.018229 0.097222
0 0.442448 0.148148 0.024479 0.120370
0 0.435417 0.093056 0.014583 0.075000
0 0.447917 0.085648 0.012500 0.062037
0 0.421354 0.086111 0.013542 0.055556
0 0.640365 0.837500 0.108854 0.323148
0 0.476562 0.760648 0.132292 0.476852
