0 0.123958 0.818519 0.054167 0.324074
0 0.421875 0.164815 0.008333 0.027778
0 0.529167 0.237037 0.031250 0.142593
0 0.492448 0.332407 0.035937 0.159259
0 0.440104 0.298611 0.027083 0.150926
0 0.453125 0.305556 0.022917 0.133333
0 0.128906 0.157870 0.020313 0.091667
0 0.153906 0.681019 0.060937 0.413889
0 0.389062 0.215278 0.010417 0.110185
0 0.528125 0.312500 0.025000 0.143519
0 0.156771 0.157407 0.012500 0.098148
0 0.557813 0.332870 0.023958 0.160185
0 0.516927 0.192130 0.016146 0.099074
0 0.683333 0.694907 0.064583 0.337963
0 0.547656 0.330556 0.036979 0.183333
0 0.405208 0.155556 0.014583 0.068519
0 0.600260 0.706944 0.073438 0.347222
0 0.417448 0.470833 0.051562 0.276852
0 0.510156 0.300926 0.027604 0.168519
0 0.500000 0.229167 0.010417 0.075000
0 0.486458 0.249537 0.018750 0.110185
0 0.421354 0.183796 0.020833 0.086111
0 0.398177 0.190278 0.013021 0.087963
0 0.484115 0.302778 0.023438 0.155556
0 0.479948 0.117593 0.009896 0.033333
0 0.495573 0.121296 0.007812 0.038889
0 0.490625 0.121296 0.007292 0.035185
0 0.487760 0.131481 0.010937 0.040741
0 0.483073 0.143056 0.011979 0.039815
0 0.498958 0.179630 0.015625 0.062963
0 0.484375 0.190741 0.017708 0.070370
0 0.659896 0.862963 0.090625 0.272222
