0 0.644531 0.326852 0.067187 0.333333
0 0.742188 0.393519 0.073958 0.396296
0 0.762240 0.511574 0.063021 0.308333
0 0.673698 0.706944 0.079687 0.487963
0 0.507292 0.697222 0.100000 0.535185
0 0.020573 0.182407 0.024479 0.144444
0 0.692187 0.348148 0.058333 0.305556
0 0.757812 0.204630 0.036458 0.200000
0 0.750260 0.433333 0.075521 0.316667
0 0.775000 0.223611 0.048958 0.262037
0 0.604688 0.568981 0.098958 0.469444
0 0.657552 0.122685 0.040104 0.199074
0 0.681510 0.592130 0.098437 0.280556
0 0.699740 0.125000 0.034896 0.183333
0 0.764062 0.160648 0.033333 0.176852
0 0.723698 0.051852 0.022396 0.103704
0 0.343490 0.063889 0.019271 0.100000
0 0.761719 0.750463 0.123438 0.497222
