0 0.518490 0.431944 0.074479 0.195370
0 0.564583 0.524074 0.061458 0.392593
0 0.586719 0.645370 0.123438 0.311111
0 0.462500 0.655093 0.103125 0.506481
0 0.255990 0.640278 0.149479 0.347222
0 0.303125 0.470833 0.096875 0.269444
0 0.491146 0.264815 0.051042 0.127778
0 0.460156 0.297685 0.031771 0.175000
0 0.446354 0.327778 0.050000 0.250000
0 0.364844 0.193981 0.053646 0.112037
0 0.351562 0.299074 0.045833 0.251852
0 0.407292 0.235185 0.038542 0.194444
0 0.379167 0.141204 0.023958 0.082407
0 0.422917 0.070370 0.011458 0.046296
0 0.433333 0.081481 0.011458 0.051852
0 0.638802 0.856944 0.149479 0.284259
0 0.557292 0.741204 0.090625 0.515741
0 0.250521 0.735648 0.085417 0.526852
