0 0.446094 0.072222 0.010937 0.051852
0 0.436198 0.089352 0.014063 0.060185
0 0.423177 0.077315 0.009896 0.047222
0 0.419271 0.062963 0.010417 0.048148
0 0.404948 0.081481 0.011979 0.053704
0 0.412500 0.121759 0.015625 0.071296
0 0.468490 0.199074 0.017188 0.064815
0 0.474219 0.208796 0.031771 0.097222
0 0.449479 0.143981 0.017708 0.082407
0 0.438802 0.170833 0.020313 0.112037
0 0.427604 0.119907 0.017708 0.091667
0 0.400000 0.131019 0.019792 0.093519
0 0.381250 0.149537 0.032292 0.075000
0 0.368229 0.190278 0.016667 0.080556
0 0.356250 0.193056 0.023958 0.108333
0 0.356510 0.216204 0.044271 0.126852
0 0.351042 0.254167 0.032292 0.104630
0 0.427604 0.228241 0.018750 0.073148
0 0.417187 0.202315 0.033333 0.134259
0 0.451823 0.210648 0.038021 0.149074
0 0.874740 0.525926 0.068229 0.229630
0 0.574740 0.580556 0.091146 0.203704
0 0.376823 0.684259 0.116146 0.537037
0 0.175000 0.826852 0.185417 0.344444
0 0.199740 0.803704 0.146354 0.374074
0 0.531250 0.717593 0.097917 0.562963
