0 0.512760 0.043519 0.010937 0.064815
0 0.521354 0.050926 0.014583 0.074074
0 0.537760 0.063426 0.021354 0.095370
0 0.557031 0.182407 0.026562 0.188889
0 0.537760 0.201852 0.033854 0.168519
0 0.467448 0.182407 0.028646 0.168519
0 0.483333 0.176389 0.034375 0.178704
0 0.450781 0.194444 0.043229 0.174074
0 0.505729 0.322222 0.030208 0.229630
0 0.496615 0.255556 0.036979 0.225926
0 0.491667 0.276389 0.027083 0.215741
0 0.535677 0.323611 0.073438 0.271296
0 0.587240 0.262500 0.047396 0.208333
0 0.576562 0.323611 0.051042 0.245370
0 0.607292 0.345833 0.046875 0.271296
0 0.580469 0.425463 0.066146 0.302778
0 0.427344 0.260185 0.045312 0.224074
0 0.406771 0.540278 0.084375 0.386111
0 0.613802 0.719907 0.114062 0.510185
0 0.313021 0.033796 0.016667 0.063889
0 0.386719 0.038889 0.017188 0.077778
0 0.396354 0.074074 0.016667 0.072222
0 0.423958 0.133796 0.021875 0.080556
0 0.382292 0.123148 0.019792 0.083333
0 0.373958 0.134722 0.029167 0.084259
0 0.319531 0.143519 0.027604 0.072222
0 0.318229 0.125926 0.030208 0.107407
0 0.391146 0.174074 0.038542 0.096296
0 0.404948 0.225463 0.031771 0.117593
0 0.380729 0.193981 0.021875 0.095370
0 0.333073 0.176852 0.043229 0.100000
0 0.304427 0.168981 0.023438 0.087963
0 0.283854 0.188426 0.034375 0.123148
0 0.265365 0.201852 0.031771 0.116667
0 0.246094 0.186111 0.016146 0.083333
0 0.269531 0.143519 0.033854 0.135185
0 0.238802 0.148148 0.026562 0.138889
0 0.227344 0.174537 0.038021 0.189815
0 0.180469 0.193981 0.032813 0.160185
0 0.351042 0.271296 0.043750 0.174074
0 0.404687 0.289352 0.038542 0.149074
0 0.425521 0.264352 0.046875 0.230556
0 0.371615 0.310648 0.042188 0.195370
0 0.263542 0.255093 0.038542 0.154630
0 0.245052 0.288889 0.052604 0.166667
0 0.213802 0.408333 0.044271 0.192593
0 0.310417 0.439352 0.067708 0.230556
0 0.284375 0.547222 0.077083 0.264815
0 0.198958 0.500463 0.052083 0.241667
0 0.123698 0.487963 0.065104 0.235185
0 0.058073 0.465278 0.073438 0.263889
0 0.243490 0.718981 0.076563 0.480556
0 0.096094 0.765741 0.070312 0.342593
0 0.698177 0.801852 0.135937 0.392593
