0 0.415104 0.137963 0.020833 0.094444
0 0.482812 0.192130 0.023958 0.167593
0 0.591406 0.765278 0.203646 0.349074
0 0.296094 0.475463 0.094271 0.265741
0 0.412760 0.211111 0.020313 0.101852
0 0.469271 0.437963 0.072917 0.324074
0 0.446094 0.149537 0.022396 0.121296
0 0.377604 0.235185 0.014583 0.103704
0 0.538542 0.658796 0.065625 0.310185
0 0.487760 0.679630 0.067187 0.303704
0 0.386719 0.242130 0.020313 0.115741
0 0.564583 0.524074 0.089583 0.255556
0 0.364844 0.196296 0.022396 0.146296
0 0.444792 0.122685 0.010417 0.082407
0 0.456250 0.122222 0.010417 0.079630
0 0.461719 0.192593 0.028646 0.100000
0 0.424219 0.066204 0.008854 0.045370
0 0.379948 0.145370 0.008854 0.053704
0 0.392448 0.142130 0.021354 0.073148
0 0.433073 0.156944 0.009896 0.076852
0 0.353385 0.225926 0.034896 0.131481
0 0.346615 0.239815 0.031771 0.131481
0 0.174219 0.914815 0.123438 0.162963
0 0.673958 0.889815 0.208333 0.218519
