0 0.280469 0.235648 0.019271 0.123148
0 0.486979 0.221296 0.014583 0.077778
0 0.518750 0.387037 0.043750 0.200000
0 0.494271 0.206944 0.015625 0.097222
0 0.472396 0.400463 0.037500 0.217593
0 0.408333 0.386111 0.044792 0.235185
0 0.474740 0.203241 0.013021 0.095370
0 0.530469 0.225000 0.023438 0.103704
0 0.389323 0.419907 0.022396 0.182407
0 0.517969 0.204630 0.016146 0.092593
0 0.146094 0.211574 0.016146 0.119444
0 0.125000 0.655556 0.096875 0.372222
0 0.540885 0.346759 0.025521 0.176852
0 0.398958 0.155556 0.011458 0.066667
0 0.512500 0.543981 0.071875 0.312037
0 0.505729 0.126852 0.007292 0.057407
0 0.519010 0.596296 0.059896 0.281481
0 0.421615 0.200463 0.015104 0.099074
0 0.473438 0.652778 0.032292 0.181481
0 0.542969 0.218981 0.019271 0.104630
0 0.484375 0.156481 0.009375 0.050000
0 0.439323 0.531481 0.073438 0.307407
0 0.494531 0.802778 0.110937 0.387037
