0 0.640365 0.752315 0.074479 0.421296
0 0.133594 0.153241 0.015104 0.080556
0 0.120313 0.170370 0.020833 0.105556
0 0.149740 0.192130 0.021354 0.106481
0 0.430729 0.143519 0.007292 0.062963
0 0.421094 0.150463 0.013021 0.060185
0 0.397396 0.224074 0.020833 0.096296
0 0.416406 0.221759 0.013021 0.097222
0 0.394792 0.241667 0.019792 0.096296
0 0.539323 0.183333 0.015104 0.079630
0 0.490104 0.153704 0.011458 0.061111
0 0.478646 0.161111 0.011458 0.046296
0 0.529167 0.274537 0.022917 0.132407
0 0.515885 0.276389 0.026562 0.149074
0 0.491406 0.292130 0.027604 0.149074
0 0.470313 0.325463 0.044792 0.184259
0 0.554948 0.387037 0.043229 0.229630
0 0.512500 0.406944 0.046875 0.171296
0 0.395052 0.562963 0.063021 0.244444
0 0.446094 0.547685 0.068229 0.315741
0 0.494792 0.553704 0.052083 0.222222
0 0.545833 0.516667 0.056250 0.270370
0 0.521615 0.646759 0.067187 0.304630
0 0.548177 0.702315 0.081771 0.378704
0 0.445052 0.794907 0.086979 0.389815
0 0.150000 0.191204 0.020833 0.102778
0 0.133333 0.155093 0.017708 0.087963
0 0.121615 0.175000 0.021354 0.112963
0 0.201042 0.851389 0.069792 0.295370
