0 0.569271 0.733333 0.109375 0.514815
0 0.594531 0.772685 0.068229 0.391667
0 0.580208 0.711574 0.182292 0.360185
0 0.223438 0.779167 0.100000 0.225000
0 0.320573 0.579630 0.108854 0.511111
0 0.250260 0.631019 0.090104 0.284259
0 0.427344 0.511111 0.080729 0.438889
0 0.497656 0.601852 0.057813 0.327778
0 0.571615 0.478241 0.066146 0.330556
0 0.566406 0.408796 0.071354 0.325000
0 0.523177 0.475463 0.071354 0.432407
0 0.292448 0.479167 0.081771 0.254630
0 0.310417 0.369907 0.043750 0.289815
0 0.381771 0.251852 0.043750 0.203704
0 0.352344 0.239352 0.045312 0.136111
0 0.353906 0.262037 0.030729 0.172222
0 0.491667 0.205093 0.029167 0.141667
0 0.478906 0.200926 0.027604 0.109259
0 0.447135 0.195370 0.025521 0.137037
0 0.415104 0.199537 0.021875 0.113889
0 0.422135 0.170833 0.023438 0.117593
0 0.360417 0.183796 0.028125 0.147222
0 0.366146 0.199074 0.032292 0.150000
0 0.386458 0.156481 0.027083 0.101852
0 0.388021 0.132407 0.021875 0.092593
0 0.459896 0.120370 0.017708 0.087037
0 0.448958 0.087963 0.014583 0.068519
0 0.427604 0.066667 0.011458 0.051852
0 0.411979 0.067593 0.012500 0.050000
0 0.153646 0.827778 0.184375 0.342593
