0 0.863281 0.520370 0.067187 0.248148
0 0.547917 0.548611 0.097917 0.354630
0 0.388281 0.356481 0.070312 0.314815
0 0.359896 0.397222 0.060417 0.331481
0 0.328906 0.457870 0.043229 0.267593
0 0.304948 0.325463 0.044271 0.265741
0 0.461979 0.188889 0.062500 0.096296
0 0.485417 0.193519 0.026042 0.146296
0 0.451823 0.221296 0.022396 0.122222
0 0.353906 0.218519 0.039062 0.087037
0 0.356250 0.197685 0.038542 0.080556
0 0.364063 0.178241 0.038542 0.086111
0 0.375260 0.179630 0.031771 0.068519
0 0.379948 0.168056 0.036979 0.087963
0 0.386458 0.116204 0.015625 0.049074
0 0.455469 0.130556 0.018229 0.092593
0 0.439063 0.137037 0.020833 0.103704
0 0.414323 0.150926 0.016146 0.068519
0 0.426302 0.118056 0.010937 0.050926
0 0.391406 0.128241 0.013021 0.106481
0 0.402604 0.134722 0.021875 0.102778
0 0.418490 0.107407 0.017188 0.072222
0 0.414062 0.098148 0.009375 0.059259
0 0.438021 0.102315 0.016667 0.071296
0 0.415885 0.064352 0.008854 0.037963
0 0.424219 0.062963 0.011979 0.046296
0 0.649219 0.854167 0.114062 0.289815
