0 0.132812 0.187037 0.016667 0.088889
0 0.114062 0.192130 0.010417 0.052778
0 0.126823 0.217593 0.021354 0.103704
0 0.277865 0.248611 0.016146 0.075000
0 0.421354 0.192130 0.015625 0.082407
0 0.417969 0.235185 0.015104 0.094444
0 0.405208 0.189352 0.016667 0.099074
0 0.490365 0.262037 0.023438 0.118519
0 0.496094 0.339352 0.036979 0.184259
0 0.536979 0.293519 0.021875 0.151852
0 0.525781 0.290741 0.025521 0.164815
0 0.560677 0.343981 0.029687 0.175000
0 0.536719 0.349537 0.024479 0.145370
0 0.519792 0.329630 0.026042 0.159259
0 0.504167 0.344907 0.041667 0.186111
0 0.464323 0.329167 0.031771 0.162037
0 0.436979 0.332407 0.030208 0.188889
0 0.527604 0.570833 0.051042 0.287963
0 0.492708 0.522222 0.047917 0.251852
0 0.448958 0.492130 0.062500 0.273148
0 0.489844 0.661111 0.065104 0.316667
0 0.540365 0.817593 0.073438 0.362963
0 0.456771 0.806481 0.103125 0.383333
0 0.270573 0.821296 0.104688 0.355556
0 0.169531 0.856944 0.077604 0.282407
