0 0.765104 0.549074 0.095833 0.544444
0 0.521094 0.194907 0.118229 0.106481
0 0.402344 0.175926 0.049479 0.212963
0 0.131771 0.244444 0.032292 0.118519
0 0.244792 0.251852 0.033333 0.135185
0 0.541146 0.252778 0.018750 0.118519
0 0.479167 0.259722 0.022917 0.117593
0 0.450260 0.297222 0.030729 0.168519
0 0.459635 0.321759 0.031771 0.167593
0 0.485677 0.304167 0.031771 0.154630
0 0.494531 0.339352 0.036979 0.175000
0 0.528385 0.342130 0.042188 0.178704
0 0.459375 0.414815 0.043750 0.233333
0 0.492708 0.577315 0.061458 0.354630
0 0.510417 0.748148 0.096875 0.479630
0 0.515885 0.550926 0.067187 0.229630
