0 0.875781 0.525000 0.071354 0.227778
0 0.282292 0.496296 0.107292 0.281481
0 0.535937 0.421296 0.071875 0.224074
0 0.433594 0.249537 0.031771 0.180556
0 0.442188 0.192593 0.050000 0.155556
0 0.463021 0.191204 0.041667 0.087963
0 0.472656 0.166667 0.016146 0.081481
0 0.355208 0.250926 0.030208 0.211111
0 0.377865 0.199074 0.021354 0.138889
0 0.361458 0.181019 0.018750 0.128704
0 0.401302 0.135648 0.022396 0.115741
0 0.452083 0.093519 0.010417 0.061111
0 0.435937 0.097222 0.019792 0.068519
0 0.421615 0.087963 0.014063 0.064815
0 0.417708 0.060185 0.007292 0.040741
0 0.212500 0.829630 0.143750 0.337037
