0 0.737500 0.090278 0.034375 0.134259
0 0.757812 0.112963 0.014583 0.096296
0 0.707031 0.220370 0.041146 0.272222
0 0.669531 0.198148 0.041146 0.201852
0 0.688021 0.242593 0.046875 0.224074
0 0.740104 0.221296 0.035417 0.211111
0 0.698698 0.318056 0.054688 0.280556
0 0.652604 0.344907 0.063542 0.300926
0 0.772917 0.290741 0.046875 0.255556
0 0.740104 0.322222 0.023958 0.166667
0 0.762500 0.417593 0.052083 0.331481
0 0.695573 0.471759 0.071354 0.326852
0 0.681771 0.593519 0.083333 0.405556
0 0.783073 0.608333 0.105729 0.490741
0 0.703906 0.037963 0.013021 0.068519
0 0.714583 0.043519 0.014583 0.072222
0 0.803125 0.232407 0.032292 0.194444
0 0.361719 0.051389 0.025521 0.102778
0 0.479167 0.399537 0.016667 0.100926
0 0.640104 0.779630 0.126042 0.438889
