0 0.364063 0.242593 0.026042 0.088889
0 0.355208 0.299537 0.050000 0.143519
0 0.356250 0.228241 0.041667 0.100926
0 0.363021 0.215278 0.034375 0.117593
0 0.365104 0.191204 0.044792 0.108333
0 0.370573 0.182407 0.034896 0.090741
0 0.407292 0.066667 0.006250 0.038889
0 0.388802 0.143519 0.022396 0.074074
0 0.408073 0.137037 0.021354 0.107407
0 0.418490 0.074537 0.010937 0.050926
0 0.426042 0.079630 0.007292 0.044444
0 0.431250 0.067130 0.005208 0.028704
0 0.434896 0.119444 0.014583 0.087037
0 0.427865 0.129167 0.015104 0.106481
0 0.440625 0.079630 0.010417 0.051852
0 0.450000 0.115741 0.014583 0.068519
0 0.450260 0.142593 0.017188 0.094444
0 0.373437 0.397222 0.037500 0.205556
0 0.416927 0.373148 0.070312 0.270370
0 0.470573 0.216667 0.038021 0.151852
0 0.609115 0.777315 0.196354 0.382407
0 0.562500 0.601852 0.140625 0.288889
0 0.509375 0.425000 0.040625 0.318519
0 0.494792 0.497222 0.041667 0.240741
0 0.562240 0.504630 0.060937 0.225926
0 0.277865 0.504630 0.091146 0.301852
0 0.301563 0.542593 0.110417 0.392593
0 0.588281 0.779167 0.073438 0.437963
0 0.976302 0.691667 0.046354 0.316667
0 0.622656 0.812500 0.109896 0.373148
0 0.166406 0.702315 0.075521 0.587963
