0 0.399740 0.158333 0.020313 0.125926
0 0.409375 0.166667 0.020833 0.094444
0 0.360156 0.252315 0.051562 0.143519
0 0.474740 0.193056 0.042188 0.110185
0 0.465365 0.211111 0.019271 0.133333
0 0.478385 0.551852 0.067187 0.390741
0 0.619792 0.575000 0.051042 0.159259
0 0.544271 0.681944 0.087500 0.571296
0 0.401042 0.301389 0.060417 0.215741
0 0.392708 0.560648 0.050000 0.434259
0 0.429167 0.166204 0.034375 0.139815
0 0.439323 0.086574 0.007812 0.062037
0 0.461198 0.146759 0.027604 0.112037
0 0.494271 0.221296 0.032292 0.135185
0 0.481250 0.498611 0.092708 0.356481
0 0.571875 0.367130 0.044792 0.123148
0 0.540104 0.653241 0.143750 0.289815
0 0.459896 0.087963 0.009375 0.055556
0 0.439323 0.379167 0.033854 0.197222
0 0.378385 0.156944 0.021354 0.095370
0 0.320573 0.384259 0.076563 0.316667
0 0.448698 0.086574 0.013021 0.071296
0 0.372135 0.184259 0.033854 0.090741
0 0.417708 0.104167 0.011458 0.082407
0 0.626563 0.847685 0.250000 0.302778
