0 0.402604 0.174537 0.012500 0.080556
0 0.478906 0.217130 0.019271 0.075000
0 0.489063 0.248611 0.023958 0.067593
0 0.498177 0.296296 0.032813 0.096296
0 0.531510 0.331481 0.045312 0.122222
0 0.492188 0.327315 0.030208 0.104630
0 0.461198 0.350000 0.030729 0.164815
0 0.541146 0.425926 0.043750 0.218519
0 0.444271 0.423611 0.041667 0.180556
0 0.497396 0.445833 0.052083 0.250926
0 0.396094 0.469444 0.042188 0.146296
0 0.542448 0.589815 0.059896 0.235185
0 0.491927 0.642130 0.058854 0.265741
0 0.416667 0.578241 0.060417 0.256481
0 0.408594 0.649074 0.023438 0.198148
0 0.358333 0.750926 0.085417 0.414815
0 0.422917 0.824537 0.043750 0.225000
0 0.466146 0.791667 0.085417 0.409259
0 0.565885 0.706944 0.073438 0.273148
0 0.690885 0.646759 0.028646 0.199074
0 0.657031 0.696759 0.040104 0.212037
0 0.662240 0.848611 0.065104 0.295370
0 0.536979 0.859722 0.098958 0.278704
0 0.534375 0.278704 0.020833 0.116667
0 0.507031 0.217593 0.021354 0.100000
0 0.417187 0.211111 0.014583 0.068519
0 0.523177 0.263889 0.019271 0.120370
0 0.409375 0.418981 0.033333 0.219444
