0 0.778385 0.099074 0.027604 0.164815
0 0.760156 0.086574 0.029687 0.158333
0 0.732812 0.087037 0.029167 0.153704
0 0.680469 0.112500 0.029687 0.143519
0 0.669792 0.154630 0.035417 0.164815
0 0.761979 0.322685 0.058333 0.275000
0 0.733073 0.337037 0.027604 0.168519
0 0.704167 0.204167 0.026042 0.071296
0 0.689583 0.296296 0.053125 0.294444
0 0.797135 0.687500 0.079687 0.487963
0 0.420052 0.389815 0.047396 0.307407
0 0.077865 0.138889 0.018229 0.114815
0 0.021354 0.149074 0.028125 0.153704
0 0.866146 0.792130 0.143750 0.412037
0 0.715365 0.822685 0.150521 0.350926
0 0.553385 0.785648 0.110937 0.425000
