0 0.393490 0.433796 0.019271 0.115741
0 0.228906 0.368056 0.013021 0.063889
0 0.227604 0.397222 0.016667 0.100000
0 0.027604 0.128241 0.037500 0.147222
0 0.038281 0.120833 0.016146 0.078704
0 0.028646 0.154167 0.026042 0.156481
0 0.042708 0.138426 0.020833 0.137963
0 0.064844 0.155093 0.028646 0.145370
0 0.074740 0.117593 0.021354 0.122222
0 0.079687 0.123148 0.026042 0.131481
0 0.616927 0.054167 0.018229 0.095370
0 0.673958 0.098148 0.035417 0.179630
0 0.713542 0.118981 0.026042 0.180556
0 0.738802 0.127315 0.030729 0.187963
0 0.787500 0.132870 0.035417 0.186111
0 0.638802 0.257870 0.050521 0.289815
0 0.686719 0.223611 0.045312 0.247222
0 0.719271 0.238426 0.037500 0.245370
0 0.740885 0.243056 0.047396 0.275000
0 0.773958 0.204167 0.040625 0.228704
0 0.795312 0.239815 0.045833 0.287037
0 0.778646 0.298148 0.043750 0.209259
0 0.694271 0.466204 0.065625 0.363889
0 0.696615 0.665741 0.098437 0.444444
0 0.736979 0.641204 0.068750 0.432407
0 0.707031 0.498611 0.082812 0.247222
0 0.606250 0.636574 0.091667 0.406481
0 0.597656 0.582407 0.061979 0.214815
0 0.586979 0.667593 0.089583 0.474074
0 0.514583 0.662500 0.086458 0.486111
0 0.464844 0.748148 0.110937 0.475926
0 0.013542 0.192130 0.027083 0.176852
0 0.496615 0.050000 0.030729 0.098148
0 0.754427 0.070370 0.028646 0.140741
0 0.886198 0.758333 0.100521 0.479630
0 0.815885 0.743519 0.098437 0.509259
0 0.733073 0.786574 0.117188 0.425000
