0 0.425260 0.156944 0.008854 0.060185
0 0.395313 0.213889 0.021875 0.107407
0 0.484896 0.152315 0.013542 0.065741
0 0.501042 0.163889 0.008333 0.044444
0 0.474219 0.212963 0.014063 0.088889
0 0.464323 0.352315 0.026562 0.191667
0 0.448698 0.374537 0.028646 0.193519
0 0.527083 0.412500 0.035417 0.195370
0 0.401302 0.420833 0.044271 0.208333
0 0.486719 0.562037 0.057813 0.357407
0 0.447917 0.594444 0.051042 0.324074
0 0.514323 0.623148 0.054688 0.338889
0 0.684375 0.711111 0.066667 0.331481
0 0.143490 0.205093 0.014063 0.112037
0 0.550000 0.387500 0.037500 0.206481
0 0.405469 0.154167 0.008854 0.069444
0 0.137760 0.231944 0.014063 0.076852
0 0.417448 0.155556 0.010937 0.068519
0 0.429688 0.396759 0.038542 0.204630
0 0.194531 0.237963 0.026562 0.150000
0 0.488802 0.406481 0.036979 0.198148
0 0.411198 0.230556 0.024479 0.120370
0 0.125260 0.166667 0.019271 0.105556
0 0.530729 0.542130 0.056250 0.304630
0 0.404427 0.641667 0.065104 0.357407
0 0.496354 0.151852 0.014583 0.062963
0 0.555469 0.656481 0.058854 0.340741
0 0.275260 0.253704 0.021354 0.137037
0 0.529427 0.168981 0.015104 0.078704
0 0.638021 0.861111 0.091667 0.275926
