0 0.429688 0.093519 0.012500 0.085185
0 0.353385 0.288889 0.077604 0.164815
0 0.407552 0.216667 0.028646 0.164815
0 0.504427 0.243056 0.035937 0.202778
0 0.454948 0.222222 0.028646 0.183333
0 0.557292 0.556944 0.139583 0.271296
0 0.546094 0.615278 0.115104 0.293519
0 0.573438 0.697222 0.176042 0.320370
0 0.629948 0.819907 0.158854 0.352778
0 0.324219 0.463889 0.075521 0.312963
0 0.297396 0.525463 0.087500 0.269444
0 0.231510 0.453241 0.071354 0.341667
0 0.258333 0.625463 0.176042 0.271296
0 0.232552 0.778241 0.201563 0.439815
0 0.642969 0.847685 0.123438 0.302778
