0 0.116146 0.160648 0.018750 0.076852
0 0.683854 0.725463 0.064583 0.347222
0 0.500260 0.647222 0.077604 0.390741
0 0.417448 0.590741 0.065104 0.335185
0 0.489583 0.451389 0.046875 0.258333
0 0.445833 0.462037 0.059375 0.277778
0 0.525260 0.364352 0.047396 0.186111
0 0.523958 0.325000 0.032292 0.188889
0 0.503385 0.332407 0.036979 0.190741
0 0.392448 0.204167 0.016146 0.104630
0 0.428385 0.198148 0.015104 0.096296
0 0.422135 0.162037 0.015104 0.079630
0 0.526823 0.206944 0.015104 0.080556
0 0.492448 0.144444 0.010937 0.059259
0 0.496875 0.137500 0.009375 0.054630
0 0.486719 0.156019 0.013021 0.073148
0 0.513021 0.167593 0.014583 0.068519
0 0.474740 0.222222 0.016146 0.105556
0 0.429948 0.821296 0.108854 0.355556
0 0.528906 0.814815 0.078646 0.368519
