0 0.151562 0.194907 0.014583 0.108333
0 0.153906 0.157870 0.023438 0.093519
0 0.121354 0.161574 0.019792 0.112037
0 0.142969 0.645370 0.082812 0.427778
0 0.487240 0.176389 0.020313 0.071296
0 0.422396 0.162500 0.011458 0.047222
0 0.412760 0.150926 0.013021 0.072222
0 0.517969 0.253704 0.023438 0.112963
0 0.494010 0.262037 0.022396 0.116667
0 0.507292 0.293056 0.035417 0.147222
0 0.515885 0.306944 0.035937 0.154630
0 0.452344 0.296759 0.050521 0.154630
0 0.472396 0.324537 0.021875 0.087963
0 0.561458 0.467593 0.045833 0.255556
0 0.483854 0.424537 0.047917 0.221296
0 0.529687 0.481019 0.055208 0.282407
0 0.516146 0.511574 0.067708 0.282407
0 0.471094 0.511111 0.055729 0.264815
0 0.402344 0.517593 0.063021 0.285185
0 0.412240 0.638889 0.073438 0.359259
0 0.513802 0.683796 0.121354 0.400926
0 0.471354 0.720833 0.051042 0.273148
