0 0.431771 0.454167 0.036458 0.228704
0 0.516927 0.462963 0.046354 0.251852
0 0.475260 0.324074 0.031771 0.164815
0 0.532031 0.301852 0.027604 0.137037
0 0.528906 0.248611 0.019271 0.123148
0 0.474479 0.175926 0.007292 0.059259
0 0.495312 0.158796 0.015625 0.069444
0 0.416146 0.168056 0.016667 0.089815
0 0.389844 0.154630 0.008854 0.074074
0 0.141667 0.226852 0.014583 0.064815
0 0.137760 0.203704 0.023438 0.101852
0 0.502865 0.248148 0.018229 0.105556
0 0.489844 0.638426 0.076563 0.378704
0 0.682813 0.718981 0.066667 0.354630
0 0.535417 0.625926 0.029167 0.179630
0 0.551562 0.290741 0.029167 0.153704
0 0.433854 0.673148 0.071875 0.379630
0 0.482031 0.267593 0.022396 0.135185
0 0.521615 0.175000 0.010937 0.077778
0 0.482292 0.164352 0.007292 0.039815
0 0.479948 0.449537 0.040104 0.217593
0 0.399219 0.178704 0.015104 0.072222
0 0.398698 0.609722 0.056771 0.354630
0 0.405990 0.153241 0.008854 0.071296
0 0.543750 0.440741 0.035417 0.155556
0 0.228125 0.226389 0.027083 0.128704
0 0.628385 0.712037 0.060937 0.364815
0 0.481250 0.586574 0.060417 0.378704
0 0.443490 0.312963 0.047396 0.174074
0 0.505729 0.318519 0.022917 0.144444
0 0.515625 0.927778 0.056250 0.142593
0 0.576562 0.842130 0.103125 0.313889
