0 0.431771 0.664352 0.130208 0.576852
0 0.363802 0.742593 0.077604 0.388889
0 0.238802 0.692130 0.155729 0.360185
0 0.259635 0.563426 0.096354 0.284259
0 0.309115 0.463426 0.122396 0.262037
0 0.591146 0.762037 0.211458 0.381481
0 0.455729 0.462500 0.068750 0.352778
0 0.402083 0.492130 0.053125 0.245370
0 0.543490 0.544444 0.138021 0.270370
0 0.531250 0.462963 0.100000 0.218519
0 0.527604 0.426389 0.103125 0.215741
0 0.487760 0.311574 0.044271 0.260185
0 0.431771 0.364815 0.060417 0.327778
0 0.475781 0.205556 0.044271 0.107407
0 0.459635 0.199537 0.026562 0.149074
0 0.431771 0.141667 0.020833 0.103704
0 0.351823 0.227778 0.041146 0.144444
0 0.381510 0.211574 0.028646 0.165741
0 0.399479 0.186574 0.019792 0.143519
0 0.386198 0.182407 0.015104 0.172222
0 0.368750 0.199537 0.016667 0.158333
0 0.357552 0.201389 0.032813 0.165741
0 0.345313 0.179630 0.020833 0.131481
0 0.402604 0.075463 0.014583 0.043519
0 0.397917 0.087037 0.019792 0.050000
0 0.442969 0.088889 0.009896 0.064815
0 0.440885 0.072685 0.009896 0.047222
0 0.605729 0.813426 0.146875 0.371296
0 0.524219 0.873148 0.073438 0.248148
0 0.176563 0.814352 0.132292 0.354630
0 0.136458 0.903704 0.145833 0.190741
