0 0.444531 0.099537 0.008854 0.039815
0 0.429167 0.062037 0.008333 0.038889
0 0.428646 0.090741 0.011458 0.062963
0 0.435677 0.086574 0.011979 0.063889
0 0.430729 0.110648 0.016667 0.082407
0 0.413542 0.106481 0.012500 0.070370
0 0.416667 0.138426 0.019792 0.102778
0 0.346354 0.182870 0.017708 0.137963
0 0.369010 0.170833 0.020313 0.139815
0 0.364844 0.197685 0.019271 0.149074
0 0.384896 0.182870 0.023958 0.169444
0 0.395313 0.193519 0.021875 0.159259
0 0.398958 0.205556 0.027083 0.159259
0 0.468490 0.134259 0.008854 0.055556
0 0.461979 0.188889 0.036458 0.103704
0 0.465885 0.184722 0.015104 0.071296
0 0.489063 0.201852 0.027083 0.144444
0 0.354948 0.248148 0.053646 0.109259
0 0.517708 0.422685 0.104167 0.215741
0 0.521615 0.460185 0.113021 0.216667
0 0.542188 0.543519 0.137500 0.270370
0 0.583073 0.758333 0.214062 0.366667
0 0.260937 0.561111 0.091667 0.277778
0 0.238802 0.689352 0.156771 0.363889
0 0.601302 0.817130 0.148438 0.362037
0 0.179688 0.853704 0.128125 0.290741
0 0.141667 0.907870 0.143750 0.182407
