0 0.267188 0.648148 0.128125 0.331481
0 0.523958 0.447222 0.110417 0.231481
0 0.461979 0.433796 0.051042 0.341667
0 0.403125 0.370833 0.060417 0.317593
0 0.351562 0.217130 0.033333 0.100926
0 0.362500 0.191667 0.052083 0.109259
0 0.380208 0.156019 0.016667 0.119444
0 0.463021 0.165278 0.025000 0.076852
0 0.394792 0.132407 0.017708 0.053704
0 0.400521 0.080093 0.010417 0.032407
0 0.398177 0.109259 0.017188 0.046296
0 0.450781 0.067130 0.008854 0.039815
0 0.442188 0.076852 0.010417 0.055556
0 0.437760 0.071296 0.006771 0.031481
0 0.419792 0.063889 0.009375 0.050000
0 0.195312 0.727315 0.085417 0.543519
0 0.630990 0.794444 0.123438 0.409259
