0 0.561198 0.082407 0.019271 0.111111
0 0.541406 0.062963 0.018229 0.068519
0 0.529948 0.064352 0.018229 0.112037
0 0.553646 0.059259 0.017708 0.094444
0 0.515885 0.257407 0.033854 0.224074
0 0.492969 0.279167 0.046354 0.282407
0 0.444271 0.163426 0.028125 0.100926
0 0.432031 0.238426 0.040104 0.221296
0 0.442969 0.425463 0.072396 0.317593
0 0.366927 0.175926 0.032813 0.096296
0 0.380469 0.296296 0.061979 0.170370
0 0.282031 0.118519 0.038021 0.148148
0 0.302604 0.193519 0.026042 0.151852
0 0.319010 0.296296 0.047396 0.192593
0 0.254948 0.243056 0.046354 0.162037
0 0.193229 0.195833 0.043750 0.208333
0 0.225260 0.339352 0.045312 0.247222
0 0.077865 0.268056 0.040104 0.139815
0 0.145313 0.425000 0.046875 0.207407
0 0.318750 0.436111 0.083333 0.262963
0 0.245312 0.587037 0.079167 0.255556
0 0.082812 0.483333 0.057292 0.231481
0 0.078125 0.622685 0.063542 0.280556
0 0.059896 0.753241 0.057292 0.287963
0 0.606771 0.316667 0.052083 0.237037
0 0.589844 0.236574 0.044271 0.189815
0 0.281510 0.337500 0.050521 0.273148
0 0.416667 0.150000 0.033333 0.090741
0 0.235937 0.286111 0.043750 0.177778
0 0.514583 0.130093 0.025000 0.136111
0 0.168750 0.228241 0.037500 0.212037
0 0.453125 0.274537 0.048958 0.221296
0 0.197656 0.287037 0.038021 0.185185
0 0.273698 0.386574 0.043229 0.199074
0 0.355208 0.150926 0.025000 0.100000
0 0.118229 0.275463 0.045833 0.234259
0 0.566146 0.281019 0.048958 0.243519
0 0.379427 0.200000 0.033854 0.103704
0 0.085156 0.376389 0.044271 0.150926
0 0.606510 0.213889 0.025521 0.177778
0 0.278646 0.534259 0.082292 0.274074
0 0.128385 0.500000 0.071354 0.250000
0 0.535677 0.282870 0.030729 0.225000
0 0.085156 0.476852 0.033854 0.112963
0 0.481510 0.151389 0.033854 0.132407
0 0.143750 0.771296 0.086458 0.385185
0 0.324740 0.195833 0.031771 0.125000
0 0.077604 0.835185 0.139583 0.301852
0 0.554427 0.846759 0.064062 0.304630
