0 0.433333 0.062037 0.009375 0.040741
0 0.439323 0.062037 0.005729 0.035185
0 0.428125 0.059259 0.007292 0.033333
0 0.444010 0.085185 0.013021 0.064815
0 0.433073 0.075463 0.009896 0.043519
0 0.426823 0.105093 0.015104 0.078704
0 0.417448 0.078704 0.006771 0.035185
0 0.403646 0.129630 0.016667 0.079630
0 0.432552 0.149537 0.021354 0.100926
0 0.464844 0.141667 0.018229 0.083333
0 0.466146 0.181019 0.029167 0.078704
0 0.478646 0.207407 0.036458 0.096296
0 0.467969 0.201852 0.020313 0.068519
0 0.445312 0.188426 0.028125 0.134259
0 0.419792 0.200926 0.017708 0.083333
0 0.411458 0.156944 0.025000 0.119444
0 0.373958 0.209722 0.031250 0.176852
0 0.874740 0.521296 0.066146 0.237037
0 0.525781 0.430093 0.096354 0.215741
0 0.528385 0.457870 0.063021 0.208333
0 0.441927 0.321296 0.031771 0.153704
0 0.397917 0.289815 0.061458 0.238889
0 0.346094 0.339352 0.072396 0.295370
0 0.175521 0.830556 0.177083 0.325926
0 0.240365 0.845833 0.168229 0.287963
