0 0.550000 0.646759 0.066667 0.362037
0 0.147656 0.191204 0.017188 0.078704
0 0.127865 0.176389 0.014063 0.086111
0 0.145052 0.245833 0.021354 0.134259
0 0.396875 0.174074 0.012500 0.068519
0 0.508073 0.184259 0.014063 0.075926
0 0.502865 0.221759 0.016146 0.084259
0 0.555729 0.306944 0.030208 0.160185
0 0.515104 0.374074 0.032292 0.190741
0 0.483333 0.281481 0.022917 0.142593
0 0.472656 0.356944 0.045312 0.193519
0 0.429688 0.381481 0.028125 0.157407
0 0.473698 0.564815 0.070312 0.353704
0 0.419010 0.721759 0.077604 0.450926
0 0.559375 0.565278 0.061458 0.275000
0 0.480469 0.229630 0.018229 0.079630
0 0.394010 0.139815 0.010937 0.070370
0 0.519792 0.206944 0.008333 0.056481
0 0.532292 0.332407 0.027083 0.101852
0 0.509375 0.284722 0.029167 0.121296
0 0.121615 0.242130 0.021354 0.121296
0 0.457813 0.293981 0.027083 0.136111
0 0.519792 0.167593 0.013542 0.075926
0 0.427604 0.352315 0.035417 0.178704
0 0.166667 0.244444 0.025000 0.142593
0 0.453125 0.449537 0.037500 0.200926
0 0.421875 0.592130 0.069792 0.336111
0 0.414323 0.187037 0.015104 0.112963
0 0.431771 0.645833 0.055208 0.206481
0 0.430990 0.875000 0.120313 0.248148
