0 0.617448 0.805093 0.153646 0.365741
0 0.580469 0.710648 0.157812 0.336111
0 0.494010 0.584259 0.075521 0.398148
0 0.410677 0.573148 0.077604 0.331481
0 0.449219 0.096759 0.008854 0.047222
0 0.402083 0.138426 0.014583 0.089815
0 0.473177 0.162037 0.010937 0.077778
0 0.471094 0.189352 0.040104 0.093519
0 0.456771 0.131481 0.014583 0.096296
0 0.439844 0.173611 0.022396 0.150926
0 0.429167 0.175926 0.020833 0.118519
0 0.425260 0.217593 0.033854 0.133333
0 0.393229 0.190278 0.031250 0.125000
0 0.360677 0.170833 0.015104 0.117593
0 0.372656 0.177315 0.019271 0.141667
0 0.345833 0.174074 0.020833 0.114815
0 0.370312 0.235648 0.057292 0.128704
0 0.362760 0.253241 0.063021 0.125000
0 0.358073 0.296759 0.067187 0.165741
0 0.297135 0.596296 0.114062 0.298148
0 0.265365 0.673611 0.109896 0.350926
0 0.224740 0.742593 0.163021 0.400000
0 0.434375 0.763889 0.139583 0.470370
0 0.676823 0.780093 0.156771 0.415741
