0 0.689063 0.675000 0.053125 0.242593
0 0.134896 0.177315 0.023958 0.104630
0 0.115885 0.230556 0.025521 0.135185
0 0.165625 0.245370 0.041667 0.137037
0 0.115365 0.156944 0.025521 0.108333
0 0.501302 0.164352 0.010937 0.076852
0 0.401823 0.142130 0.018229 0.065741
0 0.486198 0.195833 0.019271 0.095370
0 0.525000 0.280093 0.017708 0.139815
0 0.498958 0.325926 0.032292 0.157407
0 0.471354 0.384722 0.047917 0.173148
0 0.544792 0.443519 0.047917 0.209259
0 0.471875 0.491667 0.040625 0.259259
0 0.402865 0.447222 0.053646 0.233333
0 0.479427 0.242593 0.021354 0.111111
0 0.494010 0.180093 0.013021 0.073148
0 0.511458 0.276852 0.023958 0.129630
0 0.538802 0.202315 0.016146 0.054630
0 0.482812 0.164352 0.012500 0.058333
0 0.444792 0.349074 0.037500 0.179630
0 0.520312 0.200926 0.018750 0.048148
0 0.508594 0.427315 0.048438 0.212037
0 0.533333 0.533333 0.073958 0.275926
0 0.519010 0.165741 0.010937 0.062963
0 0.432552 0.495370 0.065104 0.242593
0 0.400521 0.626852 0.068750 0.383333
0 0.397135 0.204630 0.019271 0.098148
0 0.479687 0.137037 0.012500 0.050000
0 0.517969 0.772222 0.090104 0.453704
0 0.659115 0.840278 0.090104 0.317593
