0 0.664583 0.190741 0.022917 0.077778
0 0.678646 0.113889 0.027083 0.170370
0 0.696875 0.081019 0.019792 0.145370
0 0.069531 0.145833 0.038021 0.169444
0 0.774740 0.108333 0.036979 0.177778
0 0.714323 0.096296 0.035937 0.188889
0 0.709896 0.138889 0.025000 0.157407
0 0.761458 0.178241 0.038542 0.213889
0 0.740104 0.123611 0.028125 0.176852
0 0.862500 0.472222 0.072917 0.370370
0 0.031510 0.164815 0.022396 0.133333
0 0.655729 0.131481 0.025000 0.190741
0 0.489844 0.083796 0.024479 0.130556
0 0.782292 0.214352 0.043750 0.234259
0 0.927083 0.475463 0.055208 0.363889
0 0.235677 0.483796 0.019271 0.102778
0 0.302344 0.675000 0.094271 0.488889
0 0.363281 0.054630 0.023438 0.105556
0 0.420052 0.057407 0.027604 0.103704
0 0.389844 0.064352 0.026562 0.117593
0 0.462760 0.061574 0.029687 0.112037
0 0.366406 0.750926 0.119271 0.496296
0 0.647135 0.759259 0.114062 0.481481
