0 0.131510 0.654167 0.047396 0.217593
0 0.393750 0.168519 0.019792 0.105556
0 0.411458 0.180093 0.012500 0.082407
0 0.416667 0.237500 0.017708 0.097222
0 0.502083 0.154630 0.012500 0.053704
0 0.481250 0.155093 0.011458 0.071296
0 0.523177 0.202315 0.017188 0.086111
0 0.504948 0.212037 0.017188 0.109259
0 0.472917 0.229630 0.017708 0.109259
0 0.496354 0.241667 0.018750 0.107407
0 0.527604 0.250926 0.018750 0.103704
0 0.523698 0.362963 0.043229 0.190741
0 0.476302 0.363426 0.042188 0.210185
0 0.484635 0.488426 0.068229 0.284259
0 0.527344 0.531481 0.038021 0.159259
0 0.507812 0.650463 0.093750 0.367593
0 0.427344 0.596759 0.070312 0.358333
0 0.661198 0.822685 0.069271 0.350926
