0 0.148438 0.153241 0.018750 0.076852
0 0.517708 0.198148 0.016667 0.079630
0 0.546615 0.201389 0.018229 0.084259
0 0.474740 0.263889 0.025521 0.133333
0 0.496615 0.386574 0.038021 0.193519
0 0.471094 0.579167 0.068229 0.339815
0 0.115365 0.656481 0.030729 0.118519
0 0.519792 0.237963 0.020833 0.137037
0 0.494010 0.123611 0.008854 0.047222
0 0.537500 0.406019 0.055208 0.199074
0 0.478125 0.163426 0.011458 0.050926
0 0.525781 0.582407 0.064062 0.327778
0 0.478385 0.198611 0.017188 0.060185
0 0.407813 0.671759 0.052083 0.354630
0 0.505990 0.125000 0.011979 0.048148
0 0.501042 0.205556 0.019792 0.088889
0 0.482552 0.124074 0.013021 0.053704
0 0.646615 0.858333 0.080729 0.281481
