0 0.449740 0.063889 0.019271 0.031481
0 0.436979 0.078241 0.019792 0.039815
0 0.160417 0.352315 0.043750 0.093519
0 0.338021 0.065278 0.017708 0.067593
0 0.555208 0.069907 0.011458 0.117593
0 0.439063 0.034722 0.016667 0.050926
0 0.560417 0.191667 0.022917 0.161111
0 0.548958 0.078241 0.000000 0.108333
0 0.518490 0.090278 0.023438 0.121296
0 0.409115 0.140741 0.031771 0.053704
0 0.453125 0.169444 0.029167 0.131481
0 0.334896 0.153241 0.023958 0.045370
0 0.307031 0.153704 0.025521 0.051852
0 0.227604 0.165741 0.028125 0.138889
0 0.428125 0.199537 0.020833 0.069444
0 0.413802 0.220833 0.031771 0.108333
0 0.399740 0.273148 0.031771 0.155556
0 0.493490 0.224074 0.043229 0.172222
0 0.613021 0.360648 0.030208 0.280556
0 0.466406 0.313889 0.028646 0.225926
0 0.258073 0.201852 0.040104 0.083333
0 0.219792 0.227778 0.026042 0.068519
0 0.194792 0.252778 0.034375 0.114815
0 0.242969 0.263889 0.047396 0.122222
0 0.314844 0.268981 0.056771 0.132407
0 0.365625 0.304167 0.044792 0.289815
0 0.022917 0.543519 0.042708 0.150000
0 0.199219 0.386574 0.069271 0.128704
0 0.078125 0.276852 0.042708 0.227778
0 0.089323 0.533796 0.033854 0.143519
0 0.023958 0.645833 0.046875 0.206481
0 0.547135 0.331944 0.035937 0.265741
0 0.272396 0.795833 0.108333 0.404630
0 0.155729 0.687037 0.090625 0.181481
0 0.204427 0.450926 0.056771 0.137037
0 0.173177 0.546296 0.068229 0.159259
0 0.058073 0.565278 0.064062 0.345370
0 0.313802 0.453704 0.073438 0.246296
0 0.277865 0.469444 0.088021 0.170370
0 0.258594 0.569444 0.066146 0.159259
0 0.597656 0.420370 0.068229 0.320370
0 0.476562 0.366204 0.071875 0.269444
0 0.673438 0.829167 0.128125 0.339815
0 0.631771 0.746296 0.100000 0.505556
0 0.429948 0.529630 0.110937 0.398148
0 0.376042 0.771296 0.094792 0.448148
0 0.228906 0.847222 0.115104 0.300000
0 0.131510 0.849537 0.116146 0.293519
