0 0.048177 0.152315 0.029687 0.147222
0 0.023438 0.530556 0.030208 0.174074
0 0.054167 0.547685 0.028125 0.167593
0 0.096615 0.584259 0.033854 0.162963
0 0.341667 0.386574 0.019792 0.106481
0 0.355990 0.394907 0.019271 0.104630
0 0.731510 0.225463 0.039062 0.186111
0 0.770312 0.209259 0.055208 0.251852
0 0.805990 0.431944 0.070312 0.425000
0 0.717448 0.408796 0.065104 0.343519
0 0.669271 0.483796 0.050000 0.197222
0 0.642708 0.639815 0.094792 0.468519
0 0.746875 0.047222 0.021875 0.094444
0 0.703906 0.080556 0.032813 0.161111
0 0.753646 0.796296 0.104167 0.400000
