0 0.516667 0.185185 0.017708 0.074074
0 0.494792 0.196296 0.014583 0.074074
0 0.420312 0.196296 0.011458 0.088889
0 0.522656 0.468981 0.025521 0.137963
0 0.437500 0.643981 0.050000 0.426852
0 0.409635 0.658333 0.039062 0.151852
0 0.398438 0.188889 0.010417 0.090741
0 0.236719 0.258796 0.028646 0.130556
0 0.496615 0.436111 0.028646 0.231481
0 0.531771 0.319907 0.028125 0.145370
0 0.647396 0.716204 0.055208 0.365741
0 0.496875 0.283796 0.023958 0.112037
0 0.405990 0.743056 0.064062 0.437963
0 0.458333 0.315741 0.027083 0.168519
0 0.238802 0.593981 0.026562 0.117593
0 0.149479 0.153704 0.012500 0.066667
0 0.150521 0.200463 0.014583 0.102778
0 0.115625 0.208333 0.020833 0.103704
