0 0.444010 0.067130 0.006771 0.043519
0 0.439844 0.075926 0.010937 0.046296
0 0.418229 0.056019 0.006250 0.039815
0 0.426302 0.070833 0.009896 0.050926
0 0.415104 0.073148 0.009375 0.057407
0 0.406510 0.073611 0.008854 0.050926
0 0.410156 0.105556 0.014063 0.074074
0 0.395833 0.092593 0.011458 0.068519
0 0.429427 0.126852 0.013021 0.070370
0 0.458073 0.134259 0.018229 0.094444
0 0.440885 0.135185 0.021354 0.101852
0 0.457552 0.157407 0.017188 0.079630
0 0.417187 0.154630 0.019792 0.111111
0 0.401823 0.127778 0.016146 0.087037
0 0.383854 0.167130 0.019792 0.141667
0 0.357031 0.167130 0.023438 0.134259
0 0.348958 0.171296 0.016667 0.124074
0 0.360938 0.197685 0.027083 0.150926
0 0.384896 0.209722 0.031250 0.162037
0 0.351302 0.238889 0.038021 0.138889
0 0.431771 0.233333 0.027083 0.188889
0 0.475521 0.200000 0.045833 0.096296
0 0.476823 0.237037 0.030729 0.201852
0 0.445833 0.276389 0.019792 0.110185
0 0.506771 0.328704 0.051042 0.266667
0 0.419531 0.362037 0.058854 0.303704
0 0.469531 0.363426 0.042188 0.249074
0 0.396875 0.362037 0.030208 0.170370
0 0.315625 0.433333 0.061458 0.242593
0 0.324479 0.457407 0.063542 0.220370
0 0.295573 0.462500 0.081771 0.276852
0 0.236979 0.703704 0.139583 0.396296
0 0.383854 0.504630 0.086458 0.181481
0 0.433594 0.463889 0.061979 0.350000
0 0.485417 0.527315 0.055208 0.243519
0 0.547656 0.506481 0.064062 0.375926
0 0.551302 0.792593 0.102604 0.355556
0 0.644531 0.776389 0.160938 0.445370
0 0.646615 0.837037 0.115104 0.324074
0 0.175260 0.857407 0.157812 0.283333
0 0.148698 0.915278 0.125521 0.167593
