0 0.622917 0.776389 0.146875 0.317593
0 0.618229 0.554167 0.061458 0.382407
0 0.251823 0.664815 0.114062 0.392593
0 0.275260 0.544444 0.115104 0.294444
0 0.301563 0.490741 0.120833 0.307407
0 0.364583 0.428704 0.051042 0.344444
0 0.404167 0.415278 0.061458 0.315741
0 0.430990 0.381944 0.047396 0.323148
0 0.501042 0.352315 0.046875 0.258333
0 0.502604 0.267593 0.036458 0.192593
0 0.469010 0.261111 0.033854 0.190741
0 0.453906 0.268519 0.032813 0.200000
0 0.358333 0.275926 0.065625 0.120370
0 0.352865 0.254630 0.054688 0.129630
0 0.367188 0.245833 0.064583 0.123148
0 0.351823 0.183333 0.027604 0.122222
0 0.388542 0.192593 0.023958 0.150000
0 0.424740 0.223611 0.039062 0.180556
0 0.463802 0.167593 0.025521 0.116667
0 0.422135 0.169444 0.026562 0.127778
0 0.435937 0.156019 0.020833 0.121296
0 0.430208 0.126852 0.016667 0.070370
0 0.401823 0.152315 0.020313 0.099074
0 0.387760 0.142593 0.019271 0.107407
0 0.431771 0.085185 0.013542 0.051852
0 0.443490 0.073611 0.009896 0.050926
0 0.450260 0.074537 0.007812 0.047222
0 0.621615 0.774537 0.080729 0.445370
0 0.221875 0.832407 0.129167 0.333333
