0 0.619531 0.799074 0.148438 0.375926
0 0.572917 0.709722 0.182292 0.349074
0 0.223698 0.744444 0.172396 0.401852
0 0.272917 0.570833 0.119792 0.317593
0 0.547396 0.449074 0.088542 0.314815
0 0.582552 0.504630 0.036979 0.277778
0 0.366667 0.282407 0.038542 0.150000
0 0.371094 0.262037 0.049479 0.118519
0 0.376823 0.244444 0.047396 0.112963
0 0.367969 0.241667 0.034896 0.118519
0 0.405990 0.200463 0.031771 0.147222
0 0.429167 0.237963 0.013542 0.125926
0 0.445833 0.220370 0.029167 0.170370
0 0.441406 0.166204 0.021354 0.126852
0 0.481250 0.244444 0.058333 0.118519
0 0.479687 0.244907 0.019792 0.119444
0 0.493490 0.205556 0.020313 0.155556
0 0.343229 0.193056 0.014583 0.110185
0 0.355208 0.170833 0.017708 0.121296
0 0.367448 0.172685 0.011979 0.100926
0 0.378125 0.169907 0.015625 0.125000
0 0.388021 0.132870 0.016667 0.115741
0 0.413021 0.154630 0.027083 0.142593
0 0.465625 0.198611 0.033333 0.076852
0 0.478385 0.150000 0.016146 0.122222
0 0.438802 0.114815 0.011979 0.074074
0 0.451042 0.117130 0.014583 0.084259
0 0.414844 0.065278 0.007812 0.047222
0 0.413542 0.073611 0.006250 0.019444
0 0.419531 0.068056 0.009896 0.037963
0 0.430729 0.068981 0.010417 0.049074
0 0.426563 0.078704 0.010417 0.053704
0 0.437240 0.061574 0.006771 0.043519
