0 0.379427 0.296759 0.053646 0.182407
0 0.322396 0.288889 0.042708 0.164815
0 0.173698 0.232870 0.041146 0.191667
0 0.446094 0.311111 0.047396 0.255556
0 0.154427 0.767130 0.079687 0.354630
0 0.500521 0.218981 0.044792 0.208333
0 0.403906 0.359722 0.052604 0.289815
0 0.609375 0.387500 0.045833 0.289815
0 0.189583 0.253704 0.037500 0.116667
0 0.029687 0.809722 0.059375 0.360185
0 0.121094 0.851389 0.104688 0.295370
0 0.506771 0.162500 0.039583 0.136111
0 0.592708 0.222222 0.032292 0.218519
0 0.495573 0.302315 0.054688 0.286111
0 0.455729 0.407407 0.063542 0.318519
0 0.524479 0.345370 0.061458 0.290741
0 0.152604 0.425926 0.061458 0.190741
0 0.160156 0.641204 0.076563 0.519444
0 0.318750 0.460185 0.089583 0.272222
0 0.098698 0.387500 0.041146 0.206481
0 0.557813 0.163426 0.022917 0.150926
0 0.204948 0.441204 0.070312 0.212037
0 0.202604 0.526852 0.052083 0.311111
0 0.071094 0.411574 0.054688 0.150926
0 0.561979 0.247685 0.034375 0.217593
0 0.334375 0.418056 0.060417 0.256481
0 0.245052 0.622222 0.075521 0.235185
0 0.155990 0.398611 0.056771 0.206481
0 0.576823 0.315741 0.049479 0.277778
0 0.097396 0.578241 0.061458 0.273148
0 0.216667 0.398611 0.053125 0.217593
0 0.240625 0.276852 0.058333 0.172222
0 0.288021 0.532407 0.094792 0.325926
0 0.268750 0.404167 0.058333 0.228704
0 0.444792 0.348148 0.040625 0.225926
0 0.063802 0.264815 0.041146 0.187037
0 0.041406 0.612500 0.078646 0.493519
0 0.370833 0.066667 0.016667 0.096296
0 0.531771 0.063426 0.015625 0.080556
0 0.519531 0.058796 0.015104 0.087963
0 0.391667 0.789815 0.104167 0.420370
