0 0.483594 0.245370 0.043229 0.200000
0 0.562760 0.570833 0.084896 0.449074
0 0.350521 0.592593 0.068750 0.427778
0 0.390885 0.133333 0.011979 0.107407
0 0.384115 0.134259 0.016146 0.116667
0 0.417708 0.143981 0.020833 0.106481
0 0.375781 0.139815 0.016146 0.111111
0 0.429948 0.146296 0.011979 0.101852
0 0.288802 0.567130 0.093229 0.315741
0 0.412500 0.236111 0.037500 0.205556
0 0.380729 0.712963 0.109375 0.527778
0 0.503125 0.341667 0.058333 0.287037
0 0.435156 0.300463 0.034896 0.143519
0 0.358073 0.282407 0.072396 0.161111
0 0.367448 0.180556 0.043229 0.098148
0 0.456771 0.383796 0.059375 0.315741
0 0.540365 0.427315 0.060937 0.325000
0 0.499479 0.454630 0.050000 0.351852
0 0.469792 0.272222 0.037500 0.196296
0 0.620833 0.739352 0.111458 0.499074
0 0.298438 0.468056 0.105208 0.293519
0 0.552083 0.818981 0.129167 0.360185
