0 0.700521 0.077315 0.027083 0.149074
0 0.692187 0.098148 0.036458 0.161111
0 0.697656 0.155556 0.048438 0.205556
0 0.725000 0.161111 0.029167 0.157407
0 0.751823 0.137037 0.028646 0.188889
0 0.754167 0.100926 0.036458 0.107407
0 0.784375 0.172685 0.047917 0.241667
0 0.662500 0.289815 0.059375 0.303704
0 0.719010 0.315278 0.072396 0.339815
0 0.737500 0.482407 0.089583 0.396296
0 0.675781 0.500926 0.069271 0.307407
0 0.355469 0.374537 0.023438 0.084259
0 0.359896 0.462500 0.017708 0.121296
0 0.354687 0.479167 0.020833 0.110185
0 0.227604 0.389815 0.020833 0.090741
0 0.079948 0.149074 0.032813 0.155556
0 0.055469 0.142593 0.033854 0.157407
0 0.020052 0.135185 0.030729 0.161111
0 0.435677 0.782870 0.119271 0.428704
