0 0.050781 0.489352 0.009896 0.028704
0 0.076563 0.517593 0.009375 0.046296
0 0.082292 0.516204 0.006250 0.039815
0 0.734375 0.077778 0.028125 0.153704
0 0.754427 0.098611 0.034896 0.158333
0 0.729167 0.568981 0.094792 0.497222
0 0.633073 0.507407 0.053646 0.390741
0 0.051302 0.188889 0.022396 0.109259
0 0.019271 0.168981 0.018750 0.141667
0 0.767708 0.080093 0.021875 0.150926
0 0.028646 0.174537 0.037500 0.143519
0 0.652083 0.532870 0.096875 0.456481
0 0.454948 0.379167 0.064062 0.378704
0 0.235677 0.399074 0.020313 0.111111
0 0.677865 0.087500 0.031771 0.158333
0 0.701042 0.077778 0.026042 0.140741
0 0.526302 0.833333 0.151562 0.329630
0 0.896615 0.833333 0.122396 0.333333
