0 0.733333 0.122685 0.039583 0.191667
0 0.770312 0.115741 0.035417 0.172222
0 0.769792 0.211574 0.044792 0.234259
0 0.702865 0.175926 0.039062 0.177778
0 0.718490 0.262037 0.054688 0.218519
0 0.676823 0.201389 0.049479 0.228704
0 0.648438 0.195370 0.031250 0.194444
0 0.631771 0.228704 0.042708 0.233333
0 0.653646 0.281944 0.036458 0.193519
0 0.815625 0.305093 0.052083 0.352778
0 0.765625 0.345833 0.051042 0.287963
0 0.723437 0.395370 0.066667 0.324074
0 0.679427 0.347222 0.054688 0.318519
0 0.369531 0.357407 0.016146 0.085185
0 0.062500 0.129167 0.036458 0.145370
0 0.043750 0.148148 0.034375 0.144444
0 0.060677 0.155093 0.035937 0.136111
0 0.080208 0.173611 0.027083 0.080556
0 0.018490 0.162037 0.025521 0.150000
0 0.032031 0.201389 0.025521 0.115741
0 0.808333 0.787963 0.103125 0.422222
0 0.732292 0.727315 0.089583 0.543519
0 0.578906 0.720370 0.119271 0.533333
0 0.504167 0.870370 0.144792 0.259259
0 0.345833 0.353241 0.013542 0.065741
0 0.355729 0.352315 0.012500 0.067593
0 0.715104 0.062500 0.019792 0.121296
