0 0.143229 0.156944 0.018750 0.080556
0 0.114583 0.168056 0.019792 0.100926
0 0.131771 0.175463 0.019792 0.095370
0 0.139063 0.193981 0.016667 0.099074
0 0.144010 0.211111 0.021354 0.129630
0 0.158854 0.215741 0.017708 0.118519
0 0.400521 0.153704 0.012500 0.083333
0 0.421615 0.159259 0.011979 0.074074
0 0.416667 0.175463 0.013542 0.091667
0 0.414583 0.187500 0.013542 0.093519
0 0.397396 0.207870 0.017708 0.100926
0 0.504687 0.130093 0.009375 0.052778
0 0.477865 0.137500 0.011979 0.062037
0 0.494010 0.161574 0.011979 0.067593
0 0.479948 0.158333 0.013021 0.057407
0 0.486458 0.166204 0.016667 0.082407
0 0.503125 0.160648 0.018750 0.063889
0 0.514323 0.161111 0.013021 0.059259
0 0.489323 0.215278 0.019271 0.108333
0 0.513802 0.216667 0.021354 0.103704
0 0.469531 0.334722 0.034896 0.189815
0 0.437500 0.353241 0.037500 0.180556
0 0.522917 0.348148 0.040625 0.200000
0 0.411979 0.465278 0.045833 0.252778
0 0.448437 0.446759 0.043750 0.221296
0 0.487240 0.431481 0.035937 0.209259
0 0.471094 0.543981 0.063021 0.293519
0 0.628646 0.713426 0.058333 0.382407
0 0.686719 0.717593 0.064062 0.377778
0 0.542188 0.583333 0.086458 0.279630
0 0.117969 0.580556 0.019271 0.100000
0 0.121875 0.554167 0.011458 0.049074
0 0.169792 0.562963 0.021875 0.118519
0 0.163021 0.896759 0.143750 0.202778
0 0.246875 0.841204 0.128125 0.315741
0 0.355469 0.827315 0.111979 0.341667
0 0.514844 0.845833 0.123438 0.306481
0 0.598958 0.900000 0.094792 0.198148
