0 0.153385 0.222222 0.018229 0.122222
0 0.166927 0.221296 0.020313 0.114815
0 0.397135 0.165741 0.010937 0.077778
0 0.423177 0.154630 0.007812 0.070370
0 0.417708 0.192130 0.012500 0.113889
0 0.396875 0.232870 0.014583 0.119444
0 0.509115 0.227778 0.018229 0.105556
0 0.489323 0.137963 0.008854 0.062963
0 0.477865 0.135648 0.008854 0.052778
0 0.497656 0.176389 0.014063 0.086111
0 0.480990 0.186111 0.015104 0.077778
0 0.495573 0.200463 0.015104 0.078704
0 0.545573 0.225000 0.016146 0.100000
0 0.534896 0.212963 0.017708 0.103704
0 0.491146 0.247222 0.018750 0.122222
0 0.524479 0.244907 0.016667 0.102778
0 0.505729 0.262037 0.022917 0.111111
0 0.557292 0.377315 0.030208 0.182407
0 0.541667 0.395370 0.034375 0.183333
0 0.488542 0.362963 0.036458 0.179630
0 0.517188 0.390741 0.028125 0.187037
0 0.533073 0.429167 0.041146 0.215741
0 0.498437 0.435648 0.035417 0.208333
0 0.529167 0.511574 0.056250 0.254630
0 0.453646 0.444907 0.054167 0.243519
0 0.421094 0.391204 0.038021 0.208333
0 0.532552 0.872222 0.116146 0.251852
0 0.463542 0.821296 0.100000 0.353704
0 0.340365 0.871759 0.128646 0.254630
