0 0.116667 0.170370 0.017708 0.103704
0 0.533333 0.214815 0.013542 0.072222
0 0.488802 0.185648 0.014063 0.082407
0 0.416667 0.164815 0.012500 0.090741
0 0.110937 0.155093 0.015625 0.089815
0 0.179427 0.657870 0.072396 0.423148
0 0.499479 0.197685 0.018750 0.089815
0 0.502083 0.218056 0.025000 0.084259
0 0.484115 0.456944 0.042188 0.230556
0 0.428646 0.152778 0.014583 0.094444
0 0.455208 0.333796 0.039583 0.200926
0 0.553125 0.286574 0.034375 0.141667
0 0.154167 0.153704 0.014583 0.090741
0 0.507031 0.769907 0.079687 0.436111
0 0.428125 0.762500 0.092708 0.428704
0 0.550260 0.440278 0.044271 0.247222
0 0.522135 0.177778 0.018229 0.038889
0 0.595573 0.685648 0.064062 0.419444
0 0.516146 0.325000 0.027083 0.079630
0 0.519531 0.212037 0.019271 0.066667
0 0.530729 0.160648 0.011458 0.063889
0 0.471875 0.190741 0.012500 0.081481
0 0.478646 0.322685 0.029167 0.165741
0 0.493229 0.142593 0.013542 0.077778
0 0.482292 0.141204 0.015625 0.067593
0 0.392708 0.172222 0.019792 0.098148
0 0.138542 0.148148 0.013542 0.092593
0 0.690625 0.842130 0.053125 0.313889
0 0.358854 0.897222 0.091667 0.203704
0 0.446875 0.844907 0.094792 0.308333
0 0.073177 0.657870 0.068229 0.363889
0 0.037760 0.805093 0.073438 0.387963
0 0.121615 0.868519 0.070312 0.255556
