0 0.504427 0.272222 0.023438 0.142593
0 0.491406 0.301389 0.036979 0.171296
0 0.467448 0.298611 0.021354 0.147222
0 0.538021 0.295370 0.038542 0.150000
0 0.529687 0.305556 0.034375 0.166667
0 0.512760 0.358796 0.040104 0.197222
0 0.483594 0.354167 0.034896 0.197222
0 0.449740 0.323611 0.024479 0.136111
0 0.435417 0.374537 0.056250 0.213889
0 0.427083 0.430093 0.060417 0.204630
0 0.530990 0.506944 0.040104 0.273148
0 0.560677 0.555556 0.065104 0.322222
0 0.502344 0.557407 0.068229 0.303704
0 0.430729 0.526389 0.055208 0.282407
0 0.419010 0.550463 0.064062 0.269444
0 0.445312 0.682407 0.052083 0.405556
0 0.494010 0.726852 0.073438 0.459259
0 0.447135 0.743056 0.073438 0.415741
0 0.397135 0.761111 0.075521 0.390741
0 0.482552 0.810648 0.111979 0.376852
0 0.535937 0.788889 0.088542 0.420370
0 0.354687 0.790741 0.097917 0.416667
0 0.276823 0.822222 0.066146 0.353704
