0 0.372396 0.169444 0.019792 0.140741
0 0.385417 0.184722 0.022917 0.171296
0 0.390885 0.204630 0.021354 0.151852
0 0.355469 0.170833 0.020313 0.147222
0 0.346354 0.191667 0.020833 0.157407
0 0.391406 0.208333 0.040104 0.187037
0 0.353646 0.218056 0.051042 0.121296
0 0.412500 0.065741 0.009375 0.051852
0 0.419531 0.067593 0.009896 0.046296
0 0.425781 0.062037 0.006771 0.040741
0 0.433333 0.065278 0.006250 0.041667
0 0.429167 0.090278 0.011458 0.060185
0 0.440625 0.079167 0.010417 0.054630
0 0.448437 0.096759 0.009375 0.063889
0 0.441927 0.109259 0.016146 0.085185
0 0.453125 0.122685 0.013542 0.086111
0 0.465625 0.185648 0.016667 0.075000
0 0.463542 0.188426 0.039583 0.104630
0 0.468750 0.206481 0.045833 0.103704
0 0.486458 0.209259 0.039583 0.153704
0 0.292708 0.457407 0.084375 0.246296
0 0.285938 0.484722 0.093750 0.273148
0 0.260677 0.566667 0.092188 0.279630
0 0.239844 0.687500 0.155729 0.362037
0 0.522917 0.460648 0.116667 0.217593
0 0.557813 0.549074 0.105208 0.283333
0 0.597135 0.754167 0.188021 0.360185
0 0.486198 0.856481 0.070312 0.283333
0 0.170833 0.842130 0.133333 0.313889
0 0.135156 0.909722 0.150521 0.178704
0 0.584375 0.818981 0.167708 0.358333
