0 0.859375 0.513889 0.055208 0.235185
0 0.376302 0.436111 0.106771 0.314815
0 0.384635 0.213426 0.032813 0.176852
0 0.420052 0.264815 0.034896 0.157407
0 0.395052 0.156944 0.019271 0.134259
0 0.438281 0.238889 0.031771 0.144444
0 0.475781 0.199074 0.026562 0.168519
0 0.401823 0.087500 0.011979 0.056481
0 0.420573 0.079167 0.015104 0.073148
0 0.436979 0.078241 0.010417 0.067593
0 0.444792 0.076389 0.007292 0.043519
0 0.456250 0.085185 0.007292 0.055556
0 0.351562 0.200463 0.018750 0.163889
0 0.507552 0.427315 0.066146 0.354630
0 0.425521 0.148611 0.030208 0.132407
0 0.542708 0.537500 0.102083 0.282407
0 0.467969 0.221759 0.040104 0.184259
0 0.366667 0.207407 0.030208 0.172222
0 0.465365 0.187963 0.042188 0.101852
0 0.586719 0.529630 0.027604 0.248148
0 0.411979 0.082870 0.013542 0.063889
0 0.409115 0.231019 0.036979 0.180556
0 0.429427 0.070833 0.008854 0.056481
0 0.339062 0.206481 0.019792 0.164815
0 0.446354 0.093981 0.013542 0.067593
0 0.638542 0.835185 0.089583 0.325926
