0 0.358594 0.184722 0.033854 0.095370
0 0.379688 0.184259 0.014583 0.085185
0 0.402604 0.157870 0.019792 0.115741
0 0.425781 0.159259 0.017188 0.114815
0 0.430990 0.094444 0.014063 0.061111
0 0.441146 0.062963 0.007292 0.038889
0 0.281771 0.502315 0.102083 0.299074
0 0.358854 0.735185 0.140625 0.525926
0 0.614844 0.728241 0.191146 0.291667
0 0.559375 0.607407 0.139583 0.303704
0 0.414323 0.151389 0.015104 0.119444
0 0.430208 0.068519 0.008333 0.029630
0 0.442448 0.089352 0.011979 0.063889
0 0.358073 0.215278 0.042188 0.113889
0 0.447917 0.068519 0.008333 0.042593
0 0.312760 0.454167 0.111979 0.241667
0 0.366146 0.168519 0.028125 0.075926
0 0.276562 0.555556 0.114583 0.301852
0 0.355990 0.306481 0.064062 0.161111
0 0.599740 0.819907 0.110937 0.356481
0 0.559635 0.781481 0.075521 0.435185
0 0.435677 0.799074 0.118229 0.398148
0 0.133594 0.856019 0.117188 0.284259
