0 0.740365 0.537963 0.117188 0.544444
0 0.663542 0.532407 0.085417 0.525926
0 0.279948 0.633796 0.113021 0.569444
0 0.371094 0.640741 0.113021 0.553704
0 0.494531 0.672222 0.121354 0.596296
0 0.552604 0.562037 0.093750 0.479630
0 0.542448 0.364352 0.116146 0.410185
0 0.535156 0.167593 0.067187 0.301852
0 0.488542 0.251389 0.087500 0.412037
0 0.416406 0.258796 0.071354 0.343519
0 0.348177 0.196296 0.071354 0.377778
0 0.413542 0.174537 0.091667 0.349074
0 0.595313 0.748148 0.132292 0.501852
0 0.598437 0.112963 0.055208 0.222222
0 0.806250 0.818519 0.125000 0.361111
