0 0.400260 0.080556 0.008854 0.031481
0 0.408594 0.072222 0.009896 0.050000
0 0.414323 0.071759 0.006771 0.050926
0 0.390885 0.131481 0.009896 0.105556
0 0.384896 0.134722 0.016667 0.113889
0 0.373958 0.141204 0.017708 0.100926
0 0.398698 0.155093 0.029687 0.134259
0 0.428646 0.149537 0.021875 0.102778
0 0.427083 0.161574 0.026042 0.121296
0 0.466406 0.162500 0.028646 0.121296
0 0.411719 0.181944 0.025521 0.150926
0 0.369271 0.181481 0.040625 0.098148
0 0.359375 0.281481 0.070833 0.155556
0 0.509896 0.331019 0.053125 0.271296
0 0.543229 0.434722 0.050000 0.330556
0 0.457031 0.388426 0.056771 0.313889
0 0.503385 0.441667 0.046354 0.322222
0 0.562760 0.556944 0.075521 0.415741
0 0.618750 0.747222 0.136458 0.481481
0 0.411979 0.531019 0.082292 0.373148
0 0.293490 0.443056 0.084896 0.228704
0 0.300000 0.553241 0.112500 0.275000
0 0.337240 0.600926 0.071354 0.474074
0 0.482031 0.735185 0.106771 0.525926
0 0.568750 0.775463 0.090625 0.439815
0 0.392969 0.820833 0.078646 0.345370
0 0.167708 0.852315 0.185417 0.293519
