0 0.666667 0.535648 0.104167 0.525000
0 0.605729 0.366667 0.114583 0.444444
0 0.542708 0.571296 0.131250 0.509259
0 0.605990 0.314815 0.093229 0.455556
0 0.491927 0.439815 0.082812 0.370370
0 0.509896 0.270833 0.088542 0.404630
0 0.471615 0.323611 0.093229 0.458333
0 0.397917 0.337963 0.112500 0.488889
0 0.366667 0.249074 0.101042 0.433333
0 0.375521 0.500000 0.077083 0.292593
0 0.305469 0.415278 0.106771 0.489815
0 0.119271 0.584722 0.135417 0.662037
0 0.835417 0.132407 0.053125 0.253704
0 0.585156 0.148611 0.079687 0.293519
0 0.184115 0.812500 0.153646 0.373148
