0 0.561719 0.035185 0.014063 0.070370
0 0.565625 0.061574 0.012500 0.099074
0 0.553385 0.069907 0.014063 0.089815
0 0.542969 0.067130 0.015104 0.091667
0 0.533594 0.069444 0.013021 0.085185
0 0.527344 0.076389 0.014063 0.102778
0 0.515625 0.068519 0.016667 0.098148
0 0.501042 0.068519 0.018750 0.100000
0 0.521354 0.172685 0.026042 0.139815
0 0.505469 0.195833 0.031771 0.178704
0 0.489063 0.181944 0.028125 0.191667
0 0.565625 0.194907 0.021875 0.175000
0 0.545312 0.231481 0.031250 0.224074
0 0.573698 0.245833 0.030729 0.193519
0 0.594271 0.240741 0.034375 0.229630
0 0.468750 0.194444 0.033333 0.196296
0 0.502344 0.281481 0.038021 0.216667
0 0.539583 0.277315 0.048958 0.221296
0 0.574479 0.300463 0.029167 0.167593
0 0.504687 0.529630 0.086458 0.383333
0 0.438542 0.501389 0.067708 0.425000
0 0.453125 0.070833 0.019792 0.097222
0 0.432292 0.087500 0.023958 0.080556
0 0.389844 0.098148 0.025521 0.112963
0 0.354427 0.101852 0.018229 0.124074
0 0.317448 0.088889 0.026562 0.118519
0 0.405729 0.176852 0.036458 0.140741
0 0.368229 0.152315 0.046875 0.112037
0 0.327865 0.155093 0.019271 0.099074
0 0.372656 0.168056 0.031771 0.095370
0 0.365885 0.189815 0.031771 0.109259
0 0.430469 0.230093 0.033854 0.152778
0 0.372917 0.214815 0.025000 0.125926
0 0.404167 0.243981 0.035417 0.154630
0 0.323177 0.204630 0.024479 0.150000
0 0.267448 0.216667 0.032813 0.125926
0 0.254427 0.235648 0.041146 0.162037
0 0.398177 0.285648 0.036979 0.171296
0 0.394271 0.298611 0.029167 0.169444
0 0.326042 0.292130 0.028125 0.200926
0 0.342708 0.299537 0.038542 0.200926
0 0.375781 0.342130 0.046354 0.249074
0 0.306771 0.293519 0.026042 0.181481
0 0.266406 0.268981 0.032813 0.162037
0 0.235156 0.289815 0.049479 0.192593
0 0.213542 0.266204 0.026042 0.143519
0 0.241927 0.174537 0.032813 0.176852
0 0.222656 0.176852 0.032813 0.175926
0 0.189583 0.191204 0.038542 0.167593
0 0.336979 0.414352 0.056250 0.217593
0 0.323437 0.446296 0.073958 0.231481
0 0.275521 0.373148 0.040625 0.190741
0 0.220312 0.385185 0.056250 0.177778
0 0.166406 0.394444 0.041146 0.190741
0 0.143750 0.425000 0.058333 0.200000
0 0.093229 0.398611 0.052083 0.200926
0 0.047656 0.396296 0.031771 0.188889
0 0.133854 0.478704 0.056250 0.203704
0 0.076563 0.471296 0.057292 0.177778
0 0.081250 0.466204 0.026042 0.091667
0 0.275781 0.545833 0.082812 0.323148
0 0.245833 0.604630 0.081250 0.292593
0 0.169271 0.569907 0.068750 0.256481
0 0.100260 0.556019 0.064062 0.210185
0 0.037500 0.558796 0.055208 0.245370
0 0.271354 0.751852 0.100000 0.494444
0 0.064062 0.711111 0.006250 0.012963
0 0.112240 0.830093 0.115104 0.336111
0 0.696875 0.869444 0.097917 0.257407
0 0.569271 0.851389 0.092708 0.293519
