0 0.127865 0.154167 0.017188 0.082407
0 0.519271 0.261574 0.034375 0.137963
0 0.485417 0.264352 0.036458 0.134259
0 0.110156 0.164815 0.016146 0.101852
0 0.118490 0.149537 0.015104 0.089815
0 0.503906 0.175926 0.017188 0.087037
0 0.482292 0.167130 0.013542 0.071296
0 0.472917 0.166667 0.011458 0.072222
0 0.506250 0.364815 0.039583 0.201852
0 0.145313 0.200000 0.018750 0.112963
0 0.409896 0.154630 0.009375 0.072222
0 0.390885 0.200463 0.015104 0.104630
0 0.422396 0.149074 0.015625 0.068519
0 0.399219 0.156481 0.013021 0.068519
0 0.550521 0.372222 0.032292 0.194444
0 0.417708 0.206481 0.021875 0.100000
0 0.531771 0.802315 0.164583 0.391667
