0 0.426302 0.075000 0.008854 0.051852
0 0.414844 0.056481 0.006771 0.040741
0 0.427604 0.061111 0.007292 0.038889
0 0.405990 0.074537 0.007812 0.050926
0 0.440104 0.071759 0.012500 0.050926
0 0.436198 0.086111 0.009896 0.057407
0 0.454948 0.111111 0.014063 0.077778
0 0.441406 0.110648 0.014063 0.082407
0 0.432031 0.116667 0.016146 0.085185
0 0.380990 0.173148 0.016146 0.148148
0 0.404427 0.167130 0.021354 0.123148
0 0.421615 0.154630 0.020313 0.096296
0 0.349479 0.173148 0.016667 0.125926
0 0.354167 0.180556 0.023958 0.157407
0 0.360417 0.195833 0.028125 0.156481
0 0.388542 0.199074 0.027083 0.168519
0 0.356510 0.227778 0.031771 0.112963
0 0.418750 0.223611 0.033333 0.139815
0 0.404167 0.263426 0.047917 0.191667
0 0.466406 0.155556 0.022396 0.120370
0 0.477865 0.201389 0.040104 0.099074
0 0.456250 0.263426 0.026042 0.143519
0 0.439323 0.327778 0.046354 0.255556
0 0.517708 0.314352 0.044792 0.221296
0 0.468229 0.369444 0.029167 0.188889
0 0.416146 0.445833 0.069792 0.334259
0 0.329167 0.462963 0.071875 0.385185
0 0.284896 0.517130 0.089583 0.293519
0 0.381250 0.621759 0.058333 0.287963
0 0.553385 0.537963 0.106771 0.277778
0 0.607292 0.758333 0.162500 0.342593
0 0.559635 0.811574 0.224479 0.360185
0 0.236979 0.706019 0.141667 0.391667
0 0.644792 0.875000 0.088542 0.248148
0 0.300521 0.848611 0.085417 0.300926
0 0.150000 0.910185 0.143750 0.170370
