0 0.868490 0.570370 0.067187 0.159259
0 0.823177 0.640741 0.074479 0.337037
0 0.544792 0.459259 0.048958 0.314815
0 0.447656 0.329630 0.060937 0.257407
0 0.499479 0.234259 0.016667 0.100000
0 0.474740 0.229630 0.011979 0.100000
0 0.482552 0.243519 0.013021 0.079630
0 0.485938 0.207407 0.018750 0.129630
0 0.461979 0.198611 0.028125 0.143519
0 0.453125 0.168056 0.028125 0.123148
0 0.430990 0.213426 0.029687 0.160185
0 0.425521 0.156481 0.027083 0.116667
0 0.442448 0.114815 0.017188 0.077778
0 0.415365 0.127778 0.022396 0.103704
0 0.441927 0.076389 0.009896 0.065741
0 0.434115 0.097222 0.013021 0.068519
0 0.423177 0.094444 0.013021 0.070370
0 0.420833 0.062963 0.009375 0.050000
0 0.400000 0.077315 0.007292 0.056481
0 0.380990 0.126389 0.016146 0.073148
0 0.371094 0.192593 0.018229 0.103704
0 0.363542 0.190741 0.035417 0.100000
0 0.342969 0.212037 0.016146 0.101852
0 0.341927 0.224074 0.026562 0.055556
0 0.358073 0.245833 0.035937 0.115741
0 0.327344 0.419444 0.078646 0.261111
0 0.267448 0.734722 0.135937 0.349074
0 0.091927 0.856481 0.115104 0.285185
0 0.579167 0.763426 0.087500 0.471296
