0 0.426563 0.137500 0.010417 0.065741
0 0.396615 0.162963 0.014063 0.085185
0 0.405208 0.217593 0.022917 0.131481
0 0.413542 0.247685 0.022917 0.139815
0 0.542448 0.223611 0.013021 0.108333
0 0.482552 0.136574 0.008854 0.049074
0 0.488021 0.167593 0.013542 0.081481
0 0.535417 0.262037 0.017708 0.131481
0 0.520052 0.262963 0.025521 0.131481
0 0.495052 0.269907 0.022396 0.125000
0 0.554688 0.288426 0.026042 0.143519
0 0.473177 0.404630 0.046354 0.214815
0 0.439063 0.409259 0.051042 0.203704
0 0.381771 0.529630 0.041667 0.277778
0 0.418750 0.552315 0.063542 0.276852
0 0.455729 0.559722 0.042708 0.275000
0 0.573698 0.576389 0.055729 0.280556
0 0.541667 0.665278 0.072917 0.358333
0 0.474219 0.655556 0.078646 0.346296
0 0.401562 0.730556 0.072917 0.388889
0 0.698177 0.739815 0.068229 0.344444
