0 0.027083 0.151389 0.030208 0.139815
0 0.040365 0.161111 0.031771 0.153704
0 0.057031 0.148611 0.021354 0.125000
0 0.070312 0.126389 0.022917 0.132407
0 0.335938 0.055093 0.017708 0.078704
0 0.414323 0.057407 0.022396 0.109259
0 0.453906 0.055556 0.026562 0.105556
0 0.639062 0.049537 0.015625 0.080556
0 0.647135 0.151389 0.034896 0.180556
0 0.672396 0.155556 0.041667 0.211111
0 0.695573 0.079167 0.031771 0.152778
0 0.722396 0.079630 0.023958 0.153704
0 0.746875 0.088889 0.023958 0.155556
0 0.773958 0.084722 0.026042 0.149074
0 0.646094 0.231944 0.063021 0.210185
0 0.689583 0.249074 0.047917 0.168519
0 0.760938 0.306944 0.055208 0.284259
0 0.632552 0.786111 0.121354 0.425926
0 0.832292 0.797685 0.100000 0.402778
