0 0.409375 0.082870 0.014583 0.047222
0 0.421354 0.069907 0.009375 0.047222
0 0.401042 0.147222 0.018750 0.103704
0 0.401302 0.166204 0.019271 0.123148
0 0.374219 0.173148 0.013021 0.109259
0 0.391667 0.174074 0.018750 0.107407
0 0.420833 0.177778 0.013542 0.103704
0 0.459896 0.160185 0.017708 0.131481
0 0.447396 0.168981 0.028125 0.141667
0 0.478385 0.198611 0.031771 0.102778
0 0.484896 0.198611 0.021875 0.154630
0 0.406510 0.208796 0.025521 0.123148
0 0.369010 0.202778 0.024479 0.122222
0 0.364063 0.228704 0.059375 0.135185
0 0.364063 0.254167 0.056250 0.136111
0 0.660156 0.836111 0.121354 0.309259
0 0.525521 0.462963 0.041667 0.311111
0 0.546875 0.455093 0.045833 0.337963
0 0.568229 0.452778 0.041667 0.301852
0 0.514323 0.527778 0.068229 0.383333
0 0.396615 0.475926 0.074479 0.383333
0 0.457292 0.584722 0.087500 0.493519
0 0.570573 0.628241 0.151562 0.269444
0 0.572135 0.757870 0.191146 0.345370
0 0.222656 0.681481 0.105729 0.314815
0 0.299479 0.791204 0.186458 0.413889
