0 0.715104 0.104630 0.027083 0.153704
0 0.622656 0.175463 0.033854 0.226852
0 0.670312 0.187963 0.037500 0.212963
0 0.798698 0.185648 0.041146 0.206481
0 0.744271 0.221759 0.085417 0.223148
0 0.790365 0.288889 0.053646 0.283333
0 0.648698 0.313889 0.044271 0.303704
0 0.714583 0.317593 0.048958 0.324074
0 0.763281 0.348611 0.055729 0.323148
0 0.678385 0.357870 0.074479 0.330556
0 0.621094 0.380093 0.054688 0.345370
0 0.794271 0.435648 0.056250 0.360185
0 0.762500 0.462963 0.078125 0.418519
0 0.659115 0.636574 0.094271 0.456481
0 0.736719 0.172685 0.046354 0.225000
