0 0.522396 0.253704 0.029167 0.135185
0 0.504427 0.359722 0.040104 0.187963
0 0.406510 0.160648 0.013021 0.041667
0 0.390104 0.211111 0.014583 0.068519
0 0.146615 0.200463 0.038021 0.136111
0 0.410417 0.224074 0.021875 0.107407
0 0.467187 0.345370 0.046875 0.196296
0 0.503906 0.160185 0.021354 0.064815
0 0.482812 0.250463 0.016667 0.050926
0 0.499219 0.230556 0.019271 0.064815
0 0.381250 0.796296 0.100000 0.407407
0 0.422656 0.159259 0.018229 0.059259
0 0.554948 0.495370 0.064062 0.296296
0 0.488021 0.143519 0.011458 0.061111
0 0.477604 0.197685 0.015625 0.078704
0 0.128125 0.812037 0.091667 0.372222
0 0.205729 0.819444 0.094792 0.359259
0 0.556250 0.866204 0.092708 0.260185
0 0.620833 0.871296 0.097917 0.253704
