0 0.237240 0.220370 0.027604 0.142593
0 0.249740 0.226852 0.039062 0.133333
0 0.148698 0.166667 0.023438 0.107407
0 0.132812 0.162500 0.020833 0.099074
0 0.418750 0.219907 0.020833 0.099074
0 0.411719 0.195833 0.021354 0.087963
0 0.539062 0.262500 0.033333 0.115741
0 0.520833 0.247222 0.029167 0.125926
0 0.491927 0.235185 0.025521 0.109259
0 0.498437 0.257407 0.029167 0.124074
0 0.489844 0.275926 0.029687 0.131481
0 0.534115 0.300463 0.032813 0.141667
0 0.489063 0.354167 0.035417 0.171296
0 0.434375 0.368519 0.046875 0.194444
0 0.541927 0.366204 0.043229 0.189815
0 0.526302 0.400926 0.031771 0.155556
0 0.473438 0.426389 0.053125 0.234259
0 0.438802 0.496296 0.058854 0.290741
0 0.544010 0.571296 0.058854 0.292593
0 0.415625 0.666204 0.087500 0.425000
0 0.509635 0.700000 0.080729 0.383333
0 0.569792 0.700000 0.085417 0.394444
0 0.518229 0.768056 0.087500 0.423148
0 0.079427 0.760185 0.113021 0.450000
0 0.120313 0.816204 0.096875 0.363889
0 0.232813 0.826852 0.100000 0.344444
0 0.332813 0.778241 0.086458 0.436111
0 0.417969 0.794444 0.074479 0.392593
0 0.433333 0.883796 0.129167 0.230556
0 0.483594 0.831481 0.075521 0.325926
0 0.522135 0.879630 0.111979 0.229630
0 0.578125 0.836111 0.087500 0.324074
