0 0.354427 0.281944 0.070312 0.152778
0 0.365625 0.269907 0.060417 0.143519
0 0.378385 0.738889 0.078646 0.518519
0 0.525781 0.459259 0.115104 0.224074
0 0.554688 0.568981 0.136458 0.284259
0 0.559896 0.598611 0.138542 0.275000
0 0.566667 0.695370 0.180208 0.327778
0 0.628906 0.821759 0.160938 0.352778
0 0.419010 0.448611 0.066146 0.358333
0 0.317188 0.475926 0.084375 0.300000
0 0.297656 0.507407 0.105729 0.255556
0 0.239323 0.645833 0.147396 0.350926
0 0.227344 0.775463 0.193229 0.447222
0 0.445573 0.252778 0.048438 0.185185
0 0.504948 0.244444 0.035937 0.192593
0 0.356250 0.182407 0.014583 0.127778
0 0.364844 0.193981 0.021354 0.156481
0 0.380208 0.221759 0.020833 0.163889
0 0.394792 0.143519 0.016667 0.107407
0 0.408854 0.216204 0.031250 0.162037
0 0.419792 0.136111 0.018750 0.109259
0 0.426302 0.130556 0.010937 0.107407
0 0.438281 0.112500 0.013021 0.082407
0 0.443229 0.137963 0.015625 0.101852
0 0.455990 0.152778 0.022396 0.098148
0 0.468229 0.136111 0.014583 0.111111
0 0.472135 0.154167 0.016146 0.106481
0 0.480469 0.165278 0.018229 0.121296
0 0.402344 0.764815 0.148438 0.459259
0 0.634896 0.771296 0.093750 0.450000
