0 0.152344 0.133333 0.015104 0.074074
0 0.204948 0.579630 0.060937 0.303704
0 0.480729 0.244907 0.022917 0.100926
0 0.525000 0.268056 0.027083 0.132407
0 0.496094 0.286574 0.031771 0.130556
0 0.613542 0.802778 0.078125 0.381481
0 0.398438 0.210648 0.023958 0.095370
0 0.626042 0.715278 0.051042 0.358333
0 0.521875 0.359722 0.038542 0.167593
0 0.443229 0.367593 0.039583 0.192593
0 0.280990 0.227315 0.020313 0.121296
0 0.684115 0.727778 0.056771 0.377778
0 0.489323 0.153241 0.010937 0.058333
0 0.392708 0.792130 0.083333 0.413889
0 0.464062 0.773148 0.086458 0.451852
0 0.177083 0.558796 0.047917 0.354630
0 0.500000 0.123611 0.008333 0.047222
0 0.492708 0.139815 0.011458 0.048148
0 0.139844 0.206944 0.021354 0.047222
0 0.477083 0.155093 0.010417 0.058333
0 0.471094 0.304630 0.023438 0.112963
0 0.123958 0.179630 0.016667 0.085185
0 0.501042 0.371296 0.022917 0.114815
0 0.542188 0.222685 0.018750 0.104630
0 0.411198 0.722685 0.058854 0.417593
0 0.665104 0.850463 0.068750 0.308333
0 0.498698 0.840741 0.100521 0.333333
0 0.547396 0.802778 0.058333 0.390741
0 0.459375 0.877778 0.096875 0.237037
