0 0.414844 0.633796 0.075521 0.382407
0 0.502604 0.559722 0.046875 0.282407
0 0.460417 0.537500 0.059375 0.289815
0 0.507292 0.225000 0.017708 0.090741
0 0.405469 0.175926 0.013021 0.087037
0 0.157031 0.240278 0.018229 0.075000
0 0.471354 0.355093 0.035417 0.202778
0 0.133594 0.183333 0.019271 0.098148
0 0.460156 0.735648 0.099479 0.360185
0 0.545573 0.494907 0.066146 0.269444
0 0.122656 0.605556 0.018229 0.109259
0 0.425000 0.358796 0.029167 0.163889
0 0.537240 0.719907 0.086979 0.402778
0 0.538802 0.246296 0.021354 0.122222
0 0.500521 0.414815 0.045833 0.209259
0 0.180208 0.565741 0.042708 0.283333
0 0.528385 0.218519 0.017188 0.083333
0 0.514062 0.224074 0.014583 0.083333
0 0.482031 0.213889 0.017188 0.120370
0 0.500260 0.190278 0.020313 0.102778
0 0.505729 0.340278 0.034375 0.191667
0 0.391927 0.534722 0.044271 0.295370
0 0.417448 0.175926 0.014063 0.085185
0 0.140625 0.222222 0.020833 0.118519
0 0.389323 0.163426 0.008854 0.080556
0 0.401823 0.439352 0.056771 0.228704
0 0.190625 0.222685 0.019792 0.130556
0 0.659375 0.839815 0.083333 0.312963
0 0.480729 0.809722 0.097917 0.367593
0 0.426042 0.876852 0.129167 0.242593
