0 0.419531 0.060185 0.007812 0.048148
0 0.391146 0.121759 0.020833 0.050926
0 0.395313 0.104630 0.013542 0.055556
0 0.402604 0.087963 0.011458 0.062963
0 0.414062 0.085648 0.010417 0.063889
0 0.427344 0.075926 0.007812 0.044444
0 0.435937 0.086111 0.010417 0.059259
0 0.452865 0.086574 0.010937 0.060185
0 0.447917 0.093981 0.010417 0.054630
0 0.425521 0.126389 0.020833 0.091667
0 0.442969 0.125926 0.010937 0.068519
0 0.457292 0.122222 0.017708 0.075926
0 0.466667 0.151852 0.018750 0.077778
0 0.487240 0.237037 0.033854 0.179630
0 0.460417 0.246759 0.034375 0.154630
0 0.452604 0.187037 0.029167 0.137037
0 0.420052 0.187500 0.029687 0.163889
0 0.418229 0.225000 0.033333 0.170370
0 0.395833 0.222685 0.014583 0.095370
0 0.382292 0.204630 0.020833 0.096296
0 0.352344 0.183796 0.019271 0.137963
0 0.367708 0.212037 0.025000 0.170370
0 0.342969 0.194907 0.018229 0.154630
0 0.567708 0.551852 0.102083 0.279630
0 0.604688 0.779630 0.167708 0.383333
0 0.405729 0.643981 0.092708 0.502778
0 0.317708 0.415741 0.097917 0.222222
0 0.299219 0.465741 0.101562 0.255556
0 0.275781 0.554167 0.126562 0.295370
0 0.246354 0.691204 0.163542 0.375000
