0 0.440365 0.043056 0.014063 0.075000
0 0.242969 0.227778 0.034896 0.133333
0 0.458854 0.051852 0.019792 0.079630
0 0.363542 0.174074 0.034375 0.101852
0 0.305208 0.168056 0.027083 0.091667
0 0.389062 0.281944 0.046875 0.141667
0 0.321094 0.299537 0.044271 0.147222
0 0.260417 0.280556 0.040625 0.192593
0 0.191927 0.275926 0.043229 0.153704
0 0.543750 0.095833 0.020833 0.100926
0 0.454948 0.171296 0.041146 0.174074
0 0.538281 0.150000 0.030729 0.146296
0 0.528125 0.232870 0.029167 0.184259
0 0.444531 0.296759 0.059896 0.241667
0 0.364583 0.444907 0.066667 0.325000
0 0.549219 0.299074 0.045312 0.257407
0 0.604688 0.324074 0.060417 0.301852
0 0.572135 0.398611 0.048438 0.343519
0 0.408073 0.486111 0.057813 0.383333
0 0.320052 0.449074 0.057813 0.203704
0 0.260937 0.574074 0.081250 0.272222
0 0.249740 0.449074 0.063021 0.257407
0 0.115625 0.390741 0.048958 0.242593
0 0.105729 0.587963 0.091667 0.296296
0 0.421875 0.125463 0.027083 0.128704
0 0.228906 0.140741 0.026562 0.120370
0 0.344271 0.125463 0.020833 0.097222
0 0.595313 0.133333 0.025000 0.122222
0 0.508854 0.178241 0.039583 0.178704
0 0.322135 0.133333 0.024479 0.101852
0 0.563802 0.209722 0.030729 0.171296
0 0.323958 0.281481 0.071875 0.177778
0 0.436198 0.437963 0.057813 0.350000
0 0.401302 0.174074 0.016146 0.090741
0 0.407813 0.488889 0.058333 0.372222
0 0.527083 0.315278 0.061458 0.217593
0 0.359115 0.149537 0.027604 0.106481
0 0.616667 0.381019 0.039583 0.321296
0 0.246094 0.287037 0.053646 0.190741
0 0.332292 0.173611 0.035417 0.108333
0 0.364323 0.443056 0.069271 0.321296
0 0.169010 0.237963 0.043229 0.203704
0 0.507552 0.493519 0.072396 0.433333
0 0.276562 0.522222 0.060417 0.277778
0 0.562240 0.050926 0.014063 0.061111
0 0.280208 0.761111 0.006250 0.011111
0 0.203385 0.402778 0.064062 0.255556
0 0.500000 0.087963 0.020833 0.100000
0 0.031771 0.550463 0.058333 0.337963
0 0.375781 0.188426 0.030729 0.087963
0 0.220833 0.659722 0.096875 0.499074
0 0.519531 0.093519 0.021354 0.107407
0 0.348438 0.741667 0.095833 0.459259
0 0.558333 0.130556 0.023958 0.133333
0 0.397396 0.130556 0.025000 0.101852
0 0.239583 0.163426 0.036458 0.134259
0 0.401042 0.225926 0.050000 0.120370
0 0.063802 0.791667 0.111979 0.414815
0 0.127083 0.888889 0.100000 0.220370
0 0.276823 0.826852 0.121354 0.344444
0 0.226042 0.878241 0.096875 0.241667
0 0.347917 0.758333 0.098958 0.464815
0 0.415885 0.787037 0.074479 0.424074
0 0.389323 0.848611 0.104688 0.300926
0 0.672396 0.782870 0.103125 0.423148
0 0.454948 0.915741 0.118229 0.164815
0 0.597656 0.853241 0.163021 0.278704
0 0.649740 0.849537 0.117188 0.299074
0 0.723177 0.835648 0.150521 0.326852
