0 0.438802 0.439352 0.078646 0.352778
0 0.375781 0.309259 0.052604 0.242593
0 0.286458 0.355093 0.051042 0.284259
0 0.391146 0.105093 0.015625 0.045370
0 0.365885 0.203241 0.036979 0.165741
0 0.356771 0.206481 0.026042 0.162963
0 0.345573 0.194444 0.021354 0.151852
0 0.394271 0.101389 0.012500 0.041667
0 0.414323 0.090278 0.015104 0.082407
0 0.427865 0.067593 0.008854 0.040741
0 0.453906 0.265741 0.042188 0.157407
0 0.443490 0.216667 0.028646 0.151852
0 0.467187 0.185648 0.037500 0.076852
0 0.868750 0.526852 0.059375 0.233333
0 0.620573 0.861111 0.083854 0.275926
0 0.590104 0.774074 0.119792 0.450000
0 0.389323 0.775926 0.132812 0.446296
0 0.260677 0.790278 0.130729 0.417593
