0 0.469010 0.189352 0.025521 0.117593
0 0.488542 0.243981 0.052083 0.117593
0 0.327604 0.394444 0.056250 0.325926
0 0.392448 0.414815 0.073438 0.314815
0 0.429427 0.259722 0.038021 0.204630
0 0.210417 0.769444 0.144792 0.377778
0 0.371354 0.735648 0.098958 0.519444
0 0.428906 0.072222 0.011979 0.050000
0 0.438021 0.076389 0.011458 0.036111
0 0.450781 0.058333 0.006771 0.033333
0 0.406771 0.073148 0.009375 0.046296
0 0.451823 0.114815 0.014063 0.079630
0 0.423698 0.112500 0.013021 0.087963
0 0.435417 0.113889 0.014583 0.083333
0 0.385417 0.160648 0.028125 0.093519
0 0.386458 0.143056 0.018750 0.125000
0 0.357292 0.171296 0.020833 0.107407
0 0.402604 0.157407 0.018750 0.122222
0 0.448958 0.173611 0.033333 0.126852
0 0.362240 0.318519 0.036979 0.233333
0 0.529167 0.400463 0.043750 0.247222
0 0.502604 0.479167 0.092708 0.347222
0 0.527344 0.552778 0.122396 0.209259
0 0.562500 0.584722 0.127083 0.247222
0 0.578646 0.703241 0.179167 0.336111
0 0.545833 0.608796 0.080208 0.430556
0 0.619271 0.815741 0.157292 0.355556
0 0.630208 0.781019 0.120833 0.441667
