0 0.196875 0.118519 0.009375 0.025926
0 0.113281 0.166667 0.009896 0.087037
0 0.150000 0.147222 0.014583 0.087037
0 0.108333 0.169444 0.012500 0.088889
0 0.419010 0.186111 0.019271 0.085185
0 0.497656 0.125000 0.007812 0.050000
0 0.503646 0.120370 0.007292 0.046296
0 0.484896 0.162037 0.010417 0.066667
0 0.478385 0.181019 0.013021 0.082407
0 0.516406 0.168056 0.014063 0.075000
0 0.481510 0.258333 0.022396 0.127778
0 0.499740 0.281019 0.025521 0.147222
0 0.538281 0.309259 0.019271 0.087037
0 0.563802 0.398611 0.043229 0.178704
0 0.508854 0.775926 0.093750 0.398148
0 0.493229 0.170370 0.014583 0.070370
0 0.414844 0.150463 0.006771 0.065741
0 0.495573 0.181944 0.016146 0.078704
0 0.397656 0.172685 0.009896 0.076852
0 0.507552 0.214352 0.018229 0.099074
0 0.425781 0.140741 0.011979 0.055556
0 0.403385 0.175463 0.010937 0.086111
0 0.522135 0.281944 0.025521 0.137963
0 0.412500 0.414815 0.043750 0.227778
0 0.239323 0.131481 0.010937 0.057407
0 0.490625 0.133796 0.011458 0.062037
0 0.407552 0.151389 0.009896 0.073148
0 0.255208 0.250463 0.028125 0.141667
0 0.589063 0.817593 0.096875 0.362963
