0 0.486979 0.132407 0.009375 0.066667
0 0.477604 0.131019 0.008333 0.065741
0 0.505990 0.149537 0.016146 0.078704
0 0.499740 0.176389 0.016146 0.091667
0 0.521094 0.200000 0.021354 0.124074
0 0.520052 0.229630 0.032813 0.151852
0 0.502865 0.210648 0.018229 0.110185
0 0.485677 0.193056 0.021354 0.123148
0 0.465885 0.196296 0.014063 0.111111
0 0.458854 0.263426 0.025000 0.178704
0 0.457031 0.309722 0.033854 0.187963
0 0.486979 0.307870 0.039583 0.200926
0 0.552604 0.389815 0.048958 0.272222
0 0.525000 0.383333 0.077083 0.312963
0 0.465365 0.363889 0.049479 0.264815
0 0.422917 0.369444 0.042708 0.231481
0 0.472917 0.647222 0.114583 0.429630
0 0.569010 0.695833 0.100521 0.476852
