0 0.147396 0.168519 0.016667 0.081481
0 0.414062 0.243519 0.020833 0.131481
0 0.413802 0.178704 0.013021 0.077778
0 0.398958 0.176389 0.012500 0.078704
0 0.423958 0.186574 0.012500 0.097222
0 0.484896 0.132407 0.007292 0.057407
0 0.492969 0.173148 0.015104 0.096296
0 0.480990 0.177315 0.014063 0.086111
0 0.518229 0.199537 0.015625 0.097222
0 0.542448 0.251852 0.017188 0.087037
0 0.544531 0.205556 0.010937 0.087037
0 0.515885 0.225926 0.019271 0.098148
0 0.536979 0.351852 0.022917 0.151852
0 0.555990 0.368981 0.034896 0.200926
0 0.470573 0.298611 0.025521 0.147222
0 0.448177 0.324074 0.032813 0.175926
0 0.466927 0.350000 0.031771 0.170370
0 0.468490 0.312963 0.022396 0.092593
0 0.496615 0.356481 0.035937 0.185185
0 0.521094 0.439815 0.039062 0.231481
0 0.560937 0.481019 0.025000 0.176852
0 0.657552 0.729630 0.064062 0.381481
0 0.540365 0.716204 0.101562 0.415741
0 0.523177 0.548148 0.058854 0.327778
0 0.493490 0.559722 0.044271 0.236111
0 0.455469 0.518519 0.057813 0.333333
0 0.410938 0.518981 0.060417 0.312037
0 0.363802 0.777778 0.088021 0.418519
0 0.092708 0.644444 0.083333 0.409259
0 0.595052 0.804167 0.078646 0.389815
0 0.443229 0.896296 0.092708 0.205556
0 0.379688 0.827315 0.101042 0.341667
