0 0.568229 0.081019 0.012500 0.108333
0 0.558333 0.081019 0.017708 0.102778
0 0.549479 0.075000 0.009375 0.096296
0 0.537500 0.075926 0.010417 0.083333
0 0.527865 0.069444 0.014063 0.103704
0 0.503125 0.070833 0.016667 0.099074
0 0.511198 0.085648 0.022396 0.121296
0 0.598698 0.148148 0.030729 0.166667
0 0.601562 0.230556 0.021875 0.201852
0 0.570052 0.239815 0.034896 0.222222
0 0.580990 0.254167 0.034896 0.208333
0 0.482031 0.249537 0.034896 0.225000
0 0.540885 0.292593 0.057813 0.240741
0 0.535156 0.326389 0.040104 0.269444
0 0.504948 0.323611 0.044271 0.245370
0 0.460677 0.281944 0.021354 0.182407
0 0.617708 0.347685 0.040625 0.286111
0 0.575781 0.364815 0.041146 0.301852
0 0.606250 0.415741 0.053125 0.255556
0 0.483594 0.437500 0.068229 0.362037
0 0.411719 0.422222 0.068229 0.350000
0 0.361198 0.634722 0.096354 0.463889
0 0.425781 0.034259 0.015104 0.061111
0 0.489063 0.062963 0.014583 0.062963
0 0.478646 0.040741 0.008333 0.048148
0 0.476562 0.090741 0.012500 0.074074
0 0.447917 0.098611 0.018750 0.075000
0 0.422917 0.136574 0.023958 0.102778
0 0.462760 0.138889 0.024479 0.112963
0 0.455729 0.156481 0.028125 0.118519
0 0.402083 0.083333 0.011458 0.096296
0 0.390885 0.089352 0.014063 0.095370
0 0.372917 0.088426 0.018750 0.091667
0 0.438802 0.171759 0.030729 0.125000
0 0.354687 0.089815 0.017708 0.094444
0 0.336719 0.127778 0.020313 0.105556
0 0.388281 0.159259 0.023438 0.081481
0 0.306771 0.095833 0.020833 0.128704
0 0.436719 0.195370 0.029687 0.122222
0 0.392448 0.202778 0.030729 0.125926
0 0.330208 0.187963 0.030208 0.127778
0 0.373698 0.221296 0.032813 0.109259
0 0.299479 0.162500 0.022917 0.102778
0 0.241406 0.154167 0.029687 0.160185
0 0.258594 0.209259 0.033854 0.112963
0 0.250260 0.224537 0.030729 0.099074
0 0.311198 0.249074 0.057813 0.151852
0 0.346094 0.255556 0.033854 0.127778
0 0.389844 0.272222 0.044271 0.146296
0 0.381250 0.298611 0.047917 0.169444
0 0.331250 0.303704 0.043750 0.166667
0 0.285677 0.293056 0.041146 0.152778
0 0.221615 0.268981 0.036979 0.132407
0 0.195573 0.287500 0.039062 0.167593
0 0.330208 0.390741 0.061458 0.177778
0 0.320833 0.435648 0.054167 0.178704
0 0.271354 0.412963 0.053125 0.183333
0 0.219531 0.411111 0.043229 0.175926
0 0.110417 0.398148 0.063542 0.198148
0 0.283333 0.525926 0.077083 0.264815
0 0.204427 0.501389 0.073438 0.219444
0 0.089063 0.460648 0.061458 0.236111
0 0.176563 0.596759 0.071875 0.275000
0 0.103646 0.574074 0.067708 0.255556
0 0.031250 0.570370 0.060417 0.272222
0 0.114323 0.748148 0.101562 0.320370
0 0.660677 0.799537 0.104688 0.399074
0 0.072396 0.841204 0.143750 0.315741
