0 0.126823 0.163426 0.018229 0.102778
0 0.141406 0.177778 0.016146 0.062963
0 0.116927 0.173148 0.011979 0.062963
0 0.404167 0.516667 0.069792 0.309259
0 0.371354 0.606944 0.027083 0.336111
0 0.567708 0.671296 0.070833 0.346296
0 0.448958 0.757407 0.089583 0.394444
0 0.132292 0.602315 0.019792 0.087963
0 0.410677 0.156019 0.013021 0.073148
0 0.564844 0.534259 0.054688 0.268519
0 0.503906 0.667130 0.058854 0.323148
0 0.516146 0.248148 0.019792 0.118519
0 0.528125 0.348148 0.035417 0.155556
0 0.530469 0.200463 0.011979 0.093519
0 0.421615 0.145370 0.011979 0.062963
0 0.454427 0.617130 0.099479 0.376852
0 0.507031 0.204167 0.020313 0.106481
0 0.400260 0.156481 0.015104 0.075926
0 0.418490 0.685185 0.069271 0.355556
0 0.500521 0.242130 0.021875 0.125000
0 0.462240 0.468981 0.042188 0.200926
0 0.500260 0.162963 0.014063 0.068519
0 0.540365 0.256481 0.019271 0.122222
0 0.114844 0.559259 0.019271 0.081481
0 0.152083 0.605556 0.022917 0.088889
0 0.481771 0.305556 0.036458 0.153704
0 0.428906 0.374074 0.034896 0.177778
0 0.482292 0.849537 0.105208 0.287963
0 0.572396 0.859722 0.090625 0.271296
