0 0.530208 0.623611 0.057292 0.447222
0 0.514844 0.450926 0.129688 0.235185
0 0.508073 0.439815 0.059896 0.320370
0 0.402344 0.318981 0.054688 0.263889
0 0.434375 0.312963 0.040625 0.250000
0 0.470573 0.327315 0.052604 0.265741
0 0.464323 0.165278 0.022396 0.078704
0 0.435156 0.126389 0.017188 0.084259
0 0.451562 0.128241 0.016667 0.086111
0 0.448958 0.101389 0.012500 0.063889
0 0.414062 0.062037 0.008333 0.044444
0 0.426042 0.063426 0.007292 0.043519
0 0.394531 0.107407 0.009896 0.050000
0 0.390885 0.125463 0.013021 0.045370
0 0.418750 0.147222 0.022917 0.103704
0 0.401302 0.142593 0.019271 0.075926
0 0.383594 0.141204 0.017188 0.073148
0 0.383594 0.143981 0.038021 0.082407
0 0.363542 0.188889 0.043750 0.107407
0 0.354948 0.227315 0.036979 0.113889
0 0.287500 0.338426 0.037500 0.278704
0 0.301823 0.383796 0.054688 0.286111
0 0.297135 0.472685 0.104688 0.254630
0 0.247656 0.650463 0.113021 0.323148
0 0.568490 0.731944 0.068229 0.512037
0 0.190885 0.846759 0.165104 0.304630
