0 0.180208 0.511111 0.011458 0.068519
0 0.553385 0.624074 0.068229 0.350000
0 0.477083 0.405556 0.037500 0.220370
0 0.513542 0.357407 0.035417 0.200000
0 0.457552 0.339815 0.023438 0.181481
0 0.534896 0.238889 0.014583 0.103704
0 0.487760 0.196296 0.024479 0.081481
0 0.499479 0.126852 0.008333 0.046296
0 0.485677 0.136111 0.007812 0.048148
0 0.424219 0.193056 0.016146 0.091667
0 0.397917 0.154167 0.011458 0.078704
0 0.113281 0.204630 0.010937 0.077778
0 0.195312 0.511574 0.013542 0.075000
0 0.532552 0.506944 0.054688 0.256481
0 0.489063 0.437963 0.058333 0.246296
0 0.504167 0.689815 0.067708 0.296296
0 0.497135 0.184722 0.017188 0.089815
0 0.444271 0.394444 0.039583 0.205556
0 0.508073 0.169907 0.018229 0.060185
0 0.492188 0.138426 0.009375 0.043519
0 0.427865 0.344444 0.036979 0.188889
0 0.427083 0.139352 0.011458 0.063889
0 0.438542 0.698611 0.080208 0.371296
0 0.405990 0.154630 0.009896 0.070370
0 0.427344 0.279630 0.036979 0.120370
0 0.130729 0.227778 0.022917 0.118519
0 0.664062 0.715741 0.069792 0.366667
0 0.505729 0.267130 0.026042 0.123148
0 0.568229 0.758796 0.066667 0.397222
0 0.446615 0.648611 0.064062 0.345370
0 0.550000 0.439815 0.032292 0.188889
0 0.375260 0.806019 0.119271 0.386111
0 0.488281 0.816204 0.106771 0.360185
