0 0.466146 0.160648 0.026042 0.082407
0 0.449219 0.114352 0.017188 0.084259
0 0.441146 0.068056 0.004167 0.026852
0 0.411979 0.065278 0.004167 0.023148
0 0.415104 0.058333 0.005208 0.035185
0 0.397396 0.131019 0.017708 0.056481
0 0.383073 0.158796 0.022396 0.115741
0 0.364323 0.191667 0.048438 0.109259
0 0.352604 0.211574 0.032292 0.093519
0 0.513542 0.356481 0.037500 0.259259
0 0.434115 0.434722 0.066146 0.330556
0 0.398177 0.390278 0.050521 0.308333
0 0.616406 0.680556 0.068229 0.461111
0 0.455990 0.685185 0.116146 0.550000
0 0.264062 0.648611 0.142708 0.323148
0 0.248177 0.703704 0.179688 0.355556
0 0.174219 0.841667 0.199479 0.312963
0 0.567708 0.736574 0.100000 0.525000
