0 0.567187 0.599537 0.138542 0.273148
0 0.539323 0.605093 0.078646 0.265741
0 0.562760 0.641667 0.133854 0.296296
0 0.574219 0.712500 0.088021 0.349074
0 0.561198 0.779630 0.105729 0.374074
0 0.400000 0.097685 0.010417 0.030556
0 0.422656 0.094907 0.011979 0.065741
0 0.427604 0.063426 0.006250 0.037963
0 0.430469 0.072685 0.009896 0.039815
0 0.434635 0.080093 0.008854 0.043519
0 0.432292 0.124074 0.015625 0.085185
0 0.423177 0.187500 0.030729 0.139815
0 0.465625 0.161574 0.025000 0.082407
0 0.391927 0.105093 0.015104 0.054630
0 0.383854 0.147685 0.031250 0.076852
0 0.379948 0.163426 0.024479 0.087963
0 0.353385 0.224537 0.035937 0.093519
0 0.351302 0.180093 0.015104 0.093519
0 0.341927 0.181019 0.017188 0.113889
0 0.365365 0.194907 0.022396 0.136111
0 0.354427 0.259259 0.060937 0.127778
0 0.448437 0.405093 0.043750 0.326852
0 0.496094 0.390741 0.042188 0.292593
0 0.407552 0.432407 0.063021 0.338889
0 0.335938 0.506019 0.056250 0.354630
0 0.367708 0.425000 0.056250 0.346296
0 0.283073 0.454167 0.073438 0.199074
0 0.305469 0.638426 0.100521 0.497222
0 0.363542 0.707407 0.087500 0.583333
0 0.467969 0.708796 0.106771 0.563889
0 0.962760 0.845833 0.073438 0.306481
0 0.191927 0.743981 0.117188 0.508333
0 0.163021 0.858796 0.102083 0.278704
0 0.436979 0.826852 0.131250 0.344444
0 0.620573 0.792130 0.160938 0.408333
