0 0.480990 0.177315 0.017188 0.071296
0 0.482031 0.203241 0.020313 0.087963
0 0.130729 0.179167 0.018750 0.102778
0 0.118490 0.174537 0.019271 0.106481
0 0.150260 0.213426 0.026562 0.110185
0 0.280990 0.241667 0.022396 0.142593
0 0.406771 0.163426 0.014583 0.067593
0 0.397917 0.181944 0.017708 0.087963
0 0.410417 0.200000 0.011458 0.053704
0 0.424219 0.166667 0.015104 0.079630
0 0.520052 0.168056 0.021354 0.073148
0 0.535417 0.481944 0.055208 0.280556
0 0.465365 0.712963 0.081771 0.394444
0 0.488021 0.294907 0.037500 0.169444
0 0.550260 0.333796 0.038021 0.150926
0 0.567708 0.333796 0.028125 0.154630
0 0.513802 0.321296 0.034896 0.179630
0 0.415625 0.469907 0.080208 0.262037
0 0.390104 0.466667 0.044792 0.259259
0 0.078646 0.777315 0.092708 0.419444
0 0.467187 0.594907 0.053125 0.347222
0 0.492708 0.542130 0.044792 0.291667
0 0.424219 0.612037 0.068229 0.370370
0 0.528646 0.815278 0.090625 0.365741
0 0.563021 0.631019 0.057292 0.343519
0 0.535156 0.657407 0.063021 0.312963
0 0.396875 0.871759 0.096875 0.254630
0 0.290625 0.865741 0.087500 0.266667
0 0.149740 0.702778 0.066146 0.388889
