0 0.425260 0.085648 0.011979 0.078704
0 0.418490 0.100463 0.007812 0.073148
0 0.407292 0.080093 0.009375 0.073148
0 0.395052 0.084722 0.010937 0.069444
0 0.436458 0.096759 0.015625 0.075000
0 0.422135 0.149537 0.016146 0.113889
0 0.424479 0.150463 0.016667 0.112037
0 0.439844 0.125000 0.015104 0.085185
0 0.457552 0.115278 0.008854 0.102778
0 0.451823 0.120370 0.014063 0.096296
0 0.464844 0.130093 0.013021 0.089815
0 0.387500 0.137037 0.016667 0.062963
0 0.400000 0.149074 0.023958 0.138889
0 0.353906 0.187963 0.019271 0.172222
0 0.350000 0.187963 0.023958 0.137037
0 0.372135 0.176852 0.026562 0.138889
0 0.368750 0.218981 0.031250 0.167593
0 0.364583 0.267130 0.067708 0.145370
0 0.428385 0.174537 0.031771 0.145370
0 0.480990 0.187037 0.026562 0.151852
0 0.477344 0.193056 0.025521 0.143519
0 0.354687 0.284259 0.073958 0.153704
0 0.620052 0.812963 0.163021 0.331481
0 0.575781 0.710648 0.196354 0.358333
0 0.577344 0.599537 0.118229 0.273148
0 0.543750 0.575463 0.104167 0.267593
0 0.563021 0.424537 0.093750 0.280556
0 0.522656 0.469907 0.116146 0.204630
0 0.315885 0.469907 0.082812 0.291667
0 0.283594 0.495833 0.083854 0.293519
0 0.236198 0.648611 0.159896 0.360185
0 0.216667 0.769907 0.172917 0.425000
0 0.656510 0.846759 0.199479 0.304630
