0 0.130208 0.222685 0.021875 0.112037
0 0.415365 0.198611 0.020313 0.091667
0 0.405990 0.193056 0.015104 0.087963
0 0.398177 0.178241 0.017188 0.089815
0 0.483854 0.172685 0.015625 0.086111
0 0.542969 0.222222 0.016146 0.103704
0 0.521354 0.220370 0.016667 0.096296
0 0.506510 0.219444 0.020313 0.096296
0 0.485677 0.214815 0.025521 0.105556
0 0.511719 0.286111 0.032813 0.137037
0 0.476562 0.285648 0.029167 0.139815
0 0.476042 0.316667 0.030208 0.140741
0 0.506250 0.318519 0.033333 0.162963
0 0.547396 0.321759 0.035417 0.169444
0 0.514844 0.548148 0.054688 0.301852
0 0.519271 0.442130 0.045833 0.230556
0 0.470833 0.444907 0.037500 0.225000
0 0.450000 0.525926 0.053125 0.274074
0 0.403646 0.543981 0.058333 0.337963
0 0.445573 0.647685 0.051562 0.365741
0 0.412240 0.705093 0.080729 0.421296
0 0.504427 0.696759 0.063021 0.404630
0 0.562500 0.669444 0.081250 0.455556
0 0.416406 0.417130 0.040104 0.200926
0 0.517708 0.162500 0.011458 0.062037
0 0.500000 0.163426 0.012500 0.063889
