0 0.419271 0.063889 0.030208 0.059259
0 0.448958 0.101852 0.028125 0.062963
0 0.337240 0.085648 0.027604 0.113889
0 0.524740 0.085648 0.021354 0.100926
0 0.549740 0.050926 0.021354 0.088889
0 0.558854 0.081944 0.018750 0.110185
0 0.479687 0.193519 0.034375 0.187037
0 0.504687 0.200463 0.029167 0.175000
0 0.463281 0.282407 0.041146 0.238889
0 0.532552 0.200000 0.033854 0.187037
0 0.593490 0.140741 0.030729 0.150000
0 0.591146 0.253704 0.036458 0.214815
0 0.559375 0.357870 0.040625 0.278704
0 0.580469 0.362500 0.041146 0.319444
0 0.613542 0.384722 0.058333 0.315741
0 0.298698 0.168981 0.030729 0.104630
0 0.481771 0.333333 0.044792 0.261111
0 0.427083 0.386574 0.070833 0.323148
0 0.506250 0.520833 0.107292 0.395370
0 0.372917 0.295833 0.051042 0.175000
0 0.342187 0.262037 0.041667 0.140741
0 0.310937 0.242593 0.052083 0.135185
0 0.290104 0.287500 0.038542 0.150926
0 0.257812 0.251852 0.043750 0.127778
0 0.190365 0.280093 0.045312 0.143519
0 0.330729 0.430093 0.063542 0.215741
0 0.320573 0.450926 0.057813 0.209259
0 0.257552 0.374537 0.045312 0.178704
0 0.220052 0.383796 0.042188 0.137963
0 0.145313 0.317593 0.033333 0.270370
0 0.077344 0.263426 0.035937 0.219444
0 0.285156 0.527778 0.077604 0.268519
0 0.207813 0.513889 0.083333 0.259259
0 0.185677 0.586574 0.081771 0.256481
0 0.108073 0.378241 0.066146 0.175000
0 0.078646 0.406481 0.053125 0.146296
0 0.070573 0.470370 0.066146 0.235185
0 0.099740 0.570833 0.072396 0.262037
0 0.117708 0.753704 0.107292 0.318519
0 0.062500 0.714352 0.066667 0.184259
0 0.083073 0.832870 0.119271 0.330556
