0 0.532813 0.083333 0.023958 0.101852
0 0.511198 0.084259 0.022396 0.096296
0 0.419792 0.100000 0.018750 0.098148
0 0.289323 0.102778 0.016146 0.125926
0 0.307292 0.208796 0.029167 0.132407
0 0.266146 0.252315 0.029167 0.137963
0 0.326823 0.312500 0.039062 0.160185
0 0.246354 0.293519 0.039583 0.168519
0 0.243490 0.186574 0.035937 0.163889
0 0.584896 0.152778 0.020833 0.138889
0 0.444531 0.272222 0.038021 0.227778
0 0.481771 0.261111 0.050000 0.251852
0 0.568490 0.282870 0.032813 0.219444
0 0.587240 0.339352 0.039062 0.243519
0 0.617969 0.396759 0.040104 0.317593
0 0.321875 0.448148 0.057292 0.200000
0 0.284375 0.537500 0.057292 0.263889
0 0.215625 0.678704 0.098958 0.394444
0 0.086719 0.501852 0.063021 0.251852
0 0.117188 0.349537 0.023958 0.089815
0 0.086198 0.406944 0.088021 0.193519
0 0.207552 0.200000 0.034896 0.192593
0 0.360938 0.188426 0.030208 0.117593
0 0.515885 0.246296 0.038021 0.222222
0 0.381771 0.068981 0.018750 0.089815
0 0.419531 0.333796 0.065104 0.295370
0 0.353906 0.081944 0.023438 0.121296
0 0.553385 0.254630 0.041146 0.238889
0 0.541927 0.155093 0.027604 0.137963
0 0.332292 0.185648 0.029167 0.126852
0 0.508333 0.169444 0.025000 0.135185
0 0.399479 0.563889 0.066667 0.475926
0 0.417708 0.132870 0.028125 0.076852
0 0.261198 0.589352 0.072396 0.273148
0 0.335417 0.244444 0.036458 0.142593
0 0.140365 0.521296 0.067187 0.244444
0 0.207552 0.389352 0.054688 0.208333
0 0.301823 0.304630 0.049479 0.233333
0 0.091927 0.368981 0.043229 0.167593
0 0.386198 0.279167 0.042188 0.141667
0 0.224740 0.254167 0.030729 0.130556
0 0.682031 0.793519 0.106771 0.411111
0 0.687240 0.848148 0.106771 0.296296
0 0.485417 0.131019 0.022917 0.123148
0 0.436458 0.094444 0.018750 0.070370
0 0.403125 0.086574 0.021875 0.095370
0 0.360156 0.124537 0.031771 0.067593
0 0.344271 0.113889 0.026042 0.079630
0 0.404427 0.223611 0.047396 0.110185
0 0.453125 0.132870 0.032292 0.084259
0 0.503646 0.041204 0.017708 0.050926
0 0.461198 0.047222 0.022396 0.042593
0 0.437760 0.028241 0.017188 0.039815
0 0.420573 0.033333 0.016146 0.040741
0 0.406771 0.039352 0.014583 0.049074
0 0.275521 0.112500 0.021875 0.117593
0 0.130469 0.825000 0.110937 0.240741
0 0.066146 0.812963 0.131250 0.309259
0 0.039323 0.536574 0.077604 0.208333
0 0.021875 0.314815 0.042708 0.250000
