0 0.499479 0.120833 0.028125 0.123148
0 0.504948 0.060648 0.022396 0.076852
0 0.516927 0.052315 0.016146 0.084259
0 0.420312 0.068056 0.015625 0.060185
0 0.397396 0.106019 0.026042 0.093519
0 0.381250 0.144444 0.026042 0.061111
0 0.499740 0.220833 0.042188 0.212037
0 0.334115 0.169907 0.028646 0.078704
0 0.299219 0.160648 0.032813 0.104630
0 0.375781 0.216667 0.033854 0.107407
0 0.279687 0.213426 0.039583 0.130556
0 0.417448 0.319444 0.056771 0.225926
0 0.562500 0.177315 0.023958 0.180556
0 0.563802 0.216667 0.033854 0.185185
0 0.595573 0.327315 0.046354 0.245370
0 0.620573 0.378241 0.042188 0.310185
0 0.377083 0.296296 0.047917 0.155556
0 0.313281 0.250000 0.050521 0.150000
0 0.242708 0.282407 0.044792 0.155556
0 0.180469 0.233796 0.048438 0.204630
0 0.317969 0.435648 0.060937 0.193519
0 0.221875 0.390741 0.047917 0.179630
0 0.105990 0.378704 0.071354 0.203704
0 0.024219 0.353704 0.047396 0.268519
0 0.183333 0.568519 0.069792 0.229630
0 0.053385 0.739352 0.066146 0.230556
0 0.336198 0.215741 0.039062 0.107407
0 0.457292 0.287500 0.055208 0.245370
0 0.570573 0.184722 0.032813 0.176852
0 0.558594 0.060648 0.013021 0.069444
0 0.468750 0.192130 0.029167 0.173148
0 0.601562 0.343056 0.040625 0.262037
0 0.540885 0.046296 0.015104 0.061111
0 0.392188 0.284259 0.036458 0.168519
0 0.345052 0.261574 0.033854 0.130556
0 0.324479 0.290741 0.038542 0.142593
0 0.533073 0.218519 0.034896 0.187037
0 0.221615 0.152778 0.030729 0.142593
0 0.340104 0.403241 0.050000 0.225000
0 0.435156 0.186574 0.026562 0.117593
0 0.271354 0.406944 0.048958 0.193519
0 0.392448 0.057407 0.018229 0.064815
0 0.244792 0.419444 0.064583 0.201852
0 0.071875 0.430093 0.048958 0.208333
0 0.209115 0.519444 0.066146 0.255556
0 0.102083 0.556019 0.068750 0.213889
0 0.454167 0.135648 0.019792 0.113889
0 0.126823 0.744907 0.067187 0.300926
0 0.310937 0.156019 0.027083 0.084259
0 0.543750 0.169444 0.019792 0.155556
0 0.293490 0.097222 0.024479 0.124074
0 0.464323 0.075000 0.018229 0.059259
0 0.037760 0.530093 0.075521 0.193519
0 0.273438 0.755093 0.102083 0.487963
0 0.355208 0.759722 0.092708 0.478704
0 0.454948 0.779630 0.080729 0.438889
0 0.637760 0.790278 0.110937 0.417593
0 0.077865 0.846296 0.155729 0.305556
