0 0.490625 0.248611 0.022917 0.119444
0 0.490885 0.234722 0.013021 0.049074
0 0.521875 0.299074 0.027083 0.150000
0 0.545052 0.319444 0.026562 0.159259
0 0.524219 0.329167 0.031771 0.176852
0 0.505469 0.354167 0.038021 0.175000
0 0.538021 0.379630 0.028125 0.133333
0 0.449740 0.331019 0.033854 0.169444
0 0.423698 0.379630 0.023438 0.059259
0 0.551823 0.434259 0.043229 0.159259
0 0.518229 0.551389 0.060417 0.287963
0 0.465104 0.451852 0.050000 0.250000
0 0.464844 0.743056 0.075521 0.432407
0 0.600781 0.692593 0.067187 0.424074
0 0.550260 0.776389 0.075521 0.363889
0 0.304427 0.811111 0.156771 0.375926
0 0.254688 0.587500 0.057292 0.275000
0 0.676302 0.728241 0.064062 0.367593
0 0.547135 0.807870 0.072396 0.382407
