0 0.566927 0.060185 0.010937 0.098148
0 0.552083 0.153241 0.034375 0.176852
0 0.540365 0.072222 0.017188 0.096296
0 0.409635 0.114352 0.021354 0.084259
0 0.388802 0.064815 0.021354 0.085185
0 0.382292 0.156481 0.025000 0.096296
0 0.350260 0.077778 0.017188 0.111111
0 0.507031 0.150463 0.040104 0.160185
0 0.471354 0.150463 0.029167 0.176852
0 0.459635 0.150000 0.022396 0.155556
0 0.421875 0.157407 0.047917 0.161111
0 0.433333 0.191204 0.031250 0.123148
0 0.277083 0.152778 0.038542 0.161111
0 0.362500 0.218056 0.046875 0.213889
0 0.391667 0.287037 0.043750 0.185185
0 0.347396 0.310648 0.054167 0.191667
0 0.294010 0.195833 0.035937 0.137963
0 0.278385 0.208333 0.039062 0.140741
0 0.229948 0.182407 0.038021 0.187037
0 0.201302 0.189815 0.040104 0.200000
0 0.224479 0.282870 0.038542 0.167593
0 0.254688 0.288889 0.048958 0.161111
0 0.204427 0.287037 0.048438 0.151852
0 0.520052 0.250000 0.044271 0.201852
0 0.569531 0.243981 0.045312 0.204630
0 0.602604 0.226389 0.038542 0.210185
0 0.611979 0.387500 0.041667 0.256481
0 0.611198 0.407407 0.049479 0.290741
0 0.622135 0.740741 0.119271 0.516667
0 0.426823 0.400926 0.077604 0.370370
0 0.335156 0.424074 0.075521 0.237037
0 0.331510 0.461111 0.072396 0.235185
0 0.267188 0.404167 0.048958 0.212037
0 0.265104 0.426389 0.057292 0.189815
0 0.205208 0.390741 0.051042 0.250000
0 0.173698 0.425463 0.063021 0.210185
0 0.190885 0.524074 0.067187 0.255556
0 0.099479 0.391204 0.055208 0.210185
0 0.067187 0.408796 0.061458 0.187963
0 0.250000 0.575926 0.100000 0.298148
0 0.091927 0.572222 0.066146 0.244444
0 0.174479 0.781944 0.103125 0.349074
0 0.500521 0.044444 0.012500 0.059259
0 0.521875 0.079167 0.016667 0.076852
0 0.550260 0.037500 0.014063 0.063889
0 0.027604 0.554630 0.055208 0.274074
0 0.014063 0.348611 0.028125 0.200926
0 0.667448 0.800463 0.124479 0.395370
0 0.379427 0.825463 0.124479 0.345370
0 0.298438 0.880093 0.084375 0.241667
