0 0.490365 0.127778 0.007812 0.044444
0 0.487760 0.154167 0.010937 0.058333
0 0.477083 0.150463 0.010417 0.062037
0 0.470313 0.129167 0.009375 0.043519
0 0.454948 0.206481 0.021354 0.092593
0 0.490104 0.174537 0.015625 0.078704
0 0.508594 0.225926 0.023438 0.127778
0 0.460417 0.225000 0.020833 0.111111
0 0.489844 0.288426 0.031771 0.169444
0 0.521615 0.349537 0.036979 0.210185
0 0.469792 0.342593 0.046875 0.242593
0 0.418490 0.328241 0.034896 0.210185
0 0.413542 0.374537 0.061458 0.276852
0 0.430208 0.477315 0.056250 0.334259
0 0.386979 0.538889 0.075000 0.355556
