0 0.421094 0.188426 0.017188 0.089815
0 0.520052 0.603241 0.067187 0.341667
0 0.521354 0.228704 0.021875 0.100000
0 0.109896 0.173611 0.011458 0.108333
0 0.517969 0.162037 0.011979 0.059259
0 0.475521 0.161574 0.009375 0.063889
0 0.429948 0.136111 0.005729 0.035185
0 0.391406 0.228241 0.018229 0.113889
0 0.520312 0.329630 0.034375 0.155556
0 0.129688 0.172222 0.018750 0.101852
0 0.517188 0.198148 0.014583 0.048148
0 0.526563 0.415741 0.053125 0.238889
0 0.484635 0.406481 0.036979 0.179630
0 0.444792 0.433333 0.041667 0.225926
0 0.416667 0.445833 0.045833 0.286111
0 0.423438 0.141204 0.009375 0.047222
0 0.394271 0.493519 0.041667 0.277778
0 0.541927 0.701852 0.080729 0.387037
0 0.133854 0.179630 0.016667 0.090741
0 0.481771 0.148611 0.010417 0.071296
0 0.502604 0.165278 0.011458 0.067593
0 0.137500 0.159259 0.012500 0.044444
0 0.511458 0.293981 0.026042 0.139815
0 0.490625 0.135648 0.013542 0.056481
0 0.415625 0.163426 0.013542 0.076852
0 0.480208 0.134722 0.009375 0.036111
0 0.545312 0.391204 0.036458 0.189815
0 0.448177 0.327778 0.026562 0.133333
0 0.519271 0.514815 0.053125 0.246296
0 0.478385 0.521759 0.049479 0.241667
0 0.508073 0.225000 0.013021 0.064815
