0 0.817969 0.664352 0.085938 0.326852
0 0.838021 0.716204 0.089583 0.289815
0 0.368229 0.163889 0.037500 0.064815
0 0.347396 0.269444 0.045833 0.133333
0 0.460156 0.156944 0.020313 0.110185
0 0.454427 0.260648 0.022396 0.176852
0 0.584115 0.704630 0.168229 0.327778
0 0.393490 0.764352 0.064062 0.380556
0 0.240365 0.626852 0.133854 0.325926
0 0.439063 0.137037 0.012500 0.062963
0 0.422656 0.122222 0.010937 0.077778
0 0.764844 0.543981 0.044271 0.228704
0 0.399219 0.127315 0.013021 0.080556
0 0.646615 0.413426 0.051562 0.230556
0 0.366927 0.168056 0.025521 0.123148
0 0.386198 0.189352 0.029687 0.154630
0 0.223698 0.750000 0.185938 0.409259
0 0.352083 0.211111 0.048958 0.096296
0 0.440104 0.150463 0.012500 0.071296
0 0.354167 0.286574 0.036458 0.139815
0 0.397656 0.247222 0.040104 0.192593
0 0.434375 0.223611 0.032292 0.104630
0 0.410156 0.117130 0.015104 0.086111
0 0.443490 0.168056 0.015104 0.086111
0 0.489844 0.252315 0.029687 0.193519
0 0.441667 0.277778 0.027083 0.181481
0 0.561198 0.601389 0.133854 0.275000
0 0.565625 0.556481 0.116667 0.268519
0 0.440625 0.080093 0.010417 0.045370
0 0.580208 0.797222 0.134375 0.322222
0 0.477604 0.671759 0.079167 0.560185
0 0.432292 0.570370 0.085417 0.400000
0 0.390104 0.112963 0.011458 0.070370
0 0.357292 0.695370 0.138542 0.520370
0 0.318750 0.499074 0.065625 0.325926
0 0.299479 0.439352 0.104167 0.254630
0 0.432552 0.130093 0.015104 0.080556
0 0.954688 0.796759 0.088542 0.402778
