0 0.240885 0.693056 0.158854 0.354630
0 0.359896 0.201389 0.015625 0.165741
0 0.404167 0.192593 0.015625 0.162963
0 0.392188 0.211574 0.023958 0.160185
0 0.582812 0.708796 0.216667 0.275000
0 0.544271 0.545833 0.139583 0.275000
0 0.523177 0.458796 0.118229 0.219444
0 0.529427 0.424537 0.079687 0.212037
0 0.261458 0.556019 0.090625 0.265741
0 0.482031 0.201852 0.031771 0.151852
0 0.460677 0.189352 0.034896 0.104630
0 0.465885 0.174537 0.016146 0.045370
0 0.433854 0.187500 0.023958 0.136111
0 0.403646 0.145370 0.016667 0.068519
0 0.413281 0.204630 0.022396 0.157407
0 0.351302 0.233796 0.032813 0.139815
0 0.384635 0.185648 0.020313 0.173148
0 0.372917 0.165741 0.012500 0.129630
0 0.347396 0.141667 0.019792 0.059259
0 0.430729 0.116204 0.013542 0.058333
0 0.400260 0.088426 0.020313 0.039815
0 0.413281 0.080093 0.008854 0.036111
0 0.429427 0.073611 0.010937 0.043519
0 0.443750 0.083333 0.006250 0.044444
0 0.585938 0.830556 0.184375 0.337037
0 0.390104 0.887037 0.059375 0.222222
0 0.134896 0.907407 0.140625 0.185185
0 0.179427 0.832407 0.123438 0.327778
