0 0.477083 0.159722 0.011458 0.073148
0 0.495573 0.147685 0.009896 0.063889
0 0.485156 0.156944 0.016146 0.069444
0 0.511979 0.197222 0.019792 0.103704
0 0.490885 0.198148 0.016146 0.092593
0 0.490104 0.219444 0.023958 0.087037
0 0.505208 0.229167 0.015625 0.106481
0 0.408594 0.148611 0.010937 0.073148
0 0.399479 0.153241 0.013542 0.076852
0 0.392969 0.205093 0.020313 0.104630
0 0.423177 0.144444 0.014063 0.074074
0 0.498698 0.270370 0.034896 0.135185
0 0.482031 0.301389 0.029687 0.145370
0 0.479427 0.272685 0.019271 0.082407
0 0.456250 0.319907 0.036458 0.173148
0 0.486719 0.340741 0.033854 0.142593
0 0.532292 0.337037 0.027083 0.164815
0 0.559896 0.328704 0.038542 0.185185
0 0.621875 0.706019 0.055208 0.382407
0 0.684115 0.712963 0.070312 0.357407
0 0.114844 0.630093 0.023438 0.108333
0 0.165365 0.616667 0.021354 0.122222
0 0.678906 0.858333 0.069271 0.281481
