0 0.540885 0.222222 0.031771 0.203704
0 0.313802 0.160185 0.026562 0.098148
0 0.212500 0.164815 0.032292 0.148148
0 0.250521 0.226389 0.032292 0.102778
0 0.435417 0.281019 0.043750 0.226852
0 0.549219 0.341667 0.040104 0.264815
0 0.613542 0.390741 0.055208 0.275926
0 0.501302 0.361574 0.054688 0.310185
0 0.240625 0.272222 0.042708 0.153704
0 0.339583 0.397222 0.045833 0.190741
0 0.245312 0.414815 0.060417 0.196296
0 0.108854 0.385648 0.064583 0.154630
0 0.436719 0.564352 0.078646 0.378704
0 0.283333 0.531019 0.071875 0.275000
0 0.179427 0.559259 0.064062 0.237037
0 0.036198 0.539815 0.065104 0.229630
0 0.513021 0.258796 0.037500 0.239815
0 0.598698 0.306481 0.048438 0.242593
0 0.500000 0.078704 0.017708 0.083333
0 0.473698 0.168981 0.040104 0.173148
0 0.563802 0.378241 0.050521 0.297222
0 0.452083 0.354167 0.051042 0.276852
0 0.457031 0.290741 0.224479 0.144444
0 0.312760 0.274074 0.050521 0.203704
0 0.276302 0.119907 0.020313 0.121296
0 0.322396 0.420370 0.054167 0.161111
0 0.300000 0.175926 0.028125 0.107407
0 0.274740 0.389815 0.047396 0.192593
0 0.567187 0.215278 0.029167 0.176852
0 0.084635 0.306944 0.039062 0.206481
0 0.246094 0.164815 0.028646 0.138889
0 0.522917 0.091667 0.019792 0.120370
0 0.368490 0.557870 0.092188 0.408333
0 0.212500 0.505556 0.059375 0.218519
0 0.104948 0.561111 0.072396 0.225926
0 0.456771 0.776389 0.131250 0.445370
0 0.141927 0.841204 0.152604 0.315741
