0 0.741927 0.105556 0.029687 0.168519
0 0.723958 0.107870 0.026042 0.171296
0 0.681510 0.081481 0.027604 0.153704
0 0.685156 0.113426 0.033854 0.163889
0 0.779427 0.109722 0.031771 0.156481
0 0.757292 0.192593 0.041667 0.255556
0 0.719792 0.204167 0.052083 0.236111
0 0.757812 0.368056 0.060417 0.315741
0 0.623958 0.506019 0.057292 0.395370
0 0.545833 0.591204 0.069792 0.404630
0 0.234375 0.402315 0.023958 0.112037
0 0.109635 0.587963 0.029687 0.122222
0 0.078385 0.553241 0.045312 0.165741
0 0.083594 0.141667 0.023438 0.138889
0 0.703385 0.081019 0.028646 0.134259
0 0.565365 0.738426 0.113021 0.517593
0 0.351302 0.059259 0.032813 0.109259
0 0.522396 0.823611 0.138542 0.350926
