0 0.172656 0.455093 0.148438 0.789815
0 0.357812 0.472222 0.140625 0.774074
0 0.859896 0.796296 0.092708 0.392593
0 0.920312 0.395370 0.135417 0.696296
0 0.860156 0.482407 0.151562 0.750000
0 0.754687 0.635648 0.166667 0.725000
0 0.676823 0.787500 0.194271 0.413889
0 0.696615 0.160185 0.073438 0.320370
0 0.785937 0.148611 0.097917 0.293519
0 0.952604 0.200000 0.093750 0.400000
0 0.565885 0.307407 0.147396 0.603704
0 0.482812 0.532870 0.170833 0.710185
0 0.937500 0.772222 0.125000 0.451852
0 0.064062 0.485648 0.126042 0.728704
