0 0.434896 0.067593 0.008333 0.044444
0 0.415885 0.076389 0.007812 0.047222
0 0.386719 0.140741 0.026562 0.072222
0 0.410938 0.152778 0.031250 0.103704
0 0.410938 0.170833 0.022917 0.147222
0 0.371875 0.194907 0.022917 0.150926
0 0.366927 0.239352 0.042188 0.089815
0 0.363802 0.259722 0.065104 0.147222
0 0.365365 0.297685 0.080729 0.162037
0 0.624740 0.802315 0.155729 0.369444
0 0.577344 0.714815 0.182812 0.353704
0 0.294010 0.533333 0.113021 0.307407
0 0.271615 0.683796 0.117188 0.350926
0 0.223698 0.746759 0.172396 0.400926
0 0.360156 0.162500 0.028646 0.069444
0 0.127865 0.911574 0.111979 0.175000
0 0.628646 0.776389 0.094792 0.445370
0 0.756250 0.856944 0.086458 0.282407
