0 0.409115 0.140278 0.013021 0.063889
0 0.419010 0.159259 0.013021 0.075926
0 0.397135 0.208333 0.017188 0.090741
0 0.398438 0.239352 0.019792 0.087963
0 0.478906 0.140278 0.011979 0.075000
0 0.479687 0.164352 0.014583 0.063889
0 0.526302 0.247222 0.019271 0.105556
0 0.481510 0.261574 0.028646 0.150926
0 0.491927 0.305093 0.027604 0.154630
0 0.508333 0.302315 0.021875 0.158333
0 0.524219 0.341204 0.028646 0.184259
0 0.564063 0.350926 0.031250 0.170370
0 0.448437 0.374537 0.030208 0.186111
0 0.422656 0.380556 0.024479 0.146296
0 0.477865 0.385648 0.043229 0.197222
0 0.533333 0.378241 0.041667 0.204630
0 0.569010 0.423148 0.038021 0.209259
0 0.580208 0.477778 0.040625 0.255556
0 0.498177 0.458796 0.048438 0.212037
0 0.454427 0.476389 0.054688 0.228704
0 0.417969 0.486574 0.039062 0.228704
0 0.509896 0.551389 0.055208 0.297222
0 0.459896 0.556481 0.048958 0.288889
0 0.568750 0.511111 0.053125 0.285185
0 0.496615 0.600926 0.069271 0.320370
0 0.677865 0.721296 0.073438 0.350000
0 0.432292 0.679167 0.075000 0.373148
0 0.387760 0.731944 0.080729 0.410185
0 0.564063 0.795370 0.078125 0.390741
0 0.130729 0.211111 0.022917 0.112963
0 0.612760 0.859259 0.108854 0.279630
0 0.440104 0.324537 0.034375 0.169444
0 0.345573 0.811574 0.104688 0.375000
