0 0.710417 0.519907 0.136458 0.580556
0 0.644792 0.430093 0.098958 0.504630
0 0.631771 0.307870 0.098958 0.415741
0 0.562500 0.307870 0.083333 0.415741
0 0.543490 0.620833 0.116146 0.586111
0 0.498958 0.536111 0.091667 0.548148
0 0.430729 0.227315 0.083333 0.417593
0 0.442448 0.553704 0.064062 0.325926
0 0.367969 0.509722 0.077604 0.278704
0 0.290625 0.433796 0.091667 0.560185
0 0.265625 0.510185 0.143750 0.625926
0 0.281250 0.652315 0.138542 0.693519
0 0.148438 0.683333 0.127083 0.614815
0 0.081250 0.716667 0.089583 0.522222
0 0.392969 0.814352 0.154688 0.369444
