0 0.499219 0.122222 0.007812 0.037037
0 0.534635 0.369444 0.034896 0.183333
0 0.509635 0.387963 0.045312 0.248148
0 0.494010 0.364815 0.028646 0.177778
0 0.464583 0.356481 0.035417 0.174074
0 0.478125 0.376852 0.043750 0.185185
0 0.436719 0.416667 0.054688 0.257407
0 0.533073 0.211574 0.019271 0.100926
0 0.476823 0.210648 0.021354 0.106481
0 0.428646 0.156481 0.010417 0.061111
0 0.396875 0.158333 0.009375 0.064815
0 0.402604 0.154630 0.008333 0.072222
0 0.148438 0.195833 0.019792 0.102778
0 0.137240 0.600000 0.026562 0.103704
0 0.471094 0.551852 0.065104 0.303704
0 0.510677 0.591204 0.063021 0.293519
0 0.512500 0.711574 0.054167 0.139815
0 0.373177 0.766667 0.076563 0.451852
