0 0.775781 0.205556 0.028646 0.144444
0 0.799219 0.189815 0.025521 0.146296
0 0.646354 0.191204 0.045833 0.221296
0 0.684896 0.172685 0.035417 0.213889
0 0.709896 0.230093 0.048958 0.275000
0 0.750000 0.181481 0.038542 0.211111
0 0.790885 0.451852 0.078646 0.374074
0 0.934375 0.481944 0.066667 0.360185
0 0.017448 0.144907 0.026562 0.121296
0 0.485938 0.372685 0.063542 0.284259
0 0.425000 0.376389 0.041667 0.232407
0 0.399219 0.419907 0.054688 0.265741
0 0.732031 0.046296 0.029687 0.090741
0 0.706510 0.053704 0.026562 0.105556
