0 0.372396 0.051852 0.015625 0.070370
0 0.739323 0.075000 0.030729 0.146296
0 0.761198 0.117593 0.033854 0.172222
0 0.719792 0.151852 0.039583 0.166667
0 0.658594 0.132870 0.054688 0.206481
0 0.670052 0.205093 0.051562 0.237963
0 0.685677 0.292593 0.072396 0.288889
0 0.730990 0.274074 0.059896 0.283333
0 0.918490 0.682870 0.069271 0.486111
0 0.731250 0.629167 0.079167 0.425000
0 0.688021 0.680556 0.077083 0.325926
0 0.644792 0.518981 0.077083 0.389815
0 0.372917 0.631944 0.095833 0.421296
0 0.498698 0.745833 0.114062 0.506481
0 0.593229 0.777315 0.098958 0.443519
0 0.884375 0.806481 0.102083 0.381481
0 0.782552 0.797222 0.109896 0.396296
