0 0.227865 0.692130 0.134896 0.365741
0 0.572656 0.657407 0.144271 0.296296
0 0.552604 0.547685 0.125000 0.287963
0 0.297917 0.468981 0.103125 0.254630
0 0.321094 0.424074 0.103646 0.225926
0 0.519531 0.455093 0.063021 0.306481
0 0.519010 0.468519 0.096354 0.212963
0 0.575781 0.480093 0.045312 0.330556
0 0.462500 0.386111 0.059375 0.288889
0 0.402865 0.388426 0.061979 0.291667
0 0.407292 0.215278 0.036458 0.182407
0 0.435677 0.229167 0.031771 0.158333
0 0.490625 0.243519 0.045833 0.172222
0 0.471094 0.202315 0.043229 0.108333
0 0.477083 0.192130 0.017708 0.117593
0 0.463281 0.185185 0.034896 0.092593
0 0.448958 0.185185 0.010417 0.055556
0 0.340885 0.224537 0.025521 0.126852
0 0.357292 0.199074 0.020833 0.161111
0 0.375781 0.196296 0.022396 0.135185
0 0.375000 0.169907 0.018750 0.121296
0 0.389844 0.157870 0.015104 0.080556
0 0.406771 0.135185 0.019792 0.100000
0 0.404427 0.081481 0.020313 0.055556
0 0.458594 0.125463 0.020313 0.095370
0 0.450781 0.117593 0.011979 0.079630
0 0.436979 0.131481 0.019792 0.098148
0 0.430208 0.100000 0.008333 0.044444
0 0.427083 0.086111 0.012500 0.059259
0 0.420312 0.068056 0.007292 0.041667
0 0.413281 0.063889 0.006771 0.038889
0 0.422917 0.060185 0.007292 0.040741
0 0.432552 0.063889 0.008854 0.040741
0 0.438542 0.069907 0.008333 0.043519
0 0.439063 0.080093 0.008333 0.041667
0 0.451823 0.088426 0.016146 0.056481
0 0.451562 0.065741 0.005208 0.029630
0 0.414583 0.056019 0.007292 0.037963
0 0.199219 0.806944 0.153646 0.384259
0 0.618490 0.813426 0.174479 0.371296
