0 0.485677 0.136111 0.009896 0.053704
0 0.511979 0.166667 0.015625 0.066667
0 0.494531 0.171759 0.014063 0.076852
0 0.490104 0.270833 0.019792 0.141667
0 0.399479 0.167130 0.021875 0.100926
0 0.418229 0.203241 0.020833 0.115741
0 0.411979 0.255556 0.016667 0.150000
0 0.547656 0.417593 0.038021 0.235185
0 0.525781 0.658796 0.064062 0.376852
0 0.409375 0.670833 0.066667 0.349074
0 0.581510 0.809722 0.074479 0.391667
0 0.117188 0.166204 0.009375 0.054630
0 0.119792 0.175463 0.021875 0.082407
0 0.516146 0.273148 0.026042 0.137037
0 0.513281 0.424537 0.040104 0.219444
0 0.531771 0.231019 0.016667 0.115741
0 0.476302 0.255556 0.018229 0.114815
0 0.588281 0.669444 0.068229 0.377778
0 0.528646 0.247222 0.018750 0.105556
0 0.460156 0.664815 0.067187 0.368519
0 0.687240 0.724537 0.068229 0.360185
0 0.511979 0.243981 0.021875 0.128704
0 0.442708 0.746296 0.103125 0.422222
0 0.400521 0.173148 0.015625 0.087037
0 0.480208 0.181019 0.017708 0.099074
0 0.416146 0.240278 0.023958 0.141667
0 0.136458 0.155556 0.019792 0.090741
0 0.429427 0.447222 0.036979 0.248148
0 0.433073 0.467593 0.034896 0.222222
0 0.390885 0.448611 0.030729 0.262037
0 0.464583 0.487963 0.050000 0.290741
0 0.460938 0.541667 0.048958 0.327778
0 0.435417 0.563426 0.048958 0.302778
0 0.391927 0.568981 0.051562 0.306481
0 0.361979 0.836574 0.127083 0.325000
0 0.495573 0.824074 0.111979 0.350000
0 0.614844 0.741204 0.067187 0.419444
0 0.616667 0.841204 0.083333 0.315741
0 0.700521 0.831481 0.047917 0.329630
