0 0.148438 0.114815 0.016667 0.048148
0 0.138021 0.192593 0.019792 0.114815
0 0.117969 0.233796 0.025521 0.134259
0 0.147917 0.168519 0.017708 0.092593
0 0.421875 0.153241 0.013542 0.073148
0 0.390625 0.200463 0.014583 0.102778
0 0.486719 0.256944 0.021354 0.097222
0 0.537500 0.298148 0.026042 0.144444
0 0.453385 0.470833 0.039062 0.262037
0 0.515104 0.561111 0.057292 0.337037
0 0.395313 0.516667 0.040625 0.277778
0 0.675781 0.692593 0.079687 0.324074
0 0.462500 0.778241 0.084375 0.269444
0 0.121875 0.573611 0.026042 0.095370
0 0.436719 0.344444 0.045312 0.131481
0 0.490625 0.373611 0.032292 0.202778
0 0.556250 0.500463 0.056250 0.278704
0 0.433073 0.514352 0.044271 0.273148
0 0.600781 0.660648 0.064062 0.378704
0 0.403125 0.191204 0.016667 0.104630
0 0.533854 0.743519 0.086458 0.387037
0 0.503906 0.248611 0.019271 0.125000
0 0.330990 0.738426 0.069271 0.443519
0 0.521094 0.218519 0.023438 0.068519
0 0.515625 0.280556 0.026042 0.140741
0 0.458073 0.353704 0.030729 0.088889
0 0.583333 0.868519 0.131250 0.261111
0 0.276562 0.870833 0.098958 0.256481
0 0.659635 0.860185 0.074479 0.277778
