0 0.477865 0.124537 0.007812 0.045370
0 0.491406 0.117593 0.009896 0.048148
0 0.483854 0.124537 0.010417 0.054630
0 0.504948 0.162500 0.013021 0.063889
0 0.515104 0.167593 0.013542 0.070370
0 0.489844 0.208796 0.027604 0.095370
0 0.487240 0.278241 0.029687 0.126852
0 0.520573 0.280556 0.026562 0.127778
0 0.500260 0.326852 0.025521 0.157407
0 0.543490 0.399074 0.046354 0.222222
0 0.508333 0.405556 0.039583 0.225926
0 0.465365 0.375000 0.046354 0.201852
0 0.429427 0.388426 0.036979 0.139815
0 0.410156 0.442593 0.046354 0.242593
0 0.476562 0.468519 0.051042 0.261111
0 0.446354 0.474537 0.031250 0.184259
0 0.416406 0.175000 0.017188 0.088889
0 0.417969 0.189352 0.016146 0.089815
0 0.397135 0.185185 0.018229 0.092593
0 0.153125 0.149074 0.017708 0.079630
0 0.397135 0.557870 0.073438 0.310185
0 0.428385 0.600000 0.031771 0.164815
0 0.487760 0.621759 0.068229 0.341667
0 0.543750 0.643519 0.069792 0.387037
0 0.615104 0.688426 0.070833 0.404630
0 0.688281 0.715741 0.068229 0.387037
0 0.353385 0.779167 0.075521 0.415741
0 0.142708 0.743981 0.084375 0.421296
0 0.651302 0.846759 0.072396 0.304630
0 0.583594 0.841667 0.079687 0.312963
0 0.543490 0.774537 0.074479 0.445370
0 0.407552 0.780556 0.070312 0.437037
0 0.473438 0.815278 0.094792 0.365741
0 0.442448 0.805093 0.067187 0.387963
0 0.166406 0.848611 0.117188 0.300926
