0 0.572135 0.670370 0.100521 0.261111
0 0.598437 0.768519 0.140625 0.394444
0 0.637760 0.823148 0.117188 0.305556
0 0.590885 0.693981 0.123438 0.356481
0 0.457292 0.149537 0.017708 0.112037
0 0.421875 0.081481 0.010417 0.046296
0 0.432031 0.081481 0.009896 0.053704
0 0.404427 0.092593 0.014063 0.072222
0 0.407552 0.128241 0.017188 0.073148
0 0.403125 0.150000 0.018750 0.081481
0 0.360677 0.207870 0.025521 0.130556
0 0.291667 0.336111 0.033333 0.183333
0 0.270573 0.554167 0.102604 0.284259
0 0.413802 0.064815 0.008854 0.048148
0 0.482031 0.225000 0.034896 0.190741
0 0.420312 0.100000 0.012500 0.070370
0 0.563021 0.479167 0.081250 0.306481
0 0.407552 0.194907 0.026562 0.123148
0 0.530208 0.423611 0.058333 0.367593
0 0.442448 0.135648 0.016146 0.089815
0 0.350260 0.210648 0.029687 0.091667
0 0.472135 0.353241 0.034896 0.199074
0 0.373958 0.263889 0.033333 0.194444
0 0.344792 0.384259 0.072917 0.290741
0 0.922135 0.770833 0.074479 0.421296
0 0.311198 0.473148 0.084896 0.292593
0 0.436719 0.094907 0.011979 0.056481
