0 0.443229 0.075463 0.007292 0.028704
0 0.432552 0.068981 0.007812 0.039815
0 0.428906 0.086111 0.009896 0.061111
0 0.454948 0.106019 0.013021 0.076852
0 0.439323 0.107870 0.019271 0.080556
0 0.419792 0.101389 0.012500 0.075000
0 0.412760 0.111111 0.008854 0.055556
0 0.393750 0.122222 0.012500 0.079630
0 0.408854 0.174537 0.021875 0.128704
0 0.400781 0.176852 0.018229 0.146296
0 0.374740 0.175926 0.015104 0.137037
0 0.355729 0.163426 0.021875 0.134259
0 0.394792 0.216667 0.026042 0.172222
0 0.363542 0.197222 0.028125 0.151852
0 0.355990 0.231019 0.034896 0.123148
0 0.337240 0.267593 0.036979 0.200000
0 0.381510 0.292130 0.045312 0.206481
0 0.434896 0.165741 0.023958 0.109259
0 0.438542 0.204630 0.035417 0.150000
0 0.463802 0.198611 0.018229 0.134259
0 0.474219 0.212963 0.034896 0.168519
0 0.436979 0.312500 0.034375 0.136111
0 0.529427 0.307407 0.026562 0.190741
0 0.529427 0.451852 0.036979 0.298148
0 0.270313 0.506944 0.073958 0.276852
0 0.300000 0.349074 0.037500 0.244444
0 0.383073 0.476389 0.069271 0.352778
0 0.363281 0.621296 0.045312 0.292593
0 0.403906 0.596296 0.073438 0.422222
0 0.330729 0.612500 0.076042 0.456481
0 0.254688 0.651389 0.085417 0.475000
0 0.561198 0.505556 0.063021 0.377778
0 0.457813 0.509259 0.052083 0.412963
0 0.513802 0.565278 0.108854 0.447222
0 0.470573 0.609722 0.074479 0.425000
0 0.569271 0.643519 0.112500 0.350000
0 0.551823 0.651852 0.050521 0.240741
0 0.605208 0.764352 0.162500 0.391667
0 0.619531 0.763889 0.107813 0.468519
0 0.055469 0.788889 0.109896 0.420370
