0 0.371094 0.143056 0.009896 0.067593
0 0.395313 0.135648 0.018750 0.062037
0 0.402344 0.090741 0.009896 0.050000
0 0.421875 0.081944 0.012500 0.054630
0 0.416146 0.090278 0.012500 0.054630
0 0.429427 0.064352 0.009896 0.037963
0 0.424740 0.136111 0.017188 0.087037
0 0.443750 0.083796 0.012500 0.056481
0 0.473438 0.156481 0.021875 0.109259
0 0.454167 0.152315 0.017708 0.121296
0 0.432812 0.162963 0.027083 0.125926
0 0.378385 0.138889 0.017188 0.094444
0 0.359375 0.190278 0.039583 0.106481
0 0.350000 0.225463 0.050000 0.123148
0 0.408854 0.139815 0.022917 0.111111
0 0.515104 0.451852 0.130208 0.229630
0 0.488542 0.431019 0.058333 0.323148
0 0.560156 0.600926 0.070312 0.422222
0 0.633594 0.804167 0.113021 0.339815
0 0.302344 0.476852 0.121354 0.261111
0 0.251823 0.635648 0.136979 0.317593
0 0.157292 0.743519 0.101042 0.511111
