0 0.365104 0.049537 0.020833 0.075000
0 0.527083 0.046296 0.014583 0.046296
0 0.500260 0.048611 0.018229 0.043519
0 0.457292 0.040741 0.015625 0.051852
0 0.508333 0.074074 0.017708 0.081481
0 0.290365 0.147222 0.030729 0.050000
0 0.308854 0.148611 0.020833 0.050926
0 0.320833 0.118981 0.021875 0.063889
0 0.335938 0.148611 0.028125 0.050926
0 0.400260 0.154630 0.022396 0.050000
0 0.361458 0.150463 0.025000 0.050926
0 0.398958 0.103704 0.018750 0.038889
0 0.430208 0.101852 0.026042 0.085185
0 0.517448 0.126389 0.028646 0.136111
0 0.492969 0.149537 0.029687 0.154630
0 0.589583 0.121296 0.028125 0.090741
0 0.528125 0.241204 0.026042 0.187963
0 0.563281 0.172222 0.028646 0.094444
0 0.466927 0.173611 0.040104 0.121296
0 0.449479 0.194907 0.037500 0.097222
0 0.240885 0.161111 0.035937 0.129630
0 0.427604 0.235185 0.051042 0.137037
0 0.385677 0.233796 0.040104 0.056481
0 0.191146 0.253704 0.044792 0.103704
0 0.320312 0.219444 0.072917 0.083333
0 0.264062 0.225000 0.034375 0.081481
0 0.243490 0.258333 0.049479 0.138889
0 0.320312 0.281944 0.041667 0.119444
0 0.541927 0.305556 0.034896 0.261111
0 0.615885 0.385648 0.031771 0.308333
0 0.563542 0.381481 0.044792 0.327778
0 0.481771 0.258333 0.035417 0.124074
0 0.472917 0.373148 0.060417 0.275926
0 0.386458 0.378704 0.056250 0.274074
0 0.410677 0.535648 0.067187 0.382407
0 0.323177 0.448611 0.060937 0.195370
0 0.250260 0.383796 0.059896 0.123148
0 0.201823 0.340741 0.061979 0.112963
0 0.113281 0.236574 0.039062 0.160185
0 0.113802 0.332407 0.045312 0.109259
0 0.575260 0.544907 0.060937 0.349074
0 0.489323 0.525000 0.072396 0.390741
0 0.435417 0.679167 0.098958 0.425000
0 0.282813 0.475000 0.058333 0.172222
0 0.266406 0.592593 0.064062 0.296296
0 0.215104 0.643519 0.103125 0.444444
0 0.102344 0.575000 0.075521 0.253704
0 0.031771 0.435648 0.054167 0.119444
0 0.322396 0.789815 0.086458 0.418519
0 0.067448 0.786111 0.110937 0.425926
0 0.261458 0.832870 0.125000 0.332407
