0 0.038802 0.129167 0.019271 0.119444
0 0.054948 0.150463 0.043229 0.167593
0 0.332031 0.081481 0.026562 0.112963
0 0.703906 0.125463 0.039062 0.182407
0 0.757031 0.094907 0.023438 0.143519
0 0.744271 0.095833 0.018750 0.104630
0 0.728646 0.169444 0.033333 0.207407
0 0.691406 0.202315 0.043229 0.213889
0 0.786198 0.190278 0.043229 0.217593
0 0.702083 0.290741 0.065625 0.285185
0 0.691146 0.079630 0.023958 0.148148
0 0.770052 0.087500 0.022396 0.139815
0 0.753385 0.219907 0.041146 0.237963
0 0.759115 0.275000 0.050521 0.261111
0 0.654948 0.389815 0.049479 0.253704
0 0.625781 0.350463 0.041146 0.319444
