0 0.421615 0.065278 0.013021 0.056481
0 0.412500 0.075000 0.011458 0.055556
0 0.420833 0.073148 0.010417 0.050000
0 0.422656 0.083333 0.010937 0.044444
0 0.436719 0.082407 0.014063 0.059259
0 0.448437 0.080093 0.012500 0.060185
0 0.384115 0.130093 0.013021 0.065741
0 0.419531 0.130093 0.020313 0.095370
0 0.403125 0.153241 0.021875 0.126852
0 0.437240 0.117130 0.014063 0.080556
0 0.442969 0.128241 0.014063 0.099074
0 0.459635 0.115278 0.014063 0.084259
0 0.463542 0.125926 0.018750 0.096296
0 0.436198 0.158796 0.026562 0.130556
0 0.432552 0.184259 0.026562 0.116667
0 0.382552 0.177315 0.019271 0.147222
0 0.391146 0.206481 0.029167 0.105556
0 0.366406 0.207870 0.038021 0.112037
0 0.358073 0.229630 0.046354 0.107407
0 0.348958 0.246296 0.057292 0.118519
0 0.347656 0.278704 0.058854 0.144444
0 0.422135 0.270370 0.044271 0.207407
0 0.438542 0.297685 0.040625 0.193519
0 0.474740 0.280556 0.045312 0.227778
0 0.376823 0.381481 0.061979 0.307407
0 0.284115 0.397685 0.054688 0.339815
0 0.298438 0.467593 0.125000 0.288889
0 0.279427 0.533796 0.127604 0.336111
0 0.244792 0.637500 0.151042 0.378704
0 0.219792 0.731019 0.160417 0.362037
0 0.528906 0.420370 0.059896 0.359259
0 0.555729 0.531944 0.107292 0.202778
0 0.563542 0.603241 0.153125 0.291667
0 0.630729 0.594444 0.081250 0.398148
0 0.580729 0.691667 0.179167 0.318519
0 0.615625 0.787037 0.142708 0.424074
0 0.232031 0.803241 0.124479 0.391667
