0 0.601562 0.780556 0.184375 0.375926
0 0.583854 0.606019 0.098958 0.297222
0 0.554948 0.659722 0.075521 0.367593
0 0.508594 0.607407 0.073438 0.494444
0 0.581771 0.492130 0.025000 0.200926
0 0.517448 0.417593 0.047396 0.300000
0 0.417448 0.500000 0.081771 0.444444
0 0.268490 0.586111 0.089063 0.322222
0 0.281771 0.550000 0.126042 0.311111
0 0.276562 0.493981 0.086458 0.275000
0 0.363021 0.288889 0.084375 0.166667
0 0.352604 0.226852 0.032292 0.114815
0 0.350781 0.192593 0.017188 0.111111
0 0.371615 0.208333 0.031771 0.144444
0 0.392448 0.267130 0.035937 0.078704
0 0.432812 0.218056 0.020833 0.132407
0 0.389323 0.181944 0.017188 0.091667
0 0.461198 0.170370 0.018229 0.105556
0 0.421094 0.162037 0.026562 0.124074
0 0.459635 0.130556 0.018229 0.105556
0 0.432031 0.125926 0.022396 0.098148
0 0.389844 0.143056 0.029687 0.060185
0 0.407552 0.107870 0.011979 0.067593
0 0.412500 0.131019 0.018750 0.086111
0 0.419531 0.077778 0.009896 0.055556
0 0.616927 0.820370 0.106771 0.357407
0 0.161979 0.681019 0.076042 0.543519
