0 0.529427 0.167593 0.013021 0.074074
0 0.511458 0.270833 0.020833 0.123148
0 0.527604 0.288889 0.029167 0.157407
0 0.481510 0.287037 0.026562 0.159259
0 0.109115 0.535185 0.021354 0.094444
0 0.458854 0.334259 0.038542 0.179630
0 0.536719 0.397685 0.057813 0.208333
0 0.173958 0.545833 0.010417 0.069444
0 0.133594 0.158796 0.014063 0.082407
0 0.155990 0.195370 0.014063 0.103704
0 0.395313 0.135185 0.009375 0.057407
0 0.391406 0.183333 0.016146 0.090741
0 0.407552 0.266204 0.030729 0.117593
0 0.475521 0.173611 0.010417 0.080556
0 0.489844 0.166204 0.013021 0.071296
0 0.485677 0.143056 0.014063 0.065741
0 0.520833 0.222222 0.019792 0.109259
0 0.142708 0.156944 0.012500 0.089815
0 0.511458 0.683796 0.040625 0.180556
0 0.494271 0.491204 0.038542 0.247222
0 0.424740 0.149537 0.013021 0.069444
0 0.416146 0.148611 0.013542 0.071296
0 0.543229 0.659722 0.069792 0.328704
0 0.421094 0.191204 0.017188 0.104630
0 0.478646 0.143981 0.008333 0.052778
0 0.542969 0.237500 0.010937 0.102778
0 0.495312 0.151852 0.008333 0.059259
0 0.216667 0.562963 0.058333 0.301852
0 0.500781 0.239352 0.019271 0.115741
0 0.471875 0.600926 0.065625 0.287037
0 0.460156 0.808333 0.078646 0.381481
