0 0.361458 0.414815 0.015625 0.098148
0 0.235417 0.389815 0.018750 0.098148
0 0.034115 0.156944 0.020313 0.130556
0 0.076563 0.135185 0.027083 0.148148
0 0.428906 0.416204 0.071354 0.336111
0 0.711719 0.156944 0.040104 0.186111
0 0.782813 0.167130 0.043750 0.202778
0 0.722917 0.181481 0.050000 0.238889
0 0.645833 0.200926 0.052083 0.246296
0 0.796615 0.333796 0.063021 0.349074
0 0.747656 0.171759 0.040104 0.215741
0 0.683073 0.183796 0.039062 0.200926
0 0.668229 0.275000 0.050000 0.250000
0 0.729427 0.362500 0.065104 0.341667
0 0.776302 0.098148 0.030729 0.155556
0 0.354427 0.036574 0.024479 0.071296
0 0.722656 0.052778 0.032813 0.103704
0 0.427865 0.053704 0.032813 0.101852
0 0.882552 0.762037 0.106771 0.474074
0 0.757552 0.826389 0.149479 0.345370
