0 0.589844 0.236111 0.024479 0.166667
0 0.558333 0.256019 0.043750 0.217593
0 0.614062 0.334259 0.041667 0.244444
0 0.598177 0.235185 0.040104 0.172222
0 0.514323 0.097222 0.019271 0.112963
0 0.561458 0.080556 0.015625 0.103704
0 0.533073 0.056944 0.019271 0.100926
0 0.484896 0.137037 0.029167 0.142593
0 0.423958 0.137037 0.037500 0.131481
0 0.306771 0.148611 0.031250 0.091667
0 0.210677 0.177778 0.047396 0.162963
0 0.254948 0.173148 0.028646 0.159259
0 0.360677 0.175463 0.035937 0.110185
0 0.274479 0.210185 0.030208 0.133333
0 0.202344 0.289815 0.042188 0.142593
0 0.283073 0.306019 0.039062 0.130556
0 0.339323 0.416667 0.066146 0.237037
0 0.263021 0.437963 0.053125 0.179630
0 0.205208 0.409259 0.056250 0.231481
0 0.101302 0.383333 0.046354 0.185185
0 0.057552 0.289815 0.068229 0.190741
0 0.247396 0.616204 0.094792 0.291667
0 0.129688 0.831019 0.134375 0.334259
0 0.588802 0.199074 0.036979 0.196296
0 0.525521 0.325463 0.052083 0.278704
0 0.217448 0.187963 0.024479 0.151852
0 0.288021 0.181019 0.041667 0.113889
0 0.551042 0.453704 0.051042 0.333333
0 0.433333 0.185185 0.028125 0.109259
0 0.503906 0.110185 0.021354 0.122222
0 0.322656 0.223148 0.041146 0.109259
0 0.256250 0.213889 0.043750 0.109259
0 0.535156 0.565741 0.077604 0.438889
0 0.253646 0.283796 0.048958 0.147222
0 0.473958 0.064352 0.021875 0.093519
0 0.495573 0.058796 0.017188 0.093519
0 0.325521 0.455093 0.068750 0.249074
0 0.453906 0.163426 0.032813 0.165741
0 0.162760 0.313889 0.057813 0.235185
0 0.466927 0.316204 0.050521 0.280556
0 0.181250 0.424074 0.055208 0.198148
0 0.392448 0.141204 0.022396 0.125000
0 0.060677 0.394444 0.051562 0.159259
0 0.548438 0.076852 0.015625 0.103704
0 0.060937 0.300000 0.047917 0.242593
0 0.160677 0.606944 0.070312 0.219444
0 0.421094 0.308796 0.064062 0.282407
0 0.175521 0.793981 0.100000 0.347222
0 0.275521 0.112963 0.021875 0.118519
0 0.302604 0.792130 0.085417 0.412037
0 0.367708 0.791667 0.085417 0.414815
0 0.610938 0.740741 0.135417 0.516667
