0 0.059115 0.535648 0.033854 0.106481
0 0.095833 0.546759 0.031250 0.126852
0 0.057552 0.149537 0.032813 0.145370
0 0.735677 0.064815 0.025521 0.125926
0 0.698177 0.070370 0.022396 0.137037
0 0.774219 0.108333 0.044271 0.159259
0 0.653125 0.131019 0.035417 0.175000
0 0.678646 0.199537 0.044792 0.267593
0 0.647656 0.157407 0.040104 0.170370
0 0.771354 0.252778 0.045833 0.248148
0 0.651823 0.301852 0.057813 0.220370
0 0.666406 0.471759 0.075521 0.371296
0 0.663542 0.619444 0.073958 0.453704
0 0.609115 0.734722 0.081771 0.506481
0 0.024740 0.735648 0.035937 0.139815
0 0.228385 0.378704 0.024479 0.118519
0 0.694531 0.167130 0.031771 0.221296
0 0.285938 0.556019 0.084375 0.400926
0 0.700260 0.178704 0.031771 0.212963
0 0.654948 0.220370 0.047396 0.220370
0 0.311719 0.463889 0.039062 0.187037
0 0.735417 0.272685 0.048958 0.289815
0 0.750521 0.084259 0.030208 0.148148
0 0.797656 0.456019 0.100521 0.408333
0 0.439844 0.458796 0.066146 0.371296
0 0.587500 0.564352 0.092708 0.393519
0 0.700781 0.086574 0.034896 0.143519
0 0.799479 0.557870 0.094792 0.437963
0 0.347135 0.625926 0.094271 0.427778
0 0.538802 0.770833 0.078646 0.367593
0 0.728906 0.155093 0.044271 0.202778
0 0.791146 0.742593 0.127083 0.512963
