0 0.481250 0.287963 0.025000 0.114815
0 0.494271 0.302315 0.043750 0.104630
0 0.480729 0.209722 0.021875 0.137963
0 0.467448 0.197685 0.055729 0.095370
0 0.474479 0.152778 0.018750 0.090741
0 0.458594 0.098611 0.005729 0.043519
0 0.447656 0.087037 0.007812 0.057407
0 0.443490 0.097685 0.014063 0.076852
0 0.436719 0.112037 0.008854 0.055556
0 0.428906 0.062963 0.007812 0.038889
0 0.421875 0.112963 0.017708 0.090741
0 0.419271 0.056944 0.008333 0.037963
0 0.411719 0.072222 0.006771 0.046296
0 0.404167 0.134722 0.013542 0.058333
0 0.404167 0.184722 0.018750 0.134259
0 0.396094 0.188889 0.025521 0.172222
0 0.380729 0.189352 0.025000 0.162037
0 0.363802 0.205093 0.024479 0.160185
0 0.356510 0.249537 0.051562 0.110185
0 0.340365 0.204167 0.017188 0.167593
0 0.590104 0.768056 0.198958 0.371296
0 0.544010 0.646759 0.143229 0.280556
0 0.535937 0.706944 0.075000 0.225000
0 0.572656 0.525463 0.083854 0.226852
0 0.534375 0.468056 0.095833 0.221296
0 0.318229 0.416204 0.086458 0.230556
0 0.289323 0.469444 0.089063 0.261111
0 0.237240 0.683796 0.144271 0.349074
0 0.601823 0.847685 0.078646 0.302778
0 0.633854 0.870833 0.219792 0.256481
0 0.647917 0.898611 0.092708 0.195370
