0 0.602604 0.679167 0.139583 0.539815
0 0.514583 0.450926 0.128125 0.233333
0 0.483594 0.439815 0.065104 0.338889
0 0.402083 0.088426 0.013542 0.032407
0 0.396094 0.104630 0.016146 0.055556
0 0.394271 0.132870 0.020833 0.054630
0 0.379688 0.153704 0.018750 0.105556
0 0.386458 0.147222 0.036458 0.075926
0 0.358854 0.190741 0.035417 0.107407
0 0.423698 0.103241 0.011979 0.071296
0 0.430469 0.103241 0.015104 0.071296
0 0.463021 0.162500 0.021875 0.078704
0 0.472656 0.161111 0.023438 0.124074
0 0.434635 0.150000 0.025521 0.103704
0 0.435156 0.238426 0.039062 0.171296
0 0.356510 0.315741 0.047396 0.242593
0 0.290625 0.470370 0.092708 0.261111
0 0.248177 0.646296 0.118229 0.318519
0 0.171875 0.839352 0.176042 0.319444
