0 0.006510 0.528241 0.011979 0.100926
0 0.327865 0.774074 0.063021 0.401852
0 0.683333 0.720833 0.098958 0.410185
0 0.180729 0.224537 0.031250 0.137963
0 0.153385 0.165278 0.013021 0.097222
0 0.137240 0.160185 0.018229 0.100000
0 0.241667 0.140278 0.008333 0.065741
0 0.285417 0.232870 0.015625 0.123148
0 0.218750 0.227315 0.029167 0.132407
0 0.401823 0.143519 0.011979 0.059259
0 0.428906 0.152315 0.006771 0.065741
0 0.412760 0.200926 0.019271 0.096296
0 0.398698 0.177778 0.015104 0.079630
0 0.419531 0.188889 0.013021 0.096296
0 0.403125 0.204167 0.025000 0.093519
0 0.493750 0.150926 0.012500 0.070370
0 0.478385 0.141667 0.010937 0.061111
0 0.484375 0.191204 0.020833 0.095370
0 0.515365 0.166667 0.013021 0.070370
0 0.500000 0.197222 0.016667 0.088889
0 0.446875 0.320833 0.028125 0.167593
0 0.425521 0.334722 0.031250 0.178704
0 0.441927 0.367130 0.023438 0.136111
0 0.485156 0.337963 0.028646 0.166667
0 0.475781 0.387963 0.038021 0.212963
0 0.545833 0.399537 0.043750 0.195370
0 0.519531 0.369907 0.039062 0.200926
0 0.547135 0.607407 0.063021 0.375926
0 0.483073 0.637500 0.063021 0.415741
0 0.419271 0.748148 0.087500 0.464815
0 0.587760 0.790278 0.072396 0.415741
0 0.511719 0.738889 0.074479 0.450000
0 0.112760 0.520833 0.014063 0.076852
0 0.492188 0.121759 0.009375 0.049074
0 0.073698 0.775463 0.076563 0.447222
0 0.102083 0.803241 0.101042 0.391667
0 0.417708 0.810185 0.102083 0.375926
