0 0.353385 0.719444 0.109896 0.538889
0 0.442708 0.718056 0.093750 0.491667
0 0.493750 0.602315 0.084375 0.395370
0 0.507292 0.323611 0.039583 0.187963
0 0.449479 0.206019 0.021875 0.121296
0 0.467969 0.225000 0.022396 0.087037
0 0.460677 0.199537 0.013021 0.097222
0 0.469010 0.194444 0.017188 0.107407
0 0.481510 0.199074 0.017188 0.112963
0 0.484896 0.240278 0.025000 0.141667
0 0.505208 0.231019 0.023958 0.130556
0 0.512500 0.222222 0.018750 0.105556
0 0.480990 0.171296 0.014063 0.081481
0 0.472656 0.127778 0.004687 0.027778
0 0.464583 0.137037 0.007292 0.046296
0 0.480990 0.126852 0.005729 0.038889
0 0.490625 0.127778 0.005208 0.038889
0 0.496094 0.132870 0.006771 0.043519
