0 0.588802 0.734259 0.198437 0.331481
0 0.414583 0.059259 0.008333 0.046296
0 0.554948 0.588426 0.136979 0.282407
0 0.517708 0.422222 0.098958 0.201852
0 0.282292 0.500000 0.085417 0.274074
0 0.560937 0.602315 0.144792 0.234259
0 0.360677 0.251389 0.055729 0.136111
0 0.439063 0.182870 0.027083 0.137963
0 0.453906 0.084722 0.014063 0.041667
0 0.389583 0.150463 0.016667 0.113889
0 0.398438 0.143056 0.021875 0.071296
0 0.408333 0.079167 0.013542 0.041667
0 0.424219 0.074537 0.013021 0.062037
0 0.444792 0.069444 0.012500 0.050000
0 0.451562 0.145370 0.019792 0.100000
0 0.415365 0.149074 0.034896 0.105556
0 0.374219 0.135648 0.018229 0.112037
0 0.439063 0.119444 0.014583 0.081481
0 0.477083 0.191204 0.033333 0.099074
0 0.431250 0.098611 0.012500 0.067593
