0 0.679948 0.444907 0.076563 0.428704
0 0.673177 0.074537 0.026562 0.149074
0 0.675000 0.284722 0.053125 0.278704
0 0.733854 0.475463 0.089583 0.345370
0 0.798438 0.696759 0.095833 0.515741
0 0.648698 0.545370 0.075521 0.459259
0 0.236198 0.472222 0.029687 0.112963
0 0.815885 0.777778 0.120313 0.442593
0 0.705990 0.753704 0.107813 0.490741
0 0.583333 0.766204 0.138542 0.465741
0 0.772135 0.068519 0.025521 0.137037
0 0.746094 0.074537 0.029687 0.149074
0 0.724219 0.077778 0.026562 0.155556
0 0.708594 0.069907 0.029687 0.132407
