0 0.581250 0.730556 0.187500 0.335185
0 0.569792 0.630556 0.143750 0.279630
0 0.552083 0.468519 0.050000 0.342593
0 0.511719 0.441204 0.042188 0.321296
0 0.417448 0.269444 0.051562 0.229630
0 0.516406 0.517593 0.061979 0.364815
0 0.249740 0.680556 0.153646 0.314815
0 0.364063 0.255093 0.057292 0.136111
0 0.357031 0.226389 0.042188 0.130556
0 0.365104 0.192593 0.032292 0.112963
0 0.467969 0.204167 0.040104 0.089815
0 0.435417 0.186574 0.017708 0.112037
0 0.380208 0.182407 0.020833 0.114815
0 0.398438 0.159259 0.023958 0.120370
0 0.460156 0.131019 0.021354 0.056481
0 0.446875 0.132870 0.014583 0.067593
0 0.435417 0.116204 0.013542 0.071296
0 0.422917 0.123611 0.019792 0.100926
0 0.433073 0.074537 0.008854 0.049074
0 0.427865 0.073148 0.006771 0.044444
0 0.451562 0.078704 0.007292 0.040741
0 0.441927 0.077778 0.009896 0.044444
0 0.614062 0.832870 0.098958 0.332407
0 0.687500 0.854167 0.093750 0.284259
