0 0.502604 0.176852 0.013542 0.055556
0 0.478385 0.168056 0.009896 0.078704
0 0.139063 0.163426 0.017708 0.099074
0 0.522656 0.149537 0.010937 0.034259
0 0.402865 0.461574 0.051562 0.250926
0 0.129948 0.627778 0.019271 0.114815
0 0.479167 0.257870 0.028125 0.143519
0 0.555729 0.748611 0.092708 0.365741
0 0.496094 0.382870 0.046354 0.189815
0 0.519792 0.344907 0.031250 0.171296
0 0.471875 0.264815 0.014583 0.109259
0 0.547135 0.335648 0.042188 0.193519
0 0.458073 0.468056 0.040104 0.250926
0 0.494271 0.170370 0.017708 0.062963
0 0.122396 0.162500 0.014583 0.097222
0 0.508333 0.234259 0.019792 0.088889
0 0.447396 0.326852 0.031250 0.166667
0 0.491406 0.154167 0.016146 0.060185
0 0.406510 0.157407 0.017188 0.068519
0 0.378906 0.843519 0.111979 0.312963
0 0.274479 0.825926 0.095833 0.346296
