0 0.403385 0.112500 0.011979 0.063889
0 0.404687 0.084722 0.011458 0.063889
0 0.444531 0.072222 0.010937 0.059259
0 0.448698 0.087037 0.009896 0.053704
0 0.441667 0.118056 0.011458 0.091667
0 0.426823 0.118519 0.011979 0.081481
0 0.463542 0.131481 0.013542 0.092593
0 0.480990 0.170833 0.016146 0.099074
0 0.449740 0.145370 0.017188 0.103704
0 0.432812 0.145370 0.013542 0.088889
0 0.419010 0.146296 0.019271 0.098148
0 0.373958 0.142593 0.017708 0.087037
0 0.392188 0.135185 0.016667 0.092593
0 0.402865 0.210185 0.023438 0.140741
0 0.385156 0.198611 0.016146 0.141667
0 0.345573 0.176852 0.013021 0.125926
0 0.354167 0.185185 0.015625 0.127778
0 0.366406 0.212500 0.027604 0.150926
0 0.362500 0.268981 0.058333 0.143519
0 0.352604 0.281481 0.062500 0.151852
0 0.532552 0.461111 0.115104 0.224074
0 0.573958 0.452315 0.051042 0.336111
0 0.572656 0.559722 0.107813 0.265741
0 0.558073 0.604167 0.155729 0.275000
0 0.629687 0.817130 0.168750 0.354630
0 0.411719 0.381944 0.072396 0.343519
0 0.316146 0.453704 0.096875 0.238889
0 0.292708 0.510648 0.094792 0.265741
0 0.217188 0.717130 0.179167 0.352778
0 0.642188 0.867593 0.215625 0.262963
0 0.198437 0.715741 0.105208 0.559259
0 0.348177 0.766204 0.115104 0.465741
0 0.223698 0.856019 0.198437 0.286111
0 0.100260 0.782870 0.125521 0.426852
