0 0.141146 0.206944 0.021875 0.128704
0 0.495312 0.129167 0.010417 0.050926
0 0.493229 0.186574 0.015625 0.100926
0 0.512500 0.240278 0.017708 0.110185
0 0.420052 0.387500 0.042188 0.212037
0 0.516927 0.453704 0.051562 0.231481
0 0.478125 0.694907 0.060417 0.367593
0 0.507292 0.662500 0.044792 0.202778
0 0.689844 0.733333 0.065104 0.383333
0 0.476562 0.338889 0.035417 0.168519
0 0.477344 0.425463 0.053646 0.239815
0 0.534635 0.225926 0.025521 0.105556
0 0.406510 0.717130 0.082812 0.402778
0 0.528906 0.775926 0.084896 0.435185
0 0.625000 0.699537 0.082292 0.362037
0 0.533594 0.244444 0.017188 0.107407
0 0.478385 0.250926 0.024479 0.140741
0 0.492969 0.256944 0.020313 0.128704
0 0.403906 0.154167 0.013021 0.073148
0 0.658073 0.842593 0.082812 0.311111
