0 0.390104 0.150000 0.021875 0.127778
0 0.419010 0.148148 0.020313 0.105556
0 0.371875 0.175926 0.032292 0.085185
0 0.360156 0.280556 0.071354 0.159259
0 0.288021 0.554630 0.139583 0.320370
0 0.502083 0.402778 0.053125 0.320370
0 0.569271 0.432407 0.047917 0.242593
0 0.537240 0.648611 0.076563 0.515741
0 0.593490 0.622222 0.122396 0.300000
0 0.449219 0.170370 0.043229 0.124074
0 0.434896 0.119444 0.016667 0.096296
0 0.361458 0.187500 0.037500 0.110185
0 0.315885 0.479167 0.120313 0.278704
0 0.418750 0.603241 0.086458 0.439815
0 0.380469 0.136111 0.013021 0.107407
0 0.540625 0.429630 0.044792 0.309259
0 0.565365 0.563889 0.072396 0.238889
0 0.406510 0.151389 0.021354 0.125000
0 0.165365 0.843056 0.193229 0.312037
