0 0.396875 0.106481 0.018750 0.053704
0 0.450521 0.073148 0.004167 0.029630
0 0.412500 0.060648 0.005208 0.037963
0 0.422135 0.093056 0.010937 0.069444
0 0.394271 0.132407 0.020833 0.061111
0 0.383854 0.151389 0.012500 0.112037
0 0.384896 0.143519 0.034375 0.085185
0 0.384115 0.158796 0.022396 0.117593
0 0.365104 0.192130 0.047917 0.108333
0 0.351823 0.227315 0.032813 0.113889
0 0.465625 0.160185 0.027083 0.083333
0 0.498177 0.210648 0.029687 0.160185
0 0.427344 0.250926 0.039062 0.194444
0 0.459896 0.391667 0.081250 0.307407
0 0.472135 0.426852 0.041146 0.320370
0 0.564063 0.666667 0.094792 0.466667
0 0.261458 0.648148 0.142708 0.327778
0 0.244792 0.703241 0.176042 0.358333
0 0.176302 0.844907 0.201563 0.308333
