0 0.117188 0.191204 0.009375 0.100926
0 0.419271 0.128241 0.009375 0.041667
0 0.420833 0.182407 0.014583 0.088889
0 0.402865 0.151852 0.009896 0.059259
0 0.392188 0.155556 0.007292 0.046296
0 0.394792 0.225926 0.019792 0.103704
0 0.395573 0.244907 0.010937 0.082407
0 0.504427 0.125926 0.007812 0.046296
0 0.501302 0.152315 0.011979 0.054630
0 0.522656 0.187037 0.020313 0.061111
0 0.502865 0.174074 0.008854 0.055556
0 0.492448 0.188889 0.015104 0.085185
0 0.526042 0.298611 0.023958 0.136111
0 0.545312 0.309259 0.023958 0.150000
0 0.525000 0.343519 0.037500 0.164815
0 0.475521 0.281019 0.020833 0.121296
0 0.563021 0.390278 0.044792 0.184259
0 0.515104 0.437037 0.039583 0.201852
0 0.569792 0.485185 0.053125 0.237037
0 0.548438 0.681019 0.080208 0.413889
0 0.472396 0.502315 0.046875 0.263889
0 0.461719 0.686111 0.091146 0.361111
0 0.433333 0.329167 0.046875 0.136111
0 0.432552 0.442593 0.040104 0.229630
0 0.392708 0.556944 0.047917 0.326852
0 0.531771 0.165278 0.009375 0.062037
0 0.409375 0.163889 0.011458 0.077778
0 0.532292 0.236111 0.017708 0.079630
0 0.120573 0.161574 0.010937 0.084259
0 0.513802 0.173611 0.013021 0.076852
0 0.398177 0.156944 0.006771 0.047222
0 0.478646 0.179630 0.012500 0.072222
0 0.148177 0.150000 0.009896 0.074074
0 0.476042 0.201852 0.013542 0.092593
0 0.556250 0.301389 0.022917 0.141667
0 0.408073 0.247222 0.011979 0.074074
0 0.509375 0.342130 0.023958 0.143519
0 0.138021 0.168056 0.017708 0.086111
0 0.500781 0.279167 0.028646 0.130556
0 0.468229 0.321759 0.027083 0.150926
0 0.533594 0.410648 0.021354 0.125000
0 0.483594 0.418519 0.047396 0.214815
0 0.131250 0.148148 0.012500 0.072222
0 0.538021 0.508796 0.023958 0.162037
0 0.427344 0.125000 0.009896 0.057407
0 0.509115 0.572685 0.048438 0.282407
0 0.485156 0.139352 0.007812 0.037963
0 0.449740 0.554630 0.054688 0.322222
0 0.239844 0.135185 0.008854 0.044444
0 0.449740 0.295370 0.023438 0.142593
0 0.488281 0.121759 0.007812 0.043519
0 0.415625 0.162037 0.014583 0.079630
0 0.401302 0.412500 0.046354 0.247222
0 0.477344 0.134259 0.008854 0.059259
0 0.397135 0.632870 0.047396 0.365741
