0 0.407813 0.154167 0.010417 0.071296
0 0.133594 0.154167 0.015104 0.097222
0 0.145052 0.200463 0.017188 0.115741
0 0.390104 0.151852 0.007292 0.066667
0 0.109896 0.543519 0.020833 0.112963
0 0.421094 0.152315 0.011979 0.080556
0 0.397135 0.217593 0.027604 0.107407
0 0.398438 0.157407 0.014583 0.072222
0 0.689063 0.720370 0.089583 0.366667
0 0.470833 0.328704 0.025000 0.174074
0 0.477604 0.166667 0.014583 0.085185
0 0.538542 0.280556 0.023958 0.127778
0 0.443229 0.304167 0.035417 0.193519
0 0.533854 0.476389 0.054167 0.289815
0 0.498958 0.327778 0.043750 0.183333
0 0.114583 0.153704 0.014583 0.081481
0 0.499740 0.489352 0.057813 0.269444
0 0.496875 0.190741 0.018750 0.081481
