0 0.233854 0.142130 0.009375 0.060185
0 0.145313 0.209722 0.021875 0.099074
0 0.246875 0.223148 0.025000 0.127778
0 0.258333 0.273611 0.031250 0.084259
0 0.392708 0.160648 0.010417 0.060185
0 0.401042 0.162500 0.010417 0.062037
0 0.406250 0.154630 0.012500 0.075926
0 0.425260 0.168519 0.011979 0.079630
0 0.417448 0.164352 0.010937 0.086111
0 0.421354 0.219444 0.002083 0.000000
0 0.390625 0.263889 0.014583 0.111111
0 0.490625 0.144907 0.009375 0.049074
0 0.479948 0.148611 0.010937 0.076852
0 0.503906 0.165741 0.015104 0.075926
0 0.514323 0.162037 0.010937 0.061111
0 0.529948 0.226852 0.017188 0.103704
0 0.516927 0.195833 0.016146 0.086111
0 0.525260 0.246759 0.018229 0.100926
0 0.500781 0.222222 0.018229 0.094444
0 0.472396 0.333333 0.038542 0.142593
0 0.481771 0.381481 0.027083 0.116667
0 0.508073 0.367130 0.031771 0.175000
0 0.534896 0.429167 0.048958 0.241667
0 0.700781 0.705093 0.055729 0.310185
0 0.148958 0.671759 0.044792 0.373148
0 0.157812 0.699074 0.073958 0.477778
0 0.100521 0.663426 0.066667 0.365741
0 0.065365 0.703704 0.068229 0.411111
0 0.084375 0.808333 0.088542 0.381481
0 0.209896 0.535185 0.085417 0.246296
0 0.667188 0.871759 0.051042 0.254630
