0 0.231510 0.741667 0.160938 0.401852
0 0.291146 0.485648 0.087500 0.291667
0 0.830208 0.612963 0.059375 0.311111
0 0.876563 0.690278 0.100000 0.439815
0 0.604167 0.541204 0.051042 0.369444
0 0.588281 0.703241 0.197396 0.343519
0 0.566927 0.472222 0.041146 0.238889
0 0.503906 0.454167 0.075521 0.434259
0 0.363542 0.181481 0.043750 0.098148
0 0.380469 0.280093 0.038021 0.119444
0 0.355990 0.259259 0.040104 0.211111
0 0.380469 0.133333 0.022396 0.112963
0 0.396354 0.130556 0.015625 0.100000
0 0.459896 0.159722 0.022917 0.113889
0 0.471354 0.190741 0.044792 0.092593
0 0.447917 0.120370 0.015625 0.092593
0 0.409375 0.112963 0.016667 0.088889
0 0.435156 0.065741 0.008854 0.044444
0 0.449219 0.063426 0.006771 0.041667
0 0.422396 0.074537 0.011458 0.056481
0 0.439583 0.077315 0.012500 0.062037
0 0.955729 0.529630 0.054167 0.303704
0 0.227604 0.762037 0.144792 0.474074
0 0.572656 0.774537 0.153646 0.449074
