0 0.473438 0.133796 0.006250 0.037963
0 0.505208 0.156019 0.009375 0.073148
0 0.496615 0.158333 0.014063 0.070370
0 0.479427 0.159259 0.011979 0.064815
0 0.469010 0.141204 0.006771 0.052778
0 0.488542 0.224074 0.023958 0.111111
0 0.466146 0.218056 0.022917 0.126852
0 0.517969 0.323611 0.041146 0.197222
0 0.473958 0.441204 0.046875 0.247222
0 0.462500 0.542593 0.081250 0.340741
0 0.348698 0.581944 0.032813 0.250926
0 0.501823 0.787500 0.149479 0.421296
0 0.616667 0.756019 0.133333 0.484259
0 0.418750 0.456944 0.054167 0.273148
