0 0.171354 0.705556 0.056250 0.231481
0 0.142708 0.625000 0.056250 0.370370
0 0.430469 0.711574 0.074479 0.410185
0 0.470052 0.413426 0.042188 0.232407
0 0.505729 0.463889 0.041667 0.140741
0 0.410677 0.254167 0.029687 0.154630
0 0.394010 0.168519 0.010937 0.074074
0 0.408073 0.156944 0.010937 0.065741
0 0.534896 0.268056 0.025000 0.134259
0 0.485938 0.161574 0.012500 0.067593
0 0.489844 0.301389 0.031771 0.141667
0 0.511979 0.317593 0.023958 0.114815
0 0.514583 0.276389 0.020833 0.139815
0 0.547917 0.272222 0.018750 0.127778
0 0.475000 0.267130 0.019792 0.113889
0 0.472135 0.187037 0.014063 0.083333
0 0.480729 0.188426 0.015625 0.075000
