0 0.420052 0.013889 0.005729 0.025926
0 0.791146 0.574537 0.085417 0.471296
0 0.465104 0.019444 0.004167 0.022222
0 0.507812 0.020833 0.006250 0.030556
0 0.513021 0.019907 0.004167 0.030556
0 0.022135 0.149537 0.033854 0.134259
0 0.057292 0.123148 0.022917 0.155556
0 0.045312 0.156944 0.013542 0.075000
0 0.099740 0.573148 0.021354 0.112963
0 0.241927 0.387963 0.016146 0.107407
0 0.670052 0.084259 0.024479 0.153704
0 0.426823 0.014815 0.005729 0.025926
0 0.617188 0.318519 0.034375 0.225926
0 0.061979 0.143981 0.029167 0.143519
0 0.740365 0.361111 0.045312 0.298148
0 0.231250 0.407870 0.016667 0.099074
0 0.753646 0.488426 0.039583 0.271296
0 0.081510 0.111111 0.018229 0.118519
0 0.684896 0.465278 0.078125 0.395370
0 0.816406 0.305093 0.047396 0.260185
0 0.393229 0.428704 0.019792 0.092593
0 0.514844 0.360185 0.015104 0.075926
0 0.719271 0.078241 0.029167 0.143519
0 0.691146 0.077315 0.025000 0.152778
0 0.681771 0.137963 0.036458 0.177778
0 0.110677 0.529630 0.018229 0.096296
0 0.761979 0.082407 0.033333 0.159259
0 0.374479 0.364815 0.010417 0.072222
0 0.655208 0.335648 0.050000 0.317593
0 0.224740 0.393519 0.013021 0.098148
0 0.732031 0.297685 0.052604 0.256481
0 0.669271 0.256481 0.047917 0.270370
0 0.775000 0.230093 0.050000 0.254630
0 0.360677 0.363426 0.019271 0.095370
0 0.802865 0.469444 0.080729 0.351852
0 0.782813 0.338426 0.069792 0.312037
0 0.387760 0.365741 0.016146 0.083333
0 0.626042 0.515278 0.045833 0.406481
