0 0.635677 0.692593 0.069271 0.307407
0 0.496094 0.789815 0.078646 0.398148
0 0.528385 0.687500 0.069271 0.373148
0 0.439844 0.628241 0.094271 0.369444
0 0.402344 0.534722 0.059896 0.328704
0 0.505990 0.487037 0.052604 0.250000
0 0.485156 0.421296 0.053646 0.224074
0 0.421875 0.364815 0.039583 0.192593
0 0.558854 0.345833 0.032292 0.184259
0 0.543490 0.333333 0.041146 0.181481
0 0.473177 0.331019 0.043229 0.184259
0 0.450521 0.318056 0.029167 0.147222
0 0.518750 0.277778 0.022917 0.107407
0 0.533854 0.248611 0.021875 0.093519
0 0.493750 0.227778 0.023958 0.074074
0 0.540625 0.211574 0.013542 0.063889
0 0.526563 0.211111 0.018750 0.057407
0 0.501563 0.184722 0.013542 0.086111
0 0.514844 0.184722 0.017188 0.071296
0 0.421875 0.204167 0.019792 0.108333
0 0.407292 0.201852 0.016667 0.090741
0 0.407031 0.253241 0.011979 0.058333
0 0.392188 0.217130 0.014583 0.113889
0 0.150000 0.136111 0.011458 0.070370
0 0.122656 0.145833 0.016146 0.076852
0 0.155208 0.151389 0.012500 0.086111
0 0.149740 0.160185 0.015104 0.066667
0 0.564323 0.896759 0.070312 0.204630
0 0.421354 0.810648 0.083333 0.343519
0 0.594792 0.854167 0.137500 0.286111
