0 0.481510 0.120370 0.004687 0.022222
0 0.474219 0.120370 0.003646 0.022222
0 0.494531 0.135648 0.008854 0.034259
0 0.473438 0.142130 0.009375 0.047222
0 0.481771 0.143519 0.008333 0.050000
0 0.502865 0.197685 0.016146 0.106481
0 0.509115 0.216667 0.016146 0.100000
0 0.488021 0.217130 0.020833 0.112037
0 0.480469 0.197222 0.019271 0.098148
0 0.472135 0.191204 0.019271 0.093519
0 0.458333 0.210648 0.010417 0.067593
0 0.427865 0.362963 0.030729 0.246296
0 0.403125 0.448148 0.050000 0.322222
0 0.450260 0.439815 0.054688 0.331481
0 0.511458 0.447685 0.050000 0.325000
0 0.550521 0.584259 0.096875 0.448148
