0 0.764323 0.070833 0.027604 0.141667
0 0.739323 0.070833 0.031771 0.141667
0 0.734375 0.131481 0.040625 0.181481
0 0.717187 0.172685 0.063542 0.226852
0 0.708333 0.171759 0.056250 0.206481
0 0.664844 0.182407 0.054688 0.238889
0 0.788281 0.236574 0.067187 0.243519
0 0.755208 0.315278 0.058333 0.308333
0 0.703646 0.313889 0.065625 0.292593
0 0.700781 0.270833 0.064062 0.165741
0 0.779427 0.408796 0.082812 0.358333
0 0.709635 0.420833 0.079687 0.336111
0 0.784115 0.550926 0.074479 0.403704
0 0.727865 0.520370 0.078646 0.392593
0 0.707552 0.580093 0.115104 0.497222
0 0.842708 0.626389 0.125000 0.441667
0 0.812760 0.727778 0.109896 0.522222
0 0.355990 0.468056 0.033854 0.099074
0 0.058854 0.142593 0.036458 0.138889
0 0.039583 0.145833 0.035417 0.147222
0 0.617448 0.761574 0.111979 0.475000
0 0.697917 0.756944 0.103125 0.482407
0 0.812500 0.727778 0.097917 0.518519
0 0.738281 0.825463 0.150521 0.341667
0 0.353906 0.054630 0.022396 0.098148
0 0.491406 0.064352 0.034896 0.121296
