0 0.094531 0.389815 0.072396 0.225926
0 0.865625 0.518519 0.061458 0.248148
0 0.412760 0.722685 0.107813 0.519444
0 0.352865 0.798148 0.111979 0.400000
0 0.462500 0.386574 0.050000 0.299074
0 0.472135 0.332870 0.044271 0.156481
0 0.402865 0.386574 0.064062 0.334259
0 0.387240 0.463889 0.036979 0.148148
0 0.295833 0.411574 0.038542 0.308333
0 0.415885 0.285648 0.045312 0.228704
0 0.352083 0.279167 0.047917 0.223148
0 0.359115 0.225463 0.053646 0.095370
0 0.372917 0.204167 0.029167 0.180556
0 0.374479 0.182407 0.030208 0.074074
0 0.392969 0.106481 0.010937 0.053704
0 0.423698 0.197222 0.022396 0.100000
0 0.469010 0.187500 0.040104 0.091667
0 0.450260 0.164815 0.025521 0.120370
0 0.426302 0.146759 0.025521 0.134259
0 0.447656 0.108333 0.017188 0.079630
0 0.438542 0.097222 0.010417 0.064815
0 0.426823 0.108333 0.014063 0.079630
0 0.408594 0.105093 0.016146 0.075000
0 0.416927 0.082407 0.009896 0.051852
0 0.418229 0.068981 0.011458 0.060185
0 0.431510 0.075926 0.010937 0.051852
0 0.441667 0.073611 0.008333 0.043519
0 0.443490 0.063889 0.009896 0.038889
0 0.732292 0.871296 0.103125 0.255556
0 0.569271 0.753704 0.100000 0.490741
