0 0.428906 0.076389 0.006771 0.045370
0 0.421094 0.064352 0.006771 0.041667
0 0.409635 0.064352 0.006771 0.039815
0 0.434635 0.065741 0.006771 0.040741
0 0.443229 0.088889 0.012500 0.072222
0 0.421094 0.081481 0.011979 0.057407
0 0.391406 0.127778 0.021354 0.092593
0 0.377865 0.144907 0.023438 0.078704
0 0.461458 0.163426 0.030208 0.080556
0 0.451823 0.131944 0.022396 0.091667
0 0.434375 0.136574 0.023958 0.089815
0 0.412500 0.150463 0.019792 0.126852
0 0.361979 0.189352 0.043750 0.110185
0 0.353125 0.221759 0.033333 0.115741
0 0.517448 0.448148 0.134896 0.231481
0 0.647396 0.803704 0.142708 0.374074
0 0.572656 0.479630 0.055729 0.290741
0 0.549219 0.633796 0.057813 0.445370
0 0.504948 0.527778 0.051562 0.392593
0 0.506771 0.444907 0.057292 0.332407
0 0.428646 0.374074 0.064583 0.298148
0 0.419010 0.325000 0.033854 0.240741
0 0.299740 0.337963 0.053646 0.296296
0 0.291146 0.468981 0.094792 0.269444
0 0.244531 0.645370 0.120313 0.344444
0 0.419010 0.742593 0.116146 0.509259
0 0.194271 0.831481 0.167708 0.335185
