0 0.522396 0.343519 0.035417 0.175926
0 0.516146 0.523611 0.047917 0.269444
0 0.445312 0.453241 0.058333 0.265741
0 0.526042 0.225926 0.023958 0.070370
0 0.110417 0.160185 0.011458 0.100000
0 0.397135 0.218519 0.022396 0.096296
0 0.412760 0.187500 0.017188 0.097222
0 0.478906 0.200926 0.016146 0.079630
0 0.130208 0.155556 0.016667 0.088889
0 0.463021 0.371296 0.036458 0.200000
0 0.537500 0.242130 0.019792 0.099074
0 0.487500 0.164352 0.009375 0.060185
0 0.398958 0.475926 0.043750 0.257407
0 0.489063 0.281944 0.026042 0.154630
0 0.424479 0.178241 0.011458 0.091667
0 0.497656 0.206481 0.014063 0.083333
0 0.393229 0.168981 0.014583 0.071296
0 0.500781 0.144907 0.009896 0.060185
0 0.484375 0.135185 0.009375 0.053704
