0 0.597135 0.292130 0.039062 0.213889
0 0.567448 0.294907 0.038021 0.200926
0 0.455729 0.145833 0.025000 0.152778
0 0.149479 0.588426 0.070833 0.275000
0 0.537760 0.052315 0.010937 0.069444
0 0.479167 0.149074 0.023958 0.168519
0 0.526823 0.079167 0.020313 0.121296
0 0.393750 0.279167 0.036458 0.137963
0 0.316146 0.238889 0.030208 0.148148
0 0.285677 0.106019 0.014063 0.099074
0 0.202083 0.285648 0.036458 0.123148
0 0.283073 0.289352 0.047396 0.212037
0 0.643490 0.715741 0.161979 0.459259
0 0.049219 0.278241 0.048438 0.221296
0 0.180208 0.450463 0.071875 0.237963
0 0.252604 0.613889 0.083333 0.229630
0 0.403385 0.232870 0.038021 0.173148
0 0.414844 0.750000 0.108854 0.468519
0 0.438021 0.111574 0.019792 0.075000
0 0.393750 0.058333 0.018750 0.053704
0 0.369531 0.216667 0.031771 0.114815
0 0.443229 0.106944 0.016667 0.080556
0 0.375781 0.102778 0.024479 0.074074
0 0.357031 0.150463 0.027604 0.084259
0 0.438542 0.179167 0.023958 0.100926
0 0.252344 0.281019 0.040104 0.145370
0 0.377344 0.176389 0.028646 0.102778
0 0.433594 0.232407 0.032813 0.174074
0 0.412500 0.470833 0.050000 0.349074
0 0.474479 0.246759 0.032292 0.163889
0 0.416406 0.069444 0.011979 0.051852
0 0.441667 0.272222 0.022917 0.144444
0 0.111979 0.387037 0.048958 0.188889
0 0.413802 0.279167 0.045312 0.202778
0 0.360677 0.516204 0.072396 0.391667
0 0.512240 0.050463 0.016146 0.086111
0 0.322396 0.176389 0.022917 0.091667
0 0.323177 0.146296 0.022396 0.100000
0 0.341667 0.193519 0.032292 0.144444
0 0.383854 0.083333 0.013542 0.057407
0 0.359115 0.268056 0.031771 0.154630
0 0.343490 0.302778 0.054688 0.161111
0 0.445052 0.031944 0.017188 0.050926
0 0.268490 0.201389 0.039062 0.121296
0 0.275000 0.144444 0.030208 0.142593
0 0.279427 0.182407 0.031771 0.111111
0 0.208333 0.184259 0.038542 0.159259
0 0.545573 0.043981 0.013021 0.078704
0 0.225521 0.267593 0.034375 0.144444
0 0.425260 0.048611 0.015104 0.050926
0 0.300260 0.271759 0.039062 0.171296
0 0.613542 0.345370 0.045833 0.225926
0 0.572917 0.368056 0.044792 0.317593
0 0.427083 0.033796 0.014583 0.063889
0 0.456771 0.415741 0.075000 0.314815
0 0.586458 0.191667 0.044792 0.181481
0 0.439844 0.535185 0.086979 0.357407
0 0.298698 0.492130 0.061979 0.336111
0 0.207552 0.381481 0.048438 0.220370
0 0.496875 0.048611 0.013542 0.052778
0 0.057292 0.415741 0.056250 0.192593
0 0.482031 0.283333 0.023438 0.168519
0 0.195573 0.526389 0.074479 0.252778
0 0.509375 0.237963 0.032292 0.194444
0 0.087500 0.556019 0.050000 0.210185
0 0.433333 0.628241 0.086458 0.413889
0 0.408073 0.041204 0.014063 0.056481
0 0.174479 0.775926 0.089583 0.401852
0 0.106250 0.847222 0.141667 0.301852
0 0.314583 0.747222 0.101042 0.503704
0 0.629687 0.787500 0.083333 0.417593
0 0.572396 0.807407 0.088542 0.370370
0 0.688021 0.828704 0.102083 0.340741
