0 0.173958 0.230556 0.027083 0.146296
0 0.483854 0.186574 0.017708 0.086111
0 0.529687 0.220370 0.016667 0.075926
0 0.527344 0.300000 0.040104 0.133333
0 0.483073 0.697222 0.047396 0.235185
0 0.414583 0.216204 0.019792 0.097222
0 0.510156 0.221759 0.015104 0.086111
0 0.493490 0.252315 0.021354 0.123148
0 0.532552 0.587500 0.052604 0.269444
0 0.402083 0.159259 0.013542 0.081481
0 0.546354 0.645833 0.066667 0.325000
0 0.392448 0.157407 0.013021 0.066667
0 0.588281 0.812500 0.118229 0.373148
0 0.394271 0.802778 0.091667 0.392593
0 0.297917 0.835185 0.104167 0.327778
