0 0.530469 0.078241 0.017188 0.110185
0 0.529427 0.238889 0.028646 0.198148
0 0.598437 0.249074 0.037500 0.207407
0 0.595313 0.695370 0.128125 0.453704
0 0.338542 0.391204 0.050000 0.195370
0 0.261719 0.569444 0.069271 0.235185
0 0.252083 0.420833 0.060417 0.197222
0 0.115625 0.387500 0.047917 0.217593
0 0.260156 0.712037 0.083854 0.475926
0 0.055729 0.565741 0.054167 0.387037
0 0.514062 0.073611 0.019792 0.106481
0 0.581250 0.416204 0.059375 0.343519
0 0.513021 0.134259 0.017708 0.150000
0 0.424740 0.454630 0.066146 0.316667
0 0.601302 0.211111 0.038021 0.168519
0 0.322396 0.446759 0.062500 0.206481
0 0.496354 0.140278 0.027083 0.149074
0 0.286458 0.493981 0.047917 0.221296
0 0.568490 0.215278 0.024479 0.191667
0 0.560156 0.079630 0.022396 0.101852
0 0.167708 0.478704 0.056250 0.324074
0 0.534635 0.277778 0.034896 0.212963
0 0.160938 0.719444 0.103125 0.379630
0 0.204687 0.369444 0.053125 0.185185
0 0.039323 0.459722 0.034896 0.221296
0 0.465104 0.300926 0.050000 0.205556
0 0.566927 0.154167 0.031771 0.162037
0 0.546354 0.074074 0.020833 0.111111
0 0.431250 0.071759 0.016667 0.069444
0 0.488802 0.061111 0.018229 0.050000
0 0.479948 0.037963 0.016146 0.044444
0 0.446875 0.057870 0.012500 0.095370
0 0.473438 0.112963 0.021875 0.098148
0 0.457813 0.144907 0.022917 0.099074
0 0.417187 0.125926 0.029167 0.111111
0 0.345313 0.127778 0.028125 0.092593
0 0.345052 0.080093 0.028646 0.115741
0 0.323437 0.092130 0.019792 0.095370
0 0.397396 0.138889 0.028125 0.105556
0 0.388281 0.163889 0.026562 0.112963
0 0.356250 0.148611 0.030208 0.100926
0 0.441146 0.194444 0.029167 0.129630
0 0.429948 0.200463 0.031771 0.123148
0 0.415625 0.226852 0.034375 0.159259
0 0.363021 0.171296 0.027083 0.085185
0 0.334635 0.172222 0.025521 0.100000
0 0.301302 0.189815 0.035937 0.127778
0 0.326823 0.312963 0.054688 0.162963
0 0.397656 0.237963 0.046354 0.137037
0 0.392188 0.290741 0.056250 0.153704
0 0.320833 0.255093 0.070833 0.156481
0 0.259375 0.259259 0.042708 0.135185
0 0.261198 0.165278 0.028646 0.163889
0 0.207552 0.193519 0.031771 0.172222
0 0.215625 0.242593 0.027083 0.137037
0 0.198437 0.268519 0.044792 0.127778
0 0.660677 0.790741 0.124479 0.416667
0 0.207813 0.815278 0.141667 0.365741
0 0.146875 0.833333 0.096875 0.331481
