0 0.502344 0.450000 0.048438 0.346296
0 0.473177 0.352315 0.057813 0.287963
0 0.452865 0.122222 0.016146 0.094444
0 0.423958 0.100000 0.007292 0.046296
0 0.388281 0.145833 0.015104 0.104630
0 0.432812 0.217593 0.033333 0.174074
0 0.383594 0.185648 0.019271 0.136111
0 0.371094 0.181944 0.021354 0.143519
0 0.364583 0.246296 0.040625 0.131481
0 0.358073 0.283796 0.077604 0.149074
0 0.289323 0.506481 0.108854 0.261111
0 0.211458 0.747685 0.140625 0.425000
0 0.608073 0.767593 0.173437 0.257407
0 0.416406 0.097685 0.007812 0.039815
0 0.528646 0.434722 0.039583 0.308333
0 0.577344 0.697222 0.182812 0.327778
0 0.408333 0.172222 0.022917 0.144444
0 0.486458 0.236574 0.044792 0.110185
0 0.405729 0.209259 0.030208 0.100000
0 0.575781 0.600926 0.113021 0.262963
0 0.348698 0.172222 0.021354 0.109259
0 0.456510 0.119907 0.013021 0.082407
0 0.541406 0.574537 0.097396 0.262037
0 0.361198 0.259722 0.068229 0.121296
0 0.444792 0.087500 0.010417 0.060185
0 0.373958 0.667130 0.088542 0.436111
0 0.235937 0.635648 0.130208 0.343519
0 0.429948 0.087500 0.009896 0.058333
0 0.623177 0.810648 0.202604 0.376852
