0 0.480990 0.135648 0.009896 0.058333
0 0.486719 0.159259 0.013021 0.062963
0 0.517708 0.385648 0.030208 0.171296
0 0.400260 0.239352 0.016146 0.145370
0 0.532292 0.289815 0.030208 0.133333
0 0.451042 0.303241 0.027083 0.132407
0 0.388542 0.220370 0.016667 0.103704
0 0.414323 0.216204 0.015104 0.104630
0 0.514062 0.287500 0.022917 0.145370
0 0.480990 0.208333 0.014063 0.072222
0 0.496875 0.542593 0.047917 0.253704
0 0.263021 0.245370 0.026042 0.142593
0 0.490104 0.309722 0.030208 0.145370
0 0.114583 0.619907 0.027083 0.106481
0 0.504167 0.360648 0.023958 0.143519
0 0.534635 0.487037 0.035937 0.257407
0 0.513281 0.224074 0.021354 0.087037
0 0.501563 0.163426 0.012500 0.067593
0 0.398698 0.463889 0.034896 0.255556
0 0.459635 0.312500 0.028646 0.156481
0 0.484115 0.456019 0.039062 0.263889
0 0.506250 0.211111 0.014583 0.094444
0 0.694010 0.730093 0.064062 0.343519
0 0.628646 0.714815 0.061458 0.377778
0 0.154167 0.168981 0.017708 0.065741
0 0.490625 0.196296 0.013542 0.077778
0 0.545052 0.394444 0.038021 0.168519
0 0.533073 0.199074 0.015104 0.094444
0 0.135677 0.156481 0.022396 0.087037
0 0.147396 0.212963 0.013542 0.087037
0 0.545312 0.208333 0.013542 0.103704
0 0.336719 0.837500 0.121354 0.323148
0 0.624219 0.843056 0.074479 0.312037
0 0.483333 0.803704 0.089583 0.388889
