0 0.607812 0.731481 0.139583 0.359259
0 0.521615 0.486574 0.047396 0.362037
0 0.568229 0.449537 0.047917 0.295370
0 0.417448 0.384259 0.068229 0.292593
0 0.438281 0.201852 0.031771 0.168519
0 0.368229 0.171296 0.015625 0.096296
0 0.400000 0.158333 0.026042 0.125926
0 0.460938 0.121296 0.016667 0.090741
0 0.430469 0.086111 0.013021 0.057407
0 0.434635 0.068519 0.009896 0.051852
0 0.413802 0.202315 0.024479 0.150926
0 0.220573 0.675926 0.099479 0.374074
0 0.477865 0.195833 0.033854 0.099074
0 0.493750 0.525926 0.053125 0.394444
0 0.362240 0.251852 0.058854 0.135185
0 0.272396 0.451389 0.068750 0.350926
0 0.364583 0.189352 0.052083 0.104630
0 0.551042 0.466204 0.066667 0.339815
0 0.373698 0.184722 0.029687 0.102778
0 0.390365 0.151389 0.019271 0.113889
0 0.476562 0.380093 0.050000 0.276852
0 0.416667 0.100926 0.010417 0.048148
0 0.445312 0.093519 0.015625 0.072222
0 0.359115 0.421296 0.085938 0.374074
0 0.422917 0.066667 0.012500 0.046296
0 0.572396 0.627315 0.145833 0.282407
0 0.650781 0.839352 0.093229 0.319444
