0 0.235677 0.255556 0.018229 0.127778
0 0.529687 0.263889 0.018750 0.137037
0 0.449740 0.315741 0.030729 0.155556
0 0.143229 0.195833 0.021875 0.119444
0 0.419792 0.203241 0.018750 0.097222
0 0.125521 0.175463 0.015625 0.095370
0 0.483594 0.155093 0.014063 0.075000
0 0.114583 0.166204 0.009375 0.054630
0 0.540625 0.219907 0.016667 0.102778
0 0.479948 0.590278 0.074479 0.339815
0 0.530729 0.169444 0.011458 0.070370
0 0.505990 0.309722 0.026562 0.149074
0 0.479427 0.324074 0.028646 0.157407
0 0.608073 0.693981 0.043229 0.369444
0 0.553125 0.292130 0.028125 0.136111
0 0.476823 0.150463 0.009896 0.069444
0 0.421094 0.502778 0.060937 0.318519
0 0.530990 0.443056 0.040104 0.217593
0 0.404427 0.557407 0.063021 0.327778
0 0.652083 0.772685 0.093750 0.441667
0 0.563281 0.781019 0.082812 0.415741
0 0.400781 0.179630 0.011979 0.092593
0 0.419792 0.801389 0.093750 0.393519
0 0.481510 0.650926 0.069271 0.342593
0 0.495312 0.161111 0.010417 0.055556
0 0.495833 0.127778 0.007292 0.055556
0 0.505990 0.166204 0.010937 0.071296
0 0.545052 0.723148 0.049479 0.275926
0 0.487500 0.819444 0.070833 0.403704
0 0.478906 0.846296 0.098437 0.303704
0 0.650781 0.740278 0.078646 0.450926
