0 0.152344 0.175000 0.013021 0.092593
0 0.170052 0.225463 0.033854 0.117593
0 0.246354 0.225000 0.031250 0.122222
0 0.423958 0.176852 0.012500 0.107407
0 0.412760 0.143981 0.011979 0.071296
0 0.414583 0.206481 0.017708 0.107407
0 0.395313 0.193981 0.017708 0.119444
0 0.418490 0.250000 0.013021 0.122222
0 0.402083 0.259722 0.022917 0.126852
0 0.484896 0.169907 0.016667 0.106481
0 0.498177 0.196759 0.011979 0.087963
0 0.539062 0.275926 0.025000 0.135185
0 0.528385 0.258333 0.014063 0.085185
0 0.516146 0.281019 0.020833 0.126852
0 0.492188 0.268519 0.023958 0.129630
0 0.474479 0.282870 0.016667 0.102778
0 0.540365 0.323611 0.028646 0.150926
0 0.455729 0.422222 0.039583 0.246296
0 0.459375 0.509722 0.051042 0.297222
0 0.509635 0.576389 0.054688 0.299074
0 0.422135 0.635185 0.063021 0.368519
