0 0.579167 0.721759 0.131250 0.306481
0 0.449740 0.074074 0.009896 0.055556
0 0.197396 0.650463 0.097917 0.582407
0 0.260156 0.620370 0.116146 0.340741
0 0.609635 0.770833 0.186979 0.371296
0 0.422396 0.082407 0.011458 0.064815
0 0.385937 0.146759 0.034375 0.080556
0 0.444531 0.074537 0.010937 0.054630
0 0.431510 0.062963 0.009896 0.051852
0 0.478385 0.170833 0.023438 0.100926
0 0.422135 0.068981 0.013021 0.056481
0 0.582031 0.641204 0.136979 0.337963
0 0.460938 0.370370 0.062500 0.279630
0 0.414844 0.177778 0.033854 0.151852
0 0.391927 0.442130 0.063021 0.332407
0 0.338281 0.335185 0.054688 0.266667
0 0.472396 0.423611 0.075000 0.325000
0 0.487240 0.208333 0.026562 0.148148
0 0.300000 0.472222 0.120833 0.300000
0 0.284635 0.518519 0.113021 0.275926
0 0.269271 0.536574 0.103125 0.284259
0 0.374479 0.225926 0.031250 0.150000
0 0.568229 0.615741 0.091667 0.211111
0 0.355729 0.189352 0.025000 0.123148
0 0.956771 0.781019 0.084375 0.430556
0 0.940625 0.819444 0.089583 0.359259
0 0.628906 0.849537 0.195312 0.299074
