0 0.419271 0.073611 0.010417 0.050926
0 0.431510 0.066667 0.008854 0.027778
0 0.435937 0.075926 0.010417 0.053704
0 0.438281 0.080556 0.010937 0.051852
0 0.446354 0.077778 0.010417 0.059259
0 0.446875 0.119907 0.019792 0.080556
0 0.438542 0.127315 0.014583 0.065741
0 0.421615 0.127778 0.011979 0.070370
0 0.412240 0.124537 0.017188 0.093519
0 0.355990 0.180093 0.019271 0.117593
0 0.352083 0.172685 0.016667 0.126852
0 0.367188 0.191204 0.016667 0.128704
0 0.379427 0.202778 0.026562 0.135185
0 0.395052 0.208333 0.024479 0.164815
0 0.405990 0.218519 0.029687 0.174074
0 0.370833 0.273611 0.040625 0.149074
0 0.396875 0.299074 0.038542 0.105556
0 0.452344 0.244444 0.035937 0.175926
0 0.361979 0.300463 0.062500 0.147222
0 0.593490 0.711111 0.085938 0.514815
0 0.552604 0.617130 0.081250 0.480556
0 0.520833 0.484259 0.068750 0.362963
0 0.504167 0.361574 0.045833 0.286111
0 0.468229 0.343519 0.054167 0.285185
0 0.426823 0.561574 0.118229 0.486111
0 0.297656 0.468981 0.101562 0.265741
0 0.276302 0.546759 0.124479 0.302778
0 0.602604 0.771759 0.093750 0.454630
0 0.457292 0.727315 0.134375 0.543519
0 0.165625 0.713426 0.095833 0.569444
