0 0.455729 0.129167 0.008333 0.043519
0 0.464323 0.139815 0.009896 0.050000
0 0.475000 0.132870 0.010417 0.049074
0 0.484635 0.148148 0.010937 0.068519
0 0.474219 0.161111 0.014063 0.064815
0 0.490104 0.172222 0.014583 0.070370
0 0.504687 0.223148 0.018750 0.120370
0 0.503385 0.254167 0.026562 0.132407
0 0.488021 0.248148 0.028125 0.151852
0 0.469531 0.264815 0.025521 0.142593
0 0.442188 0.258796 0.025000 0.149074
0 0.430729 0.432407 0.053125 0.257407
0 0.532552 0.552315 0.077604 0.375000
0 0.440104 0.554167 0.061458 0.378704
0 0.361198 0.584722 0.073438 0.365741
0 0.324479 0.703241 0.098958 0.504630
