0 0.261458 0.134259 0.007292 0.048148
0 0.243229 0.136574 0.008333 0.056481
0 0.141927 0.173148 0.011979 0.062963
0 0.126302 0.166667 0.013021 0.081481
0 0.171094 0.227778 0.017188 0.111111
0 0.153385 0.227778 0.020313 0.111111
0 0.182031 0.254630 0.022396 0.109259
0 0.207031 0.253241 0.028646 0.115741
0 0.402344 0.180556 0.016146 0.081481
0 0.408854 0.140741 0.010417 0.046296
0 0.411719 0.150463 0.009896 0.047222
0 0.422135 0.143056 0.011979 0.058333
0 0.417187 0.214815 0.020833 0.107407
0 0.408594 0.235648 0.022396 0.104630
0 0.391406 0.238426 0.011979 0.076852
0 0.481771 0.207870 0.018750 0.075000
0 0.501042 0.145833 0.010417 0.047222
0 0.517969 0.164352 0.015104 0.065741
0 0.489323 0.170370 0.011979 0.057407
0 0.490625 0.201389 0.011458 0.076852
0 0.558333 0.262037 0.018750 0.144444
0 0.502083 0.225463 0.017708 0.095370
0 0.478125 0.239815 0.018750 0.094444
0 0.494010 0.279630 0.023438 0.138889
0 0.502344 0.298148 0.025521 0.148148
0 0.545833 0.297685 0.021875 0.139815
0 0.534375 0.321296 0.028125 0.155556
0 0.519792 0.361574 0.037500 0.186111
0 0.551042 0.412500 0.018750 0.121296
0 0.532813 0.412963 0.045833 0.175926
0 0.494792 0.383796 0.041667 0.204630
0 0.474479 0.308796 0.025000 0.147222
0 0.448177 0.293056 0.026562 0.143519
0 0.465625 0.325463 0.033333 0.186111
0 0.433333 0.339815 0.037500 0.161111
0 0.441406 0.401389 0.043229 0.212037
0 0.412760 0.518056 0.069271 0.287963
0 0.430469 0.676852 0.064062 0.342593
0 0.399479 0.745370 0.100000 0.438889
0 0.551042 0.785185 0.084375 0.427778
0 0.586198 0.799074 0.081771 0.398148
0 0.677083 0.816667 0.088542 0.364815
