0 0.421615 0.231481 0.010937 0.079630
0 0.400521 0.210185 0.018750 0.101852
0 0.391927 0.235185 0.016146 0.103704
0 0.408073 0.226852 0.016146 0.109259
0 0.491927 0.161574 0.015104 0.073148
0 0.522135 0.209259 0.018229 0.088889
0 0.551302 0.211111 0.010937 0.087037
0 0.495052 0.230556 0.024479 0.101852
0 0.509896 0.225926 0.019792 0.085185
0 0.467448 0.307407 0.022396 0.120370
0 0.486458 0.315278 0.027083 0.165741
0 0.529167 0.283333 0.028125 0.120370
0 0.517448 0.305093 0.026562 0.149074
0 0.507812 0.317130 0.033333 0.163889
0 0.550781 0.366667 0.035937 0.164815
0 0.526563 0.388426 0.040625 0.182407
0 0.680729 0.719907 0.061458 0.321296
0 0.575781 0.548611 0.049479 0.213889
0 0.531510 0.522222 0.050521 0.275926
0 0.497917 0.563889 0.065625 0.333333
0 0.462500 0.380556 0.053125 0.192593
0 0.429688 0.491667 0.075000 0.270370
0 0.400260 0.455556 0.040104 0.212963
0 0.429167 0.764352 0.076042 0.389815
0 0.382552 0.753704 0.073438 0.366667
0 0.455208 0.708796 0.051042 0.195370
0 0.546875 0.812963 0.084375 0.370370
0 0.665365 0.842130 0.073438 0.313889
0 0.302083 0.816204 0.101042 0.360185
