0 0.233073 0.629630 0.013021 0.094444
0 0.157292 0.143056 0.005208 0.050926
0 0.148438 0.148611 0.007292 0.062037
0 0.422135 0.163889 0.011979 0.070370
0 0.396875 0.162037 0.010417 0.059259
0 0.407292 0.175000 0.014583 0.083333
0 0.407292 0.236574 0.012500 0.119444
0 0.482812 0.132407 0.006250 0.048148
0 0.488281 0.136574 0.007812 0.049074
0 0.483073 0.165278 0.008854 0.056481
0 0.512240 0.178704 0.015104 0.072222
0 0.487240 0.261574 0.025521 0.145370
0 0.542708 0.289352 0.027083 0.143519
0 0.492708 0.334259 0.026042 0.159259
0 0.480729 0.427315 0.030208 0.204630
0 0.469271 0.453241 0.044792 0.297222
0 0.511979 0.581481 0.051042 0.318519
0 0.455729 0.588889 0.040625 0.264815
0 0.478906 0.681481 0.058854 0.398148
0 0.527344 0.691667 0.067187 0.387037
0 0.141927 0.170833 0.013021 0.078704
0 0.486979 0.161574 0.006250 0.043519
0 0.401302 0.144907 0.007812 0.045370
0 0.495573 0.167130 0.009896 0.067593
0 0.148698 0.194907 0.015104 0.106481
0 0.393490 0.174537 0.010937 0.082407
0 0.526823 0.257870 0.025521 0.134259
0 0.113542 0.170370 0.015625 0.087037
0 0.500000 0.280093 0.020833 0.132407
0 0.422135 0.175463 0.013021 0.086111
0 0.454948 0.335648 0.022396 0.128704
0 0.136979 0.157870 0.013542 0.078704
0 0.411458 0.415741 0.041667 0.225926
0 0.414062 0.247222 0.025000 0.142593
0 0.514844 0.525463 0.048438 0.310185
0 0.123958 0.157407 0.012500 0.075926
0 0.556771 0.542130 0.067708 0.302778
0 0.496094 0.143056 0.005729 0.050926
0 0.392969 0.550000 0.046354 0.288889
0 0.280990 0.224074 0.026562 0.133333
0 0.416667 0.620370 0.086458 0.385185
0 0.492708 0.131944 0.006250 0.049074
0 0.417708 0.681481 0.071875 0.427778
