0 0.752604 0.082407 0.022917 0.137037
0 0.733854 0.081944 0.028125 0.160185
0 0.706510 0.102778 0.033854 0.177778
0 0.667448 0.100926 0.031771 0.159259
0 0.691406 0.151389 0.039062 0.195370
0 0.701302 0.225463 0.047396 0.254630
0 0.665625 0.235185 0.050000 0.255556
0 0.772396 0.402778 0.091667 0.381481
0 0.705469 0.412037 0.079687 0.327778
0 0.681510 0.339352 0.067187 0.349074
0 0.636458 0.348148 0.052083 0.316667
0 0.406250 0.377778 0.020833 0.092593
0 0.367969 0.396759 0.015104 0.084259
0 0.384115 0.430556 0.017188 0.092593
0 0.345573 0.442130 0.022396 0.097222
0 0.030729 0.502778 0.041667 0.168519
0 0.386198 0.079630 0.038021 0.107407
0 0.348438 0.074074 0.041667 0.127778
0 0.030990 0.156944 0.027604 0.156481
0 0.049219 0.163426 0.032813 0.158333
0 0.067448 0.135648 0.033854 0.152778
0 0.640104 0.047222 0.021875 0.092593
0 0.621615 0.047222 0.022396 0.092593
0 0.481771 0.424074 0.044792 0.281481
0 0.017969 0.175000 0.034896 0.157407
0 0.438542 0.052315 0.023958 0.099074
0 0.411719 0.054630 0.027604 0.109259
0 0.769792 0.076389 0.028125 0.145370
0 0.924479 0.475463 0.057292 0.363889
