0 0.695312 0.119444 0.027083 0.161111
0 0.632292 0.229167 0.053125 0.223148
0 0.701823 0.230093 0.048438 0.219444
0 0.672135 0.268056 0.028646 0.126852
0 0.647656 0.368981 0.069271 0.317593
0 0.715885 0.426852 0.057813 0.325926
0 0.790365 0.470833 0.098437 0.367593
0 0.926823 0.462963 0.061979 0.368519
0 0.913021 0.713426 0.075000 0.458333
0 0.654687 0.553704 0.094792 0.448148
0 0.636458 0.526852 0.069792 0.198148
0 0.551562 0.743519 0.087500 0.507407
0 0.382031 0.543981 0.082812 0.423148
0 0.345573 0.512037 0.059896 0.325926
0 0.284896 0.583796 0.079167 0.449074
0 0.223958 0.368519 0.016667 0.075926
0 0.722135 0.051852 0.029687 0.103704
0 0.593229 0.815278 0.097917 0.365741
0 0.484896 0.818981 0.092708 0.358333
