0 0.599479 0.793056 0.198958 0.337963
0 0.579167 0.708333 0.177083 0.348148
0 0.633073 0.602778 0.074479 0.400000
0 0.556250 0.598611 0.134375 0.300926
0 0.558073 0.561574 0.095312 0.284259
0 0.483333 0.237500 0.042708 0.134259
0 0.441406 0.223148 0.026562 0.118519
0 0.442188 0.252315 0.030208 0.163889
0 0.434115 0.191204 0.031771 0.137963
0 0.449219 0.122222 0.023438 0.092593
0 0.460938 0.116204 0.016667 0.087963
0 0.435677 0.102315 0.014063 0.069444
0 0.440365 0.081481 0.014063 0.057407
0 0.442969 0.072222 0.009896 0.042593
0 0.436458 0.064815 0.009375 0.046296
0 0.429167 0.068056 0.010417 0.049074
0 0.421354 0.108333 0.015625 0.068519
0 0.417708 0.090278 0.011458 0.062037
0 0.418750 0.072685 0.009375 0.054630
0 0.408073 0.100463 0.014063 0.076852
0 0.397396 0.125463 0.016667 0.086111
0 0.391927 0.202778 0.028646 0.159259
0 0.366927 0.251389 0.066146 0.136111
0 0.370052 0.270370 0.051562 0.131481
0 0.353646 0.268981 0.058333 0.154630
0 0.350781 0.282870 0.061979 0.149074
0 0.447917 0.411111 0.056250 0.340741
0 0.305469 0.382407 0.056771 0.300000
0 0.293490 0.457870 0.077604 0.302778
0 0.276302 0.521759 0.115104 0.319444
0 0.242448 0.644444 0.141146 0.368519
0 0.228385 0.749074 0.183854 0.433333
0 0.242708 0.803704 0.130208 0.390741
0 0.577865 0.753241 0.106771 0.487963
