0 0.536719 0.038889 0.009896 0.061111
0 0.546875 0.062500 0.014583 0.086111
0 0.552604 0.097222 0.016667 0.103704
0 0.561719 0.044444 0.014063 0.087037
0 0.361198 0.055093 0.010937 0.069444
0 0.473958 0.113426 0.016667 0.104630
0 0.540885 0.124537 0.021354 0.137963
0 0.452865 0.162963 0.027604 0.111111
0 0.342448 0.079167 0.016146 0.095370
0 0.423698 0.208333 0.045312 0.138889
0 0.358073 0.192593 0.034896 0.092593
0 0.338281 0.217593 0.031771 0.090741
0 0.413281 0.230556 0.040104 0.150000
0 0.387500 0.304630 0.036458 0.138889
0 0.282552 0.284722 0.063021 0.162037
0 0.203125 0.271759 0.044792 0.119444
0 0.517708 0.352315 0.050000 0.276852
0 0.326823 0.439352 0.069271 0.260185
0 0.207292 0.381481 0.059375 0.183333
0 0.109375 0.383333 0.056250 0.174074
0 0.263281 0.540278 0.075521 0.287963
0 0.094271 0.556481 0.085417 0.255556
0 0.385156 0.661111 0.116146 0.464815
0 0.289062 0.189352 0.028125 0.097222
0 0.592187 0.243981 0.030208 0.199074
0 0.443490 0.096296 0.021354 0.074074
0 0.409896 0.241204 0.040625 0.119444
0 0.520833 0.127778 0.020833 0.127778
0 0.169010 0.247685 0.043229 0.223148
0 0.342448 0.295833 0.044271 0.169444
0 0.396354 0.123148 0.026042 0.070370
0 0.230990 0.254167 0.041146 0.130556
0 0.471875 0.349537 0.054167 0.267593
0 0.314844 0.457870 0.067187 0.217593
0 0.293490 0.102778 0.023438 0.122222
0 0.192969 0.427315 0.073438 0.195370
0 0.050260 0.419907 0.064062 0.217593
0 0.454167 0.194907 0.030208 0.126852
0 0.133854 0.535185 0.057292 0.253704
0 0.178906 0.580556 0.073438 0.224074
0 0.362760 0.180093 0.030729 0.099074
0 0.498177 0.097222 0.020313 0.114815
0 0.091406 0.882870 0.124479 0.206481
0 0.617708 0.342130 0.062500 0.210185
0 0.652083 0.799074 0.088542 0.400000
