0 0.473958 0.434722 0.045833 0.332407
0 0.508594 0.474537 0.063021 0.354630
0 0.513802 0.444907 0.126562 0.230556
0 0.462500 0.199537 0.038542 0.162037
0 0.434896 0.115278 0.017708 0.082407
0 0.432812 0.152778 0.017708 0.124074
0 0.443229 0.074074 0.008333 0.042593
0 0.438542 0.063426 0.006250 0.039815
0 0.427083 0.064352 0.006250 0.039815
0 0.416667 0.062037 0.007292 0.038889
0 0.417708 0.099074 0.010417 0.064815
0 0.402083 0.081944 0.008333 0.030556
0 0.378646 0.142130 0.017708 0.104630
0 0.361198 0.189815 0.042188 0.105556
0 0.300260 0.476852 0.117188 0.253704
0 0.245312 0.647685 0.114583 0.317593
0 0.151562 0.727315 0.086458 0.543519
