0 0.256250 0.508796 0.094792 0.410185
0 0.351823 0.679167 0.119271 0.515741
0 0.416667 0.544907 0.100000 0.502778
0 0.501563 0.662963 0.128125 0.533333
0 0.558854 0.602778 0.126042 0.546296
0 0.372135 0.466204 0.081771 0.408333
0 0.454688 0.437500 0.103125 0.412037
0 0.530469 0.411111 0.065104 0.383333
0 0.585156 0.413426 0.065104 0.367593
0 0.697135 0.610185 0.109896 0.479630
0 0.426823 0.124074 0.047396 0.192593
0 0.462240 0.122222 0.044271 0.187037
0 0.501563 0.116667 0.035417 0.177778
0 0.523958 0.122222 0.042708 0.188889
