0 0.148438 0.450000 0.045833 0.244444
0 0.243229 0.618056 0.060417 0.219444
0 0.063802 0.434722 0.036979 0.213889
0 0.079948 0.576389 0.067187 0.208333
0 0.090885 0.512500 0.070312 0.280556
0 0.198958 0.535648 0.053125 0.286111
0 0.172656 0.582407 0.073438 0.242593
0 0.165104 0.776389 0.084375 0.356481
0 0.090625 0.399537 0.054167 0.215741
0 0.535937 0.034722 0.015625 0.067593
0 0.533594 0.056481 0.020313 0.070370
0 0.568750 0.059722 0.009375 0.069444
0 0.561458 0.047222 0.017708 0.087037
0 0.540625 0.094444 0.016667 0.111111
0 0.555729 0.084722 0.021875 0.119444
0 0.557031 0.084259 0.020313 0.107407
0 0.522917 0.078704 0.023958 0.114815
0 0.509896 0.108333 0.029167 0.101852
0 0.545312 0.119444 0.035417 0.138889
0 0.477083 0.192130 0.039583 0.226852
0 0.508854 0.200926 0.041667 0.203704
0 0.582031 0.196296 0.027604 0.218519
0 0.589844 0.215741 0.041146 0.192593
0 0.571615 0.231019 0.039062 0.228704
0 0.541406 0.231944 0.028646 0.186111
0 0.600521 0.224537 0.031250 0.215741
0 0.434375 0.291667 0.044792 0.259259
0 0.450260 0.321759 0.044271 0.300926
0 0.491406 0.353241 0.056771 0.300926
0 0.412240 0.052315 0.017188 0.045370
0 0.408073 0.032407 0.024479 0.064815
0 0.392188 0.024537 0.014583 0.045370
0 0.453125 0.061574 0.019792 0.075000
0 0.448958 0.073148 0.017708 0.053704
0 0.436458 0.082407 0.020833 0.096296
0 0.414583 0.151852 0.022917 0.087037
0 0.407031 0.164815 0.043229 0.103704
0 0.388802 0.137037 0.022396 0.085185
0 0.384375 0.104167 0.029167 0.082407
0 0.362240 0.116204 0.023438 0.097222
0 0.371875 0.164352 0.030208 0.091667
0 0.353385 0.140278 0.025521 0.073148
0 0.333594 0.121296 0.024479 0.066667
0 0.332292 0.171296 0.023958 0.094444
0 0.376302 0.225926 0.033854 0.155556
0 0.330469 0.225463 0.034896 0.123148
0 0.304167 0.168519 0.033333 0.100000
0 0.339583 0.268056 0.046875 0.165741
0 0.319531 0.291667 0.055729 0.164815
0 0.291406 0.229630 0.024479 0.092593
0 0.261458 0.225463 0.034375 0.123148
0 0.215365 0.282870 0.082812 0.175000
0 0.190885 0.272685 0.033854 0.150926
0 0.555990 0.366667 0.058854 0.324074
0 0.607292 0.394444 0.065625 0.305556
0 0.083854 0.289815 0.090625 0.227778
0 0.041146 0.287500 0.060417 0.275000
0 0.206771 0.431944 0.045833 0.280556
0 0.197656 0.429167 0.070312 0.206481
0 0.265104 0.400926 0.061458 0.240741
0 0.350260 0.411111 0.078646 0.242593
0 0.104688 0.882870 0.100000 0.212037
0 0.538281 0.804630 0.103646 0.383333
0 0.642708 0.788426 0.084375 0.343519
