0 0.132031 0.153704 0.018229 0.087037
0 0.148438 0.217130 0.012500 0.075000
0 0.130990 0.185185 0.010937 0.066667
0 0.408073 0.156019 0.015104 0.080556
0 0.403385 0.237037 0.019271 0.120370
0 0.494531 0.210185 0.017188 0.085185
0 0.519792 0.207407 0.020833 0.081481
0 0.521615 0.317593 0.026562 0.159259
0 0.544010 0.276852 0.022396 0.118519
0 0.534896 0.347222 0.032292 0.164815
0 0.577344 0.357407 0.029687 0.153704
0 0.547396 0.427315 0.040625 0.237963
0 0.486979 0.288889 0.025000 0.114815
0 0.465885 0.310648 0.024479 0.126852
0 0.438802 0.339352 0.034896 0.162037
0 0.447656 0.396296 0.034896 0.188889
0 0.483333 0.373148 0.037500 0.194444
0 0.508854 0.362037 0.032292 0.174074
0 0.465104 0.450000 0.043750 0.207407
0 0.394792 0.502778 0.040625 0.227778
0 0.446875 0.499537 0.056250 0.252778
0 0.534896 0.551852 0.068750 0.351852
0 0.506250 0.621759 0.073958 0.343519
0 0.442448 0.686574 0.070312 0.413889
0 0.388802 0.745833 0.080729 0.417593
0 0.595833 0.782870 0.094792 0.426852
0 0.548698 0.816204 0.114062 0.360185
0 0.325781 0.829167 0.115104 0.337963
