0 0.722917 0.105556 0.020833 0.074074
0 0.781510 0.185185 0.051562 0.235185
0 0.698698 0.153241 0.051562 0.195370
0 0.671354 0.156019 0.031250 0.141667
0 0.678646 0.294907 0.059375 0.289815
0 0.670312 0.249537 0.046875 0.119444
0 0.750260 0.286574 0.068229 0.282407
0 0.791927 0.349074 0.033854 0.183333
0 0.719271 0.382407 0.051042 0.370370
0 0.683854 0.430556 0.083333 0.372222
0 0.722917 0.332870 0.041667 0.145370
0 0.848698 0.669444 0.113021 0.531481
0 0.753125 0.693981 0.086458 0.408333
0 0.368490 0.453704 0.020313 0.090741
0 0.355990 0.472222 0.022396 0.092593
0 0.037760 0.176852 0.025521 0.175926
0 0.013802 0.186111 0.026562 0.175926
0 0.772656 0.056944 0.022396 0.110185
0 0.724479 0.059722 0.027083 0.119444
0 0.701302 0.066667 0.025521 0.133333
0 0.754427 0.065278 0.023438 0.130556
0 0.398958 0.052315 0.017708 0.102778
0 0.388802 0.058796 0.017188 0.115741
