0 0.623698 0.767593 0.191146 0.388889
0 0.513281 0.538426 0.066146 0.363889
0 0.377865 0.400463 0.064062 0.337963
0 0.403125 0.370370 0.046875 0.324074
0 0.351302 0.237037 0.039062 0.138889
0 0.355729 0.231944 0.033333 0.112037
0 0.360677 0.162037 0.033854 0.111111
0 0.377344 0.219444 0.034896 0.138889
0 0.374740 0.115278 0.015104 0.069444
0 0.451302 0.182870 0.024479 0.125000
0 0.459115 0.190741 0.025521 0.142593
0 0.481771 0.231019 0.040625 0.210185
0 0.406510 0.182870 0.022396 0.145370
0 0.408854 0.102778 0.015625 0.072222
0 0.418750 0.106481 0.013542 0.062963
0 0.418490 0.072222 0.010937 0.062963
0 0.429167 0.087963 0.014583 0.068519
0 0.440885 0.103241 0.017188 0.076852
0 0.446354 0.077315 0.009375 0.052778
0 0.861979 0.525000 0.052083 0.246296
0 0.651042 0.796296 0.172917 0.407407
0 0.625521 0.840741 0.092708 0.314815
0 0.437240 0.806019 0.147396 0.386111
