0 0.791667 0.760185 0.130208 0.464815
0 0.228906 0.418056 0.018229 0.082407
0 0.047396 0.158333 0.042708 0.153704
0 0.678385 0.094444 0.031771 0.170370
0 0.644271 0.234259 0.057292 0.253704
0 0.685417 0.226852 0.045833 0.242593
0 0.895833 0.714815 0.083333 0.477778
0 0.397135 0.061574 0.031771 0.119444
0 0.416406 0.461574 0.067187 0.347222
0 0.640625 0.356944 0.052083 0.347222
0 0.665625 0.548148 0.087500 0.477778
0 0.677083 0.510185 0.054167 0.387037
0 0.745573 0.424537 0.063021 0.352778
0 0.732812 0.318056 0.051042 0.291667
0 0.788802 0.370370 0.064062 0.374074
0 0.801042 0.287037 0.043750 0.301852
0 0.864844 0.478704 0.075521 0.381481
0 0.927083 0.480093 0.060417 0.356481
0 0.765365 0.144444 0.039062 0.183333
0 0.752865 0.087963 0.032813 0.175926
0 0.717969 0.093519 0.035937 0.183333
0 0.709115 0.843981 0.119271 0.310185
