0 0.872135 0.517593 0.072396 0.225926
0 0.371875 0.470370 0.068750 0.338889
0 0.290885 0.377778 0.044271 0.277778
0 0.528125 0.422685 0.093750 0.225000
0 0.476823 0.237037 0.035937 0.170370
0 0.431510 0.224074 0.038021 0.188889
0 0.461979 0.202315 0.028125 0.145370
0 0.452344 0.159722 0.019271 0.110185
0 0.424479 0.194444 0.028125 0.157407
0 0.390885 0.205093 0.029687 0.156481
0 0.368490 0.205093 0.020313 0.149074
0 0.357812 0.200926 0.019792 0.170370
0 0.342969 0.194907 0.017188 0.150926
0 0.388281 0.127778 0.015104 0.050000
0 0.432292 0.087963 0.018750 0.074074
0 0.410417 0.113889 0.017708 0.090741
0 0.399740 0.092130 0.009896 0.056481
0 0.412240 0.063426 0.005729 0.026852
0 0.417448 0.066667 0.004687 0.029630
0 0.424740 0.063426 0.008854 0.045370
