0 0.068229 0.579630 0.030208 0.159259
0 0.708073 0.076852 0.023438 0.150000
0 0.704427 0.267130 0.047396 0.239815
0 0.749219 0.246759 0.041146 0.247222
0 0.749479 0.328241 0.054167 0.282407
0 0.806510 0.322685 0.054688 0.299074
0 0.683073 0.322685 0.066146 0.308333
0 0.455729 0.455093 0.089583 0.426852
0 0.390885 0.512037 0.079687 0.427778
0 0.792708 0.610185 0.052083 0.333333
0 0.847656 0.562963 0.099479 0.425926
0 0.856510 0.720833 0.109896 0.556481
0 0.623958 0.639352 0.087500 0.508333
0 0.746094 0.718056 0.091146 0.560185
0 0.565104 0.775463 0.130208 0.443519
0 0.666146 0.794444 0.103125 0.409259
