0 0.287240 0.195370 0.059896 0.303704
0 0.259115 0.244444 0.079687 0.379630
0 0.196615 0.182407 0.064062 0.238889
0 0.556250 0.480556 0.133333 0.544444
0 0.135156 0.353241 0.067187 0.415741
0 0.145052 0.180556 0.054688 0.255556
0 0.342448 0.243519 0.078646 0.372222
0 0.386979 0.131944 0.044792 0.200926
0 0.469271 0.309722 0.091667 0.434259
0 0.409635 0.161111 0.048438 0.190741
0 0.230990 0.379167 0.078646 0.497222
0 0.073177 0.476852 0.077604 0.537037
0 0.352604 0.322222 0.097917 0.405556
0 0.856510 0.782407 0.113021 0.433333
0 0.300521 0.648148 0.173958 0.703704
