0 0.609115 0.794444 0.175521 0.337037
0 0.575781 0.715278 0.189062 0.358333
0 0.481250 0.537963 0.001042 0.001852
0 0.610156 0.572685 0.063021 0.423148
0 0.535677 0.557407 0.111979 0.279630
0 0.548177 0.425463 0.045312 0.302778
0 0.477344 0.243519 0.061979 0.122222
0 0.455990 0.091667 0.008854 0.062963
0 0.446094 0.082407 0.007812 0.046296
0 0.437500 0.066667 0.007292 0.042593
0 0.427604 0.066204 0.007292 0.043519
0 0.417708 0.060185 0.006250 0.037037
0 0.416927 0.086574 0.008854 0.058333
0 0.403125 0.070370 0.006250 0.044444
0 0.395313 0.112500 0.015625 0.039815
0 0.407031 0.120370 0.017188 0.094444
0 0.390625 0.143056 0.022917 0.073148
0 0.371615 0.176389 0.023438 0.136111
0 0.364844 0.218981 0.019271 0.115741
0 0.380729 0.267593 0.021875 0.138889
0 0.361719 0.273611 0.069271 0.152778
0 0.356771 0.288889 0.045833 0.144444
0 0.461458 0.562037 0.067708 0.492593
0 0.283073 0.518519 0.125521 0.333333
0 0.261198 0.640741 0.159896 0.355556
0 0.234896 0.745833 0.186458 0.432407
0 0.670312 0.849537 0.182292 0.299074
