0 0.441667 0.091204 0.010417 0.058333
0 0.439323 0.072222 0.008854 0.044444
0 0.428646 0.075463 0.012500 0.058333
0 0.418750 0.065741 0.011458 0.053704
0 0.404687 0.077315 0.009375 0.032407
0 0.393490 0.111574 0.023438 0.047222
0 0.396094 0.128241 0.011979 0.106481
0 0.427865 0.112037 0.017188 0.072222
0 0.447396 0.118519 0.016667 0.083333
0 0.471615 0.162037 0.025521 0.057407
0 0.468229 0.190278 0.042708 0.086111
0 0.471875 0.201852 0.026042 0.094444
0 0.451042 0.218056 0.017708 0.089815
0 0.427083 0.193519 0.028125 0.146296
0 0.384896 0.149537 0.031250 0.054630
0 0.354427 0.169444 0.015104 0.138889
0 0.369010 0.165278 0.017188 0.128704
0 0.380729 0.204167 0.031250 0.163889
0 0.356510 0.221296 0.042188 0.153704
0 0.604427 0.761111 0.194271 0.377778
0 0.551302 0.546296 0.126562 0.277778
0 0.529687 0.456019 0.044792 0.328704
0 0.522135 0.455556 0.096354 0.214815
0 0.321875 0.412037 0.106250 0.214815
0 0.298177 0.466667 0.105729 0.257407
0 0.279687 0.556019 0.128125 0.297222
0 0.251042 0.695833 0.172917 0.369444
