0 0.381250 0.152315 0.018750 0.130556
0 0.364323 0.180093 0.031771 0.125000
0 0.410938 0.150926 0.019792 0.090741
0 0.430208 0.152778 0.017708 0.105556
0 0.458594 0.145833 0.021354 0.132407
0 0.361979 0.280556 0.086458 0.162963
0 0.884635 0.581944 0.074479 0.360185
0 0.492188 0.425463 0.084375 0.358333
0 0.415365 0.446296 0.067187 0.372222
0 0.293490 0.701389 0.071354 0.560185
0 0.227083 0.753704 0.103125 0.490741
0 0.373958 0.677315 0.085417 0.587963
0 0.507812 0.725926 0.095833 0.544444
0 0.627344 0.756481 0.113021 0.485185
0 0.442448 0.095370 0.007812 0.068519
0 0.425000 0.059259 0.008333 0.040741
0 0.413542 0.085648 0.012500 0.067593
0 0.422917 0.096759 0.010417 0.058333
0 0.434115 0.091667 0.011979 0.064815
0 0.445312 0.120833 0.015625 0.086111
0 0.401562 0.151389 0.016667 0.104630
0 0.298438 0.438426 0.082292 0.234259
0 0.304167 0.462037 0.078125 0.231481
0 0.273698 0.545833 0.119271 0.295370
0 0.582552 0.640278 0.120313 0.308333
0 0.554167 0.549074 0.055208 0.448148
