0 0.029948 0.147685 0.022396 0.119444
0 0.036979 0.143056 0.025000 0.130556
0 0.085417 0.146296 0.022917 0.138889
0 0.661198 0.085185 0.028646 0.155556
0 0.706250 0.101389 0.026042 0.147222
0 0.694792 0.236111 0.053125 0.248148
0 0.721094 0.308333 0.035937 0.250000
0 0.753125 0.322685 0.053125 0.286111
0 0.779427 0.377315 0.075521 0.352778
0 0.621875 0.340741 0.051042 0.305556
0 0.697135 0.378704 0.069271 0.305556
0 0.772656 0.480556 0.074479 0.403704
0 0.681250 0.643519 0.086458 0.462963
0 0.725000 0.609722 0.139583 0.571296
0 0.808594 0.780093 0.119271 0.436111
0 0.625521 0.823611 0.137500 0.349074
0 0.496094 0.858796 0.113021 0.278704
