0 0.558073 0.037963 0.015104 0.075926
0 0.565625 0.000926 0.000000 0.000000
0 0.564583 0.071759 0.011458 0.086111
0 0.491667 0.032407 0.012500 0.061111
0 0.574740 0.175000 0.032813 0.172222
0 0.553125 0.113889 0.019792 0.129630
0 0.514583 0.203704 0.027083 0.194444
0 0.469271 0.197685 0.033333 0.202778
0 0.343750 0.115278 0.022917 0.089815
0 0.300781 0.167593 0.024479 0.088889
0 0.324219 0.164352 0.021354 0.086111
0 0.355990 0.196296 0.017188 0.079630
0 0.380469 0.218056 0.026562 0.134259
0 0.423958 0.227778 0.026042 0.129630
0 0.413802 0.238889 0.035937 0.150000
0 0.394271 0.283333 0.036458 0.155556
0 0.338281 0.275000 0.033854 0.164815
0 0.321615 0.292593 0.050521 0.162963
0 0.260417 0.227778 0.029167 0.135185
0 0.216146 0.273611 0.077083 0.160185
0 0.504687 0.254630 0.033333 0.227778
0 0.538281 0.249074 0.032813 0.216667
0 0.577344 0.220370 0.033854 0.188889
0 0.620833 0.372222 0.030208 0.255556
0 0.585417 0.388426 0.061458 0.313889
0 0.356510 0.420833 0.075521 0.215741
0 0.264583 0.401389 0.060417 0.219444
0 0.202083 0.425463 0.059375 0.191667
0 0.147396 0.308796 0.059375 0.208333
0 0.065885 0.411574 0.032813 0.139815
0 0.251563 0.608796 0.052083 0.189815
0 0.172135 0.578241 0.066146 0.215741
0 0.192708 0.492130 0.087500 0.199074
0 0.072396 0.328241 0.054167 0.212037
0 0.040365 0.320370 0.039062 0.257407
0 0.121615 0.450926 0.063021 0.250000
0 0.095312 0.572222 0.061458 0.233333
0 0.334635 0.588889 0.078646 0.316667
0 0.338542 0.683333 0.088542 0.542593
0 0.156250 0.785185 0.093750 0.385185
0 0.441146 0.175000 0.027083 0.122222
0 0.408333 0.144444 0.033333 0.064815
0 0.029167 0.782407 0.057292 0.333333
0 0.098958 0.890741 0.130208 0.216667
0 0.653906 0.830556 0.082812 0.331481
0 0.572396 0.823611 0.103125 0.347222
