0 0.402604 0.069907 0.006250 0.047222
0 0.416927 0.060648 0.007812 0.039815
0 0.423177 0.064815 0.008854 0.046296
0 0.425781 0.054630 0.008854 0.022222
0 0.443750 0.075463 0.009375 0.049074
0 0.432812 0.072685 0.010417 0.050926
0 0.426823 0.098611 0.011979 0.058333
0 0.410417 0.093981 0.011458 0.063889
0 0.385156 0.159722 0.015104 0.095370
0 0.388802 0.139815 0.017188 0.103704
0 0.403906 0.148148 0.018229 0.120370
0 0.369271 0.173148 0.017708 0.137037
0 0.447656 0.169444 0.021354 0.131481
0 0.461198 0.191204 0.045312 0.084259
0 0.447917 0.198148 0.014583 0.105556
0 0.434375 0.199537 0.028125 0.162037
0 0.397917 0.191667 0.026042 0.155556
0 0.377865 0.205556 0.028646 0.150000
0 0.353646 0.202315 0.036458 0.169444
0 0.344792 0.194907 0.023958 0.152778
0 0.357031 0.234722 0.046354 0.141667
0 0.284896 0.379630 0.032292 0.279630
0 0.537500 0.421296 0.075000 0.224074
0 0.863281 0.525926 0.050521 0.238889
