0 0.606771 0.816204 0.179167 0.362037
0 0.577083 0.714352 0.179167 0.354630
0 0.494271 0.212963 0.026042 0.135185
0 0.450000 0.156944 0.023958 0.128704
0 0.423958 0.174074 0.031250 0.142593
0 0.435677 0.091204 0.013021 0.063889
0 0.431771 0.069907 0.007292 0.045370
0 0.427604 0.068981 0.005208 0.026852
0 0.417708 0.077315 0.012500 0.054630
0 0.420312 0.106481 0.020833 0.092593
0 0.405208 0.077315 0.007292 0.052778
0 0.395833 0.078704 0.007292 0.053704
0 0.388281 0.126852 0.009896 0.066667
0 0.400260 0.131019 0.016146 0.076852
0 0.388802 0.141204 0.021354 0.069444
0 0.357552 0.174537 0.018229 0.137963
0 0.372656 0.187037 0.027604 0.138889
0 0.366667 0.232870 0.043750 0.078704
0 0.368490 0.239815 0.061979 0.107407
0 0.369010 0.249537 0.075521 0.110185
0 0.359375 0.271296 0.072917 0.107407
0 0.365104 0.295370 0.083333 0.168519
0 0.328646 0.364815 0.051042 0.275926
0 0.326823 0.547222 0.150521 0.253704
0 0.266146 0.677778 0.129167 0.364815
0 0.225260 0.744444 0.167187 0.398148
0 0.724479 0.852315 0.087500 0.291667
