0 0.199479 0.306019 0.034375 0.089815
0 0.329948 0.085185 0.019271 0.048148
0 0.498177 0.163426 0.033854 0.134259
0 0.536198 0.134722 0.026562 0.141667
0 0.448177 0.152778 0.030729 0.101852
0 0.438802 0.169444 0.028646 0.077778
0 0.380469 0.129630 0.024479 0.050000
0 0.386458 0.173148 0.028125 0.048148
0 0.424219 0.194444 0.041146 0.068519
0 0.286719 0.104167 0.028646 0.115741
0 0.235937 0.173611 0.029167 0.139815
0 0.200781 0.166204 0.048438 0.141667
0 0.266406 0.217593 0.039062 0.072222
0 0.345052 0.236111 0.040104 0.085185
0 0.238802 0.293056 0.063021 0.195370
0 0.080729 0.303241 0.041667 0.208333
0 0.141406 0.250000 0.044271 0.216667
0 0.567448 0.142593 0.038021 0.150000
0 0.594531 0.214815 0.021354 0.183333
0 0.582552 0.262037 0.042188 0.214815
0 0.475000 0.268056 0.050000 0.210185
0 0.072396 0.470833 0.058333 0.137963
0 0.130469 0.463426 0.064062 0.156481
0 0.311458 0.436111 0.070833 0.212963
0 0.200781 0.468056 0.075521 0.149074
0 0.276042 0.544444 0.072917 0.238889
0 0.087760 0.780556 0.074479 0.305556
0 0.041406 0.794907 0.079687 0.265741
0 0.539583 0.621296 0.057292 0.342593
0 0.433594 0.627315 0.091146 0.389815
0 0.351302 0.617593 0.070312 0.351852
0 0.477344 0.856019 0.125521 0.286111
