0 0.476302 0.155556 0.006771 0.064815
0 0.493229 0.137037 0.010417 0.062963
0 0.517448 0.164815 0.008854 0.066667
0 0.480208 0.157870 0.012500 0.071296
0 0.423438 0.177778 0.014583 0.100000
0 0.410156 0.199074 0.020313 0.098148
0 0.405469 0.175926 0.020313 0.098148
0 0.410417 0.222685 0.016667 0.106481
0 0.508073 0.181481 0.018229 0.070370
0 0.526823 0.273148 0.023438 0.109259
0 0.482292 0.265278 0.023958 0.125000
0 0.498437 0.306481 0.036458 0.159259
0 0.485938 0.332407 0.032292 0.174074
0 0.459635 0.328241 0.033854 0.187963
0 0.426823 0.381944 0.042188 0.215741
0 0.515365 0.435648 0.048438 0.223148
0 0.478125 0.457407 0.030208 0.164815
0 0.542969 0.456944 0.049479 0.252778
0 0.498177 0.497222 0.057813 0.162963
0 0.677604 0.717130 0.072917 0.362037
0 0.417448 0.756481 0.069271 0.405556
0 0.428906 0.687963 0.071354 0.396296
0 0.465885 0.792130 0.080729 0.408333
0 0.134375 0.145833 0.013542 0.087963
0 0.317188 0.779630 0.090625 0.438889
0 0.420833 0.880556 0.102083 0.231481
0 0.469792 0.831481 0.098958 0.322222
0 0.549740 0.859259 0.114062 0.279630
