0 0.675260 0.153704 0.036979 0.222222
0 0.704427 0.248148 0.045312 0.203704
0 0.334635 0.483796 0.080729 0.360185
0 0.254427 0.539352 0.080729 0.347222
0 0.244271 0.684259 0.098958 0.457407
0 0.377344 0.659722 0.080729 0.495370
0 0.409635 0.440741 0.073438 0.324074
0 0.452083 0.363426 0.076042 0.304630
0 0.698698 0.500463 0.077604 0.323148
0 0.781771 0.719444 0.090625 0.524074
0 0.701042 0.635185 0.095833 0.474074
0 0.604427 0.543519 0.071354 0.453704
0 0.510156 0.660648 0.105729 0.493519
0 0.625521 0.733333 0.101042 0.475926
0 0.622396 0.860185 0.167708 0.277778
0 0.708073 0.052778 0.022396 0.101852
0 0.733594 0.050926 0.024479 0.098148
