0 0.595052 0.783796 0.115104 0.371296
0 0.583333 0.683796 0.161458 0.352778
0 0.580208 0.648611 0.110417 0.221296
0 0.554427 0.557870 0.142187 0.282407
0 0.574479 0.487500 0.045833 0.262037
0 0.468229 0.617593 0.086458 0.459259
0 0.421354 0.675000 0.137500 0.483333
0 0.813802 0.606481 0.066146 0.392593
0 0.269792 0.549074 0.105208 0.296296
0 0.289062 0.524074 0.087500 0.244444
0 0.313021 0.471759 0.073958 0.289815
0 0.326562 0.480556 0.050000 0.231481
0 0.524219 0.351389 0.054688 0.310185
0 0.397396 0.384722 0.055208 0.254630
0 0.486979 0.240741 0.029167 0.166667
0 0.455729 0.265278 0.045833 0.189815
0 0.450000 0.300926 0.032292 0.166667
0 0.409635 0.278704 0.047396 0.200000
0 0.468229 0.166667 0.020833 0.116667
0 0.415365 0.143056 0.017188 0.093519
0 0.434115 0.158333 0.016146 0.085185
0 0.346875 0.285185 0.052083 0.127778
0 0.361979 0.235185 0.032292 0.188889
0 0.377865 0.242130 0.029687 0.191667
0 0.400260 0.158333 0.015104 0.107407
0 0.444792 0.071759 0.008333 0.050926
0 0.397135 0.093981 0.014063 0.065741
0 0.411719 0.095833 0.013021 0.065741
0 0.427344 0.081019 0.009896 0.049074
0 0.414062 0.061111 0.007292 0.037037
0 0.438281 0.091667 0.013021 0.061111
0 0.452344 0.092593 0.013021 0.055556
0 0.444010 0.076852 0.006771 0.057407
0 0.888021 0.519444 0.054167 0.238889
0 0.970313 0.632870 0.056250 0.282407
