0 0.480208 0.128241 0.007292 0.037963
0 0.465365 0.128704 0.006771 0.035185
0 0.469531 0.140741 0.006771 0.046296
0 0.466927 0.161574 0.011979 0.056481
0 0.452344 0.172685 0.006771 0.041667
0 0.499740 0.158796 0.008854 0.054630
0 0.488542 0.176389 0.007292 0.056481
0 0.509635 0.209259 0.022396 0.118519
0 0.484635 0.246296 0.019271 0.098148
0 0.472656 0.210185 0.017188 0.111111
0 0.459375 0.248148 0.028125 0.146296
0 0.446354 0.220833 0.016667 0.110185
0 0.615885 0.736574 0.122396 0.521296
0 0.395573 0.806481 0.106771 0.385185
