0 0.117188 0.523148 0.013542 0.038889
0 0.239583 0.155556 0.013542 0.074074
0 0.124479 0.160648 0.007292 0.041667
0 0.132292 0.180093 0.021875 0.099074
0 0.420573 0.167130 0.018229 0.076852
0 0.409115 0.163426 0.011979 0.069444
0 0.508073 0.181944 0.009896 0.076852
0 0.500260 0.161574 0.008854 0.078704
0 0.488802 0.171759 0.010937 0.075000
0 0.502344 0.250463 0.023438 0.134259
0 0.526563 0.244444 0.017708 0.125926
0 0.481771 0.268519 0.022917 0.153704
0 0.428385 0.331019 0.044271 0.189815
0 0.475000 0.329167 0.035417 0.191667
0 0.504687 0.329630 0.033333 0.179630
0 0.502344 0.300000 0.029687 0.111111
0 0.539844 0.377778 0.031771 0.211111
0 0.542448 0.329630 0.028646 0.120370
0 0.539323 0.414815 0.039062 0.207407
0 0.689844 0.754630 0.054688 0.411111
0 0.677604 0.699074 0.057292 0.227778
0 0.475781 0.678704 0.055729 0.364815
0 0.513802 0.775463 0.074479 0.410185
0 0.418750 0.718981 0.066667 0.408333
0 0.355729 0.749074 0.068750 0.383333
0 0.423177 0.819907 0.061979 0.321296
0 0.441146 0.684259 0.045833 0.377778
0 0.368750 0.782407 0.087500 0.433333
0 0.481250 0.816667 0.098958 0.364815
0 0.522135 0.842593 0.120313 0.303704
0 0.617708 0.838426 0.128125 0.321296
