0 0.394271 0.149074 0.017708 0.101852
0 0.446094 0.077778 0.008854 0.042593
0 0.435156 0.068519 0.009896 0.050000
0 0.423177 0.071759 0.008854 0.050926
0 0.407813 0.077315 0.014583 0.034259
0 0.439323 0.076852 0.011979 0.037037
0 0.428906 0.075463 0.010937 0.054630
0 0.372135 0.172222 0.032813 0.075926
0 0.390104 0.123148 0.014583 0.085185
0 0.400000 0.156019 0.019792 0.125000
0 0.439844 0.115741 0.018229 0.083333
0 0.424219 0.131019 0.015104 0.073148
0 0.472656 0.196759 0.043229 0.099074
0 0.468750 0.186111 0.036458 0.162963
0 0.424479 0.189352 0.025000 0.130556
0 0.361719 0.192593 0.034896 0.103704
0 0.363542 0.231944 0.054167 0.132407
0 0.363281 0.250463 0.055729 0.137963
0 0.512760 0.419444 0.031771 0.309259
0 0.581771 0.475926 0.054167 0.316667
0 0.533333 0.461574 0.052083 0.356481
0 0.498437 0.440741 0.050000 0.322222
0 0.443750 0.486111 0.054167 0.374074
0 0.464844 0.517593 0.064062 0.381481
0 0.461719 0.551852 0.068229 0.377778
0 0.565885 0.625463 0.148438 0.280556
0 0.576562 0.740741 0.181250 0.377778
0 0.588281 0.740741 0.078646 0.514815
0 0.676562 0.855093 0.137500 0.280556
0 0.622917 0.812500 0.097917 0.373148
0 0.759635 0.854167 0.117188 0.289815
