0 0.426042 0.150926 0.009375 0.077778
0 0.415625 0.155556 0.012500 0.072222
0 0.405208 0.156481 0.012500 0.066667
0 0.392969 0.160648 0.009896 0.054630
0 0.480208 0.202778 0.016667 0.088889
0 0.496615 0.181019 0.018229 0.095370
0 0.511719 0.203704 0.018229 0.100000
0 0.523438 0.310185 0.042708 0.162963
0 0.495052 0.281019 0.028646 0.134259
0 0.475000 0.336111 0.029167 0.164815
0 0.440104 0.318519 0.029167 0.159259
0 0.490365 0.422685 0.044271 0.206481
0 0.547917 0.427315 0.048958 0.267593
0 0.503125 0.471296 0.044792 0.255556
0 0.480208 0.528241 0.052083 0.217593
0 0.422917 0.488426 0.061458 0.271296
0 0.435937 0.641204 0.085417 0.341667
0 0.284635 0.238426 0.017188 0.132407
