0 0.306510 0.105093 0.028646 0.125000
0 0.339844 0.117130 0.023438 0.108333
0 0.506510 0.039815 0.017188 0.061111
0 0.494271 0.128704 0.029167 0.144444
0 0.507292 0.085648 0.023958 0.099074
0 0.560677 0.053241 0.015104 0.087963
0 0.526302 0.053241 0.018229 0.078704
0 0.539062 0.042130 0.016667 0.071296
0 0.278646 0.110185 0.020833 0.120370
0 0.210938 0.170833 0.032292 0.152778
0 0.232552 0.184259 0.033854 0.157407
0 0.287240 0.168056 0.034896 0.084259
0 0.300781 0.164815 0.027604 0.094444
0 0.367188 0.168056 0.034375 0.095370
0 0.428125 0.181019 0.034375 0.125000
0 0.421354 0.226389 0.047917 0.130556
0 0.375781 0.209259 0.034896 0.109259
0 0.365885 0.237037 0.033854 0.105556
0 0.318750 0.224537 0.041667 0.104630
0 0.266146 0.202315 0.040625 0.095370
0 0.251302 0.218981 0.041146 0.134259
0 0.392448 0.267130 0.043229 0.132407
0 0.317188 0.279630 0.054167 0.151852
0 0.247656 0.247222 0.072396 0.166667
0 0.231771 0.245833 0.043750 0.084259
0 0.241927 0.277315 0.049479 0.154630
0 0.517448 0.155556 0.024479 0.138889
0 0.470052 0.213889 0.033854 0.183333
0 0.497656 0.231944 0.032813 0.173148
0 0.483073 0.238426 0.040104 0.212037
0 0.543490 0.207870 0.040104 0.202778
0 0.550781 0.250463 0.034896 0.212037
0 0.602344 0.335648 0.042188 0.262037
0 0.611198 0.401852 0.057813 0.285185
0 0.261198 0.376852 0.048438 0.201852
0 0.333333 0.417593 0.053125 0.227778
0 0.391406 0.392130 0.059896 0.315741
0 0.445312 0.371296 0.056250 0.287037
0 0.469531 0.408796 0.077604 0.315741
0 0.427083 0.581481 0.083333 0.446296
0 0.390625 0.527778 0.047917 0.264815
0 0.540885 0.500000 0.085938 0.355556
0 0.470313 0.717593 0.097917 0.479630
0 0.248698 0.571296 0.090104 0.270370
0 0.167969 0.393981 0.053646 0.189815
0 0.124740 0.450463 0.064062 0.319444
0 0.070833 0.482870 0.067708 0.217593
0 0.064323 0.704630 0.053646 0.185185
0 0.108073 0.731944 0.123438 0.339815
0 0.659896 0.847685 0.086458 0.295370
