0 0.589583 0.743519 0.203125 0.262963
0 0.599740 0.685648 0.134896 0.302778
0 0.604427 0.563426 0.065104 0.408333
0 0.522396 0.562500 0.097917 0.478704
0 0.564583 0.451852 0.059375 0.344444
0 0.485417 0.240741 0.046875 0.120370
0 0.467448 0.192130 0.023438 0.080556
0 0.457552 0.136574 0.014063 0.076852
0 0.437500 0.161574 0.023958 0.121296
0 0.420052 0.168056 0.019271 0.123148
0 0.445833 0.123611 0.015625 0.080556
0 0.441146 0.070833 0.005208 0.028704
0 0.436458 0.085185 0.010417 0.057407
0 0.423958 0.087963 0.007292 0.035185
0 0.414844 0.068519 0.009896 0.050000
0 0.397656 0.088426 0.013021 0.060185
0 0.397656 0.124074 0.031771 0.066667
0 0.390885 0.135185 0.025521 0.064815
0 0.391406 0.175926 0.019271 0.142593
0 0.381250 0.173611 0.016667 0.128704
0 0.348958 0.181944 0.018750 0.125000
0 0.352344 0.194444 0.019271 0.118519
0 0.367448 0.190278 0.028646 0.156481
0 0.362500 0.250000 0.055208 0.127778
0 0.363802 0.268981 0.070312 0.136111
0 0.353906 0.284259 0.064062 0.150000
0 0.305729 0.379167 0.056250 0.284259
0 0.279427 0.395370 0.042188 0.338889
0 0.278125 0.518519 0.113542 0.298148
0 0.259896 0.639352 0.164583 0.354630
0 0.234896 0.748148 0.187500 0.431481
0 0.553385 0.783796 0.110937 0.430556
0 0.665104 0.849537 0.177083 0.297222
