0 0.145052 0.165278 0.017188 0.095370
0 0.394010 0.165741 0.008854 0.051852
0 0.410417 0.169907 0.014583 0.075000
0 0.416667 0.237037 0.016667 0.088889
0 0.393229 0.236111 0.016667 0.101852
0 0.513802 0.159722 0.011979 0.060185
0 0.491927 0.186574 0.011979 0.073148
0 0.483073 0.146296 0.013021 0.055556
0 0.484115 0.255556 0.019271 0.098148
0 0.508073 0.231481 0.017188 0.088889
0 0.519792 0.268981 0.018750 0.119444
0 0.551823 0.304167 0.025521 0.137963
0 0.533854 0.293981 0.027083 0.149074
0 0.496875 0.288889 0.034375 0.157407
0 0.491927 0.314352 0.021354 0.086111
0 0.548177 0.448611 0.055729 0.245370
0 0.497396 0.474074 0.037500 0.246296
0 0.539583 0.564352 0.063542 0.287963
0 0.422917 0.539815 0.053125 0.244444
0 0.444271 0.672222 0.047917 0.222222
0 0.451562 0.811111 0.047917 0.301852
0 0.596094 0.718519 0.075521 0.392593
0 0.677604 0.728704 0.065625 0.338889
0 0.367708 0.758333 0.144792 0.481481
0 0.561458 0.796296 0.056250 0.405556
0 0.519792 0.907407 0.060417 0.183333
