0 0.320052 0.468519 0.127604 0.259259
0 0.561458 0.576852 0.132292 0.231481
0 0.650781 0.655556 0.070312 0.374074
0 0.590885 0.731481 0.202604 0.255556
0 0.552604 0.411111 0.051042 0.253704
0 0.544271 0.458333 0.050000 0.298148
0 0.516146 0.625000 0.077083 0.507407
0 0.466667 0.375000 0.053125 0.288889
0 0.435677 0.061111 0.007812 0.037037
0 0.449740 0.081019 0.007812 0.049074
0 0.403906 0.076389 0.008854 0.032407
0 0.419271 0.075000 0.010417 0.050000
0 0.425521 0.082870 0.005208 0.036111
0 0.411719 0.074074 0.007812 0.050000
0 0.444271 0.176852 0.020833 0.107407
0 0.419271 0.163889 0.022917 0.124074
0 0.391146 0.171296 0.022917 0.125926
0 0.375521 0.170370 0.028125 0.122222
0 0.358073 0.184722 0.033854 0.093519
0 0.366406 0.184722 0.015104 0.073148
0 0.354167 0.210648 0.032292 0.102778
0 0.562500 0.816204 0.133333 0.363889
0 0.277865 0.686574 0.115104 0.625000
