0 0.877604 0.524074 0.071875 0.229630
0 0.532813 0.458796 0.070833 0.210185
0 0.525000 0.436111 0.095833 0.227778
0 0.428125 0.457870 0.066667 0.345370
0 0.496094 0.326389 0.031771 0.139815
0 0.444792 0.260648 0.046875 0.195370
0 0.477865 0.207870 0.031771 0.093519
0 0.469010 0.205556 0.014063 0.083333
0 0.465365 0.178241 0.025521 0.136111
0 0.416146 0.062963 0.009375 0.035185
0 0.417448 0.071759 0.008854 0.037963
0 0.415625 0.094444 0.012500 0.050000
0 0.426302 0.067593 0.011979 0.048148
0 0.450260 0.063426 0.006771 0.045370
0 0.437760 0.081944 0.011979 0.052778
0 0.432812 0.082870 0.009375 0.050926
0 0.438281 0.148611 0.016146 0.119444
0 0.442708 0.119444 0.023958 0.087037
0 0.431250 0.104630 0.011458 0.061111
0 0.422396 0.120833 0.016667 0.086111
0 0.404687 0.083333 0.009375 0.066667
0 0.413802 0.195833 0.028646 0.147222
0 0.413802 0.144444 0.029687 0.116667
0 0.395573 0.122222 0.022396 0.064815
0 0.387500 0.112500 0.010417 0.065741
0 0.382031 0.148611 0.035937 0.075000
0 0.375000 0.162037 0.025000 0.083333
0 0.361458 0.181944 0.031250 0.084259
0 0.359115 0.202315 0.023438 0.100926
0 0.352344 0.201389 0.035937 0.089815
0 0.374219 0.235185 0.018229 0.100000
0 0.358854 0.331019 0.055208 0.267593
0 0.201042 0.810185 0.130208 0.372222
0 0.176563 0.829167 0.181250 0.337963
