0 0.608594 0.775926 0.198437 0.379630
0 0.558073 0.611574 0.059896 0.441667
0 0.564063 0.598611 0.143750 0.287963
0 0.529167 0.584722 0.082292 0.228704
0 0.396094 0.142593 0.016146 0.057407
0 0.412500 0.109259 0.012500 0.057407
0 0.410677 0.064815 0.007812 0.042593
0 0.421875 0.073611 0.011458 0.060185
0 0.427865 0.070370 0.007812 0.048148
0 0.449219 0.066667 0.006771 0.044444
0 0.440625 0.085185 0.007292 0.046296
0 0.441667 0.122685 0.019792 0.106481
0 0.455208 0.137500 0.017708 0.102778
0 0.390625 0.189815 0.023958 0.146296
0 0.415625 0.200926 0.033333 0.170370
0 0.442188 0.197222 0.020833 0.164815
0 0.367969 0.182407 0.023438 0.107407
0 0.348698 0.200463 0.028646 0.082407
0 0.355990 0.232407 0.031771 0.096296
0 0.481250 0.230093 0.021875 0.110185
0 0.355990 0.296759 0.050521 0.141667
0 0.399479 0.322222 0.046875 0.235185
0 0.432552 0.287963 0.039062 0.192593
0 0.441406 0.368056 0.032813 0.171296
0 0.296354 0.470370 0.100000 0.262963
0 0.307552 0.495370 0.046354 0.411111
0 0.357812 0.474537 0.053125 0.362037
0 0.490885 0.433796 0.070312 0.362037
0 0.401562 0.526389 0.091667 0.441667
0 0.602604 0.782407 0.089583 0.433333
0 0.629427 0.816204 0.149479 0.363889
0 0.181250 0.723611 0.092708 0.550926
