0 0.871615 0.525463 0.063021 0.230556
0 0.285938 0.499074 0.098958 0.277778
0 0.571615 0.527778 0.092188 0.177778
0 0.536979 0.419907 0.073958 0.223148
0 0.484896 0.370833 0.041667 0.225000
0 0.443750 0.356944 0.070833 0.275000
0 0.299479 0.311574 0.061458 0.275000
0 0.384635 0.317130 0.049479 0.247222
0 0.460156 0.191667 0.045312 0.087037
0 0.460938 0.195370 0.019792 0.085185
0 0.435417 0.193981 0.021875 0.100926
0 0.412500 0.255556 0.030208 0.164815
0 0.382031 0.251852 0.042188 0.177778
0 0.374740 0.190741 0.029687 0.144444
0 0.357552 0.212037 0.028646 0.153704
0 0.355469 0.183796 0.022396 0.141667
0 0.346615 0.224537 0.022396 0.091667
0 0.345573 0.182870 0.019271 0.128704
0 0.397135 0.125000 0.022396 0.066667
0 0.417708 0.063889 0.009375 0.042593
0 0.191667 0.796296 0.182292 0.407407
0 0.399479 0.778704 0.142708 0.440741
