0 0.423177 0.074537 0.011979 0.056481
0 0.428385 0.070370 0.008854 0.040741
0 0.438542 0.079630 0.010417 0.042593
0 0.472396 0.171296 0.018750 0.068519
0 0.477083 0.200463 0.034375 0.095370
0 0.465885 0.195833 0.032813 0.078704
0 0.453906 0.108333 0.011979 0.072222
0 0.444531 0.104167 0.011979 0.069444
0 0.427865 0.101389 0.013021 0.071296
0 0.423438 0.119907 0.009375 0.039815
0 0.409635 0.099074 0.013021 0.074074
0 0.403906 0.062037 0.005729 0.037037
0 0.388542 0.155556 0.016667 0.070370
0 0.391146 0.115741 0.018750 0.037037
0 0.375260 0.163889 0.025521 0.075926
0 0.370312 0.167130 0.022917 0.132407
0 0.387760 0.190278 0.036979 0.141667
0 0.366667 0.200463 0.038542 0.162037
0 0.344271 0.193056 0.023958 0.152778
0 0.592708 0.757407 0.220833 0.368519
0 0.559115 0.558796 0.110937 0.300926
0 0.516146 0.469907 0.092708 0.197222
0 0.415885 0.441204 0.071354 0.382407
0 0.322656 0.415741 0.101562 0.222222
0 0.298177 0.467593 0.104688 0.251852
0 0.278906 0.555556 0.132812 0.298148
0 0.234635 0.697685 0.146354 0.356481
