0 0.357552 0.190741 0.041146 0.107407
0 0.350781 0.225463 0.048438 0.119444
0 0.427865 0.063426 0.006771 0.037963
0 0.432292 0.062037 0.009375 0.046296
0 0.445833 0.075463 0.009375 0.047222
0 0.392969 0.131481 0.020313 0.053704
0 0.370833 0.146296 0.013542 0.081481
0 0.378646 0.139815 0.019792 0.098148
0 0.472135 0.131481 0.015104 0.088889
0 0.464844 0.162963 0.025521 0.077778
0 0.440365 0.148611 0.019271 0.121296
0 0.423438 0.135648 0.017708 0.100926
0 0.410417 0.151852 0.019792 0.109259
0 0.510938 0.447222 0.122917 0.231481
0 0.486719 0.433796 0.056771 0.317593
0 0.531510 0.620370 0.117188 0.475926
0 0.624219 0.792130 0.106771 0.356481
0 0.303385 0.469444 0.118229 0.262963
0 0.253385 0.636574 0.134896 0.315741
0 0.160417 0.737037 0.095833 0.524074
