0 0.522135 0.062963 0.023438 0.101852
0 0.511719 0.087500 0.023438 0.121296
0 0.505208 0.072222 0.018750 0.094444
0 0.434896 0.058796 0.016667 0.076852
0 0.454167 0.137963 0.027083 0.107407
0 0.590885 0.196759 0.021354 0.158333
0 0.467969 0.175000 0.028646 0.127778
0 0.563802 0.215278 0.025521 0.191667
0 0.442969 0.195833 0.042188 0.189815
0 0.314844 0.158796 0.032813 0.158333
0 0.325781 0.292130 0.046354 0.152778
0 0.382552 0.293981 0.045312 0.160185
0 0.595052 0.209722 0.036979 0.160185
0 0.457292 0.346759 0.061458 0.282407
0 0.549479 0.269907 0.048958 0.221296
0 0.204948 0.323148 0.058854 0.264815
0 0.317188 0.447222 0.062500 0.205556
0 0.090104 0.354630 0.046875 0.281481
0 0.089583 0.491204 0.059375 0.280556
0 0.104688 0.840741 0.140625 0.311111
0 0.105469 0.566667 0.075521 0.301852
0 0.383333 0.479167 0.067708 0.332407
0 0.318750 0.581019 0.080208 0.430556
0 0.334635 0.700463 0.113021 0.486111
0 0.521875 0.424537 0.054167 0.287963
0 0.542188 0.611111 0.083333 0.466667
0 0.804948 0.818519 0.106771 0.361111
0 0.455990 0.150463 0.021354 0.089815
0 0.537500 0.082407 0.022917 0.111111
0 0.498698 0.281481 0.039062 0.220370
0 0.586198 0.163426 0.027604 0.163889
0 0.430469 0.380556 0.054688 0.255556
0 0.314583 0.057870 0.014583 0.084259
0 0.597656 0.244907 0.032813 0.171296
0 0.498177 0.189815 0.038021 0.144444
0 0.162500 0.314815 0.040625 0.270370
0 0.555729 0.077315 0.014583 0.097222
0 0.250521 0.333333 0.056250 0.259259
0 0.547917 0.208333 0.055208 0.194444
0 0.356250 0.158796 0.027083 0.126852
0 0.046875 0.302778 0.040625 0.246296
0 0.080990 0.430093 0.055729 0.250926
0 0.463281 0.222222 0.020313 0.120370
0 0.114323 0.778241 0.110937 0.367593
0 0.454427 0.084259 0.016146 0.074074
0 0.193490 0.597685 0.068229 0.287963
0 0.373698 0.219907 0.029687 0.115741
0 0.278906 0.553241 0.063021 0.315741
0 0.435937 0.627315 0.057292 0.434259
0 0.241146 0.201389 0.045833 0.212037
0 0.601562 0.386111 0.059375 0.327778
0 0.384896 0.100463 0.033333 0.125000
0 0.604427 0.553704 0.077604 0.401852
0 0.313281 0.262500 0.057813 0.182407
0 0.512240 0.732407 0.081771 0.459259
0 0.511458 0.103241 0.025000 0.115741
0 0.343490 0.268056 0.027604 0.162037
0 0.029427 0.676389 0.058854 0.275000
0 0.667969 0.813426 0.070312 0.358333
0 0.669271 0.866667 0.137500 0.264815
