0 0.445312 0.078241 0.010417 0.054630
0 0.435156 0.091667 0.014063 0.062963
0 0.448437 0.095370 0.012500 0.046296
0 0.430990 0.067593 0.010937 0.048148
0 0.383594 0.131944 0.029687 0.062037
0 0.389583 0.128241 0.014583 0.062037
0 0.381510 0.143981 0.029687 0.073148
0 0.373177 0.178704 0.034896 0.100000
0 0.360938 0.191204 0.040625 0.108333
0 0.350521 0.213426 0.040625 0.108333
0 0.364323 0.276389 0.082812 0.150926
0 0.440885 0.267593 0.026562 0.151852
0 0.422917 0.320370 0.054167 0.264815
0 0.303646 0.429630 0.076042 0.224074
0 0.302344 0.466667 0.118229 0.285185
0 0.295052 0.550000 0.160938 0.312963
0 0.462500 0.412037 0.053125 0.314815
0 0.442969 0.489815 0.054688 0.303704
0 0.548177 0.596759 0.101562 0.304630
0 0.566146 0.642130 0.155208 0.310185
0 0.608854 0.776852 0.189583 0.374074
0 0.173437 0.831481 0.178125 0.335185
