0 0.268750 0.554167 0.101042 0.293519
0 0.286458 0.523148 0.087500 0.274074
0 0.309375 0.475926 0.071875 0.301852
0 0.357812 0.546759 0.086458 0.425000
0 0.416927 0.592130 0.068229 0.325000
0 0.367188 0.397222 0.051042 0.281481
0 0.425781 0.428704 0.056771 0.292593
0 0.450260 0.448611 0.036979 0.256481
0 0.502865 0.398148 0.057813 0.362963
0 0.469010 0.369444 0.040104 0.272222
0 0.431250 0.300926 0.051042 0.235185
0 0.597656 0.721759 0.113021 0.475000
0 0.863542 0.690741 0.071875 0.351852
0 0.359375 0.256944 0.027083 0.134259
0 0.368229 0.223148 0.023958 0.150000
0 0.383594 0.238889 0.019271 0.135185
0 0.398438 0.232870 0.019792 0.175000
0 0.413802 0.238426 0.024479 0.195370
0 0.449740 0.153704 0.019271 0.092593
0 0.456250 0.205556 0.026042 0.148148
0 0.387240 0.136574 0.013021 0.086111
0 0.396354 0.133333 0.012500 0.090741
0 0.470833 0.152315 0.018750 0.112037
0 0.397917 0.078241 0.012500 0.058333
0 0.412760 0.087037 0.013021 0.053704
0 0.425000 0.090278 0.012500 0.045370
0 0.445833 0.107870 0.016667 0.069444
0 0.441406 0.078704 0.011979 0.055556
0 0.525260 0.815278 0.069271 0.362037
