0 0.428646 0.070833 0.011458 0.052778
0 0.436979 0.077315 0.010417 0.054630
0 0.389844 0.134722 0.022396 0.076852
0 0.417448 0.060185 0.007812 0.048148
0 0.463021 0.284259 0.046875 0.222222
0 0.514583 0.552315 0.071875 0.465741
0 0.303125 0.432407 0.079167 0.244444
0 0.270573 0.550463 0.113021 0.317593
0 0.358594 0.193056 0.035937 0.110185
0 0.352865 0.216204 0.039062 0.113889
0 0.322656 0.313889 0.046354 0.257407
0 0.352083 0.282407 0.027083 0.125926
0 0.518750 0.595833 0.051042 0.484259
0 0.407031 0.219444 0.033854 0.183333
0 0.297135 0.471296 0.103646 0.266667
0 0.420573 0.131019 0.018229 0.089815
0 0.445833 0.203241 0.032292 0.150926
0 0.616667 0.750463 0.078125 0.499074
