0 0.397917 0.368519 0.019792 0.094444
0 0.034896 0.157407 0.029167 0.144444
0 0.740104 0.076389 0.019792 0.115741
0 0.748437 0.124537 0.035417 0.175000
0 0.780469 0.127315 0.034896 0.197222
0 0.716406 0.107407 0.027604 0.168519
0 0.696615 0.128241 0.038021 0.195370
0 0.648177 0.166667 0.046354 0.246296
0 0.695052 0.240741 0.035937 0.253704
0 0.624479 0.262500 0.040625 0.262037
0 0.664583 0.264815 0.045833 0.274074
0 0.642448 0.488426 0.056771 0.402778
0 0.721615 0.434722 0.066146 0.425000
0 0.773958 0.439352 0.063542 0.400926
0 0.703646 0.333796 0.040625 0.221296
0 0.728385 0.275463 0.048438 0.250926
0 0.767448 0.285185 0.039062 0.233333
0 0.799479 0.356481 0.051042 0.257407
0 0.875521 0.591204 0.122917 0.393519
0 0.935156 0.625000 0.070312 0.374074
