0 0.427865 0.077778 0.010937 0.057407
0 0.412500 0.080556 0.010417 0.066667
0 0.453646 0.086111 0.010417 0.064815
0 0.443750 0.077778 0.008333 0.059259
0 0.391667 0.142593 0.015625 0.118519
0 0.447917 0.143519 0.032292 0.116667
0 0.412240 0.145370 0.018229 0.105556
0 0.434375 0.088426 0.011458 0.054630
0 0.423698 0.151852 0.017188 0.088889
0 0.378646 0.206481 0.018750 0.151852
0 0.352865 0.190741 0.033854 0.146296
0 0.399740 0.187500 0.024479 0.182407
0 0.513802 0.270833 0.043229 0.206481
0 0.475781 0.277315 0.044271 0.195370
0 0.435937 0.253241 0.047917 0.215741
0 0.378385 0.335185 0.054688 0.272222
0 0.303125 0.315741 0.051042 0.218519
0 0.594010 0.436111 0.029687 0.188889
0 0.500521 0.471759 0.054167 0.369444
0 0.416927 0.475926 0.068229 0.351852
0 0.561198 0.514815 0.070312 0.398148
0 0.460156 0.519907 0.077604 0.387963
0 0.335417 0.471759 0.079167 0.404630
0 0.234896 0.514352 0.053125 0.400926
0 0.304167 0.554630 0.076042 0.379630
0 0.598437 0.717593 0.181250 0.298148
0 0.245052 0.512963 0.074479 0.405556
0 0.555729 0.741204 0.135417 0.471296
0 0.118750 0.800926 0.162500 0.394444
