0 0.230729 0.347685 0.009375 0.054630
0 0.220833 0.356481 0.010417 0.061111
0 0.226823 0.392593 0.013021 0.096296
0 0.245833 0.391667 0.012500 0.101852
0 0.236719 0.401852 0.019271 0.098148
0 0.048177 0.131019 0.031771 0.125000
0 0.073177 0.569907 0.038021 0.136111
0 0.089844 0.554630 0.042188 0.161111
0 0.349219 0.388426 0.016146 0.073148
0 0.396615 0.421759 0.020313 0.100926
0 0.342969 0.075463 0.039062 0.130556
0 0.786458 0.131019 0.032292 0.175000
0 0.756771 0.125926 0.040625 0.201852
0 0.736719 0.105556 0.026562 0.159259
0 0.707031 0.103704 0.036979 0.181481
0 0.665885 0.126852 0.033854 0.194444
0 0.711458 0.151389 0.036458 0.197222
0 0.683333 0.163889 0.030208 0.161111
0 0.662760 0.247222 0.052604 0.246296
0 0.621615 0.313426 0.041146 0.313889
0 0.665365 0.345370 0.059896 0.324074
0 0.778385 0.376852 0.074479 0.370370
0 0.717708 0.393981 0.055208 0.323148
0 0.719271 0.548611 0.084375 0.389815
0 0.884115 0.477315 0.064062 0.421296
0 0.867708 0.550000 0.083333 0.424074
0 0.848437 0.609259 0.088542 0.370370
0 0.828385 0.638426 0.113021 0.476852
0 0.885156 0.774537 0.120313 0.449074
0 0.758073 0.738426 0.118229 0.521296
0 0.590365 0.782407 0.063021 0.433333
