0 0.920833 0.653704 0.073958 0.351852
0 0.864583 0.562037 0.065625 0.166667
0 0.459635 0.186574 0.032813 0.095370
0 0.451042 0.187037 0.021875 0.138889
0 0.436979 0.164815 0.034375 0.072222
0 0.431771 0.225000 0.034375 0.177778
0 0.466927 0.148148 0.014063 0.090741
0 0.458073 0.117130 0.015104 0.076852
0 0.441927 0.138426 0.018229 0.089815
0 0.450521 0.082407 0.007292 0.042593
0 0.437500 0.107407 0.019792 0.085185
0 0.432292 0.084722 0.009375 0.056481
0 0.427604 0.085185 0.011458 0.061111
0 0.421094 0.071759 0.008854 0.054630
0 0.410417 0.086574 0.006250 0.043519
0 0.414583 0.082870 0.009375 0.056481
0 0.404948 0.139352 0.017188 0.099074
0 0.413021 0.142130 0.027083 0.123148
0 0.381250 0.135185 0.018750 0.100000
0 0.384896 0.157870 0.013542 0.110185
0 0.384896 0.224537 0.034375 0.173148
0 0.365885 0.201389 0.025521 0.158333
0 0.350781 0.195833 0.019271 0.152778
0 0.490365 0.443519 0.061979 0.375926
0 0.423958 0.419444 0.062500 0.359259
0 0.367448 0.432870 0.069271 0.300926
0 0.233594 0.714352 0.145313 0.395370
0 0.300000 0.358796 0.055208 0.197222
0 0.965885 0.694444 0.067187 0.398148
