0 0.167708 0.180093 0.007292 0.056481
0 0.182552 0.146759 0.009896 0.063889
0 0.121875 0.207407 0.029167 0.114815
0 0.425260 0.145833 0.017188 0.082407
0 0.399479 0.170370 0.013542 0.077778
0 0.420573 0.231944 0.009896 0.100926
0 0.409635 0.232870 0.020313 0.117593
0 0.391927 0.231944 0.017188 0.119444
0 0.488021 0.098611 0.009375 0.062037
0 0.506250 0.231481 0.021875 0.112963
0 0.476562 0.260648 0.019792 0.132407
0 0.516406 0.271296 0.026562 0.129630
0 0.502865 0.282870 0.043229 0.152778
0 0.514844 0.313889 0.025521 0.155556
0 0.680729 0.724074 0.071875 0.340741
0 0.406250 0.779630 0.102083 0.438889
