0 0.523438 0.651389 0.077083 0.332407
0 0.133333 0.152778 0.015625 0.094444
0 0.434115 0.312963 0.032813 0.174074
0 0.478906 0.283796 0.030729 0.171296
0 0.497917 0.209259 0.018750 0.090741
0 0.487500 0.142593 0.010417 0.053704
0 0.149740 0.152778 0.017188 0.094444
0 0.462240 0.368519 0.042188 0.168519
0 0.394010 0.157407 0.015104 0.085185
0 0.501563 0.297222 0.035417 0.150000
0 0.139063 0.594907 0.025000 0.110185
0 0.487240 0.204630 0.013021 0.100000
0 0.474479 0.600463 0.050000 0.293519
0 0.111979 0.182407 0.017708 0.100000
0 0.449479 0.626852 0.063542 0.355556
0 0.477604 0.132870 0.010417 0.056481
0 0.492708 0.529167 0.063542 0.265741
0 0.155469 0.227315 0.021354 0.132407
0 0.504687 0.144444 0.010417 0.033333
0 0.496094 0.154630 0.010937 0.064815
0 0.539323 0.404630 0.046354 0.225926
0 0.519010 0.214352 0.016146 0.104630
0 0.517708 0.159259 0.014583 0.051852
0 0.476302 0.172685 0.010937 0.071296
0 0.507552 0.446759 0.045312 0.247222
0 0.398698 0.168519 0.013021 0.059259
0 0.214583 0.229167 0.041667 0.132407
0 0.426302 0.150000 0.015104 0.070370
0 0.404687 0.171296 0.016667 0.081481
0 0.411198 0.194444 0.020313 0.103704
