0 0.426823 0.579167 0.068229 0.436111
0 0.542188 0.656944 0.141667 0.319444
0 0.517188 0.544444 0.077083 0.375926
0 0.485938 0.517130 0.071875 0.373148
0 0.340885 0.398611 0.069271 0.321296
0 0.275521 0.427315 0.056250 0.393519
0 0.459115 0.420370 0.051562 0.320370
0 0.416146 0.228704 0.037500 0.151852
0 0.360417 0.255093 0.051042 0.139815
0 0.484896 0.220833 0.043750 0.195370
0 0.466927 0.193981 0.032813 0.110185
0 0.376563 0.183796 0.021875 0.123148
0 0.371875 0.179167 0.034375 0.099074
0 0.387500 0.147222 0.016667 0.103704
0 0.395833 0.150926 0.025000 0.112963
0 0.448958 0.172685 0.015625 0.086111
0 0.430469 0.151389 0.021354 0.113889
0 0.457031 0.088889 0.009896 0.068519
0 0.448177 0.088889 0.011979 0.062963
0 0.439844 0.084722 0.008854 0.060185
0 0.635938 0.849537 0.187500 0.289815
0 0.643750 0.666204 0.093750 0.415741
0 0.556510 0.548611 0.077604 0.371296
