0 0.674479 0.727315 0.076042 0.389815
0 0.534635 0.759722 0.086979 0.426852
0 0.442188 0.739815 0.093750 0.407407
0 0.396875 0.575463 0.061458 0.349074
0 0.444531 0.487037 0.046354 0.259259
0 0.402604 0.507870 0.050000 0.278704
0 0.536979 0.439815 0.050000 0.248148
0 0.493229 0.387037 0.044792 0.188889
0 0.553385 0.346296 0.029687 0.177778
0 0.416667 0.358796 0.044792 0.212037
0 0.451042 0.357407 0.033333 0.177778
0 0.478906 0.344444 0.033854 0.196296
0 0.523698 0.230556 0.016146 0.098148
0 0.509115 0.229630 0.018229 0.096296
0 0.502083 0.198148 0.011458 0.070370
0 0.484635 0.194444 0.020313 0.088889
0 0.479687 0.137037 0.010417 0.064815
0 0.496354 0.138426 0.008333 0.049074
0 0.422656 0.182407 0.018229 0.085185
0 0.413802 0.174537 0.016146 0.095370
0 0.404167 0.156019 0.013542 0.073148
0 0.394271 0.215741 0.016667 0.094444
0 0.153385 0.240278 0.025521 0.136111
0 0.121354 0.201389 0.023958 0.112037
0 0.154948 0.150926 0.013021 0.077778
0 0.139583 0.166204 0.017708 0.082407
0 0.121354 0.151852 0.017708 0.083333
