0 0.408333 0.192593 0.015625 0.077778
0 0.415104 0.231019 0.026042 0.113889
0 0.395313 0.218981 0.020833 0.104630
0 0.491406 0.306019 0.025521 0.123148
0 0.614844 0.700000 0.080729 0.366667
0 0.507812 0.771759 0.077083 0.441667
0 0.478646 0.651389 0.058333 0.373148
0 0.440625 0.756481 0.058333 0.394444
0 0.544531 0.550000 0.070312 0.294444
0 0.576302 0.512963 0.046354 0.250000
0 0.548177 0.415278 0.033854 0.163889
0 0.528646 0.394444 0.029167 0.177778
0 0.408854 0.622685 0.062500 0.375000
0 0.407552 0.528241 0.049479 0.208333
0 0.463802 0.600463 0.051562 0.275000
0 0.439844 0.504167 0.040104 0.252778
0 0.396354 0.512963 0.054167 0.290741
0 0.471615 0.413889 0.038021 0.200000
0 0.489063 0.397222 0.023958 0.166667
0 0.537500 0.318519 0.028125 0.150000
0 0.557292 0.320370 0.025000 0.146296
0 0.507292 0.264815 0.021875 0.127778
0 0.518229 0.281019 0.028125 0.136111
0 0.525000 0.188889 0.017708 0.081481
0 0.515625 0.163426 0.013542 0.060185
0 0.485156 0.174074 0.018229 0.083333
0 0.494271 0.151389 0.012500 0.067593
0 0.227865 0.243519 0.027604 0.105556
0 0.149740 0.213426 0.025521 0.121296
0 0.659115 0.790278 0.125521 0.415741
0 0.611198 0.802778 0.078646 0.392593
0 0.544271 0.840741 0.096875 0.316667
0 0.481250 0.800926 0.098958 0.396296
