0 0.573438 0.630093 0.141667 0.273148
0 0.586458 0.480093 0.041667 0.284259
0 0.547917 0.423148 0.047917 0.224074
0 0.579167 0.736574 0.132292 0.345370
0 0.462760 0.180093 0.026562 0.123148
0 0.430990 0.148148 0.020313 0.094444
0 0.379688 0.171759 0.019792 0.130556
0 0.360938 0.251852 0.044792 0.144444
0 0.351302 0.149537 0.014063 0.078704
0 0.292708 0.507870 0.084375 0.267593
0 0.464062 0.190741 0.017708 0.131481
0 0.517708 0.536574 0.088542 0.367593
0 0.397396 0.156019 0.021875 0.110185
0 0.394271 0.246759 0.025000 0.175000
0 0.350781 0.232870 0.029687 0.123148
0 0.486198 0.196759 0.020313 0.125000
0 0.621875 0.848148 0.229167 0.301852
