0 0.272917 0.247222 0.021875 0.079630
0 0.226302 0.577315 0.065104 0.362037
0 0.543750 0.526389 0.048958 0.275000
0 0.570833 0.754167 0.085417 0.441667
0 0.414844 0.226852 0.021354 0.122222
0 0.532552 0.208796 0.019271 0.106481
0 0.399740 0.241204 0.029687 0.141667
0 0.485417 0.217593 0.030208 0.111111
0 0.536979 0.347685 0.041667 0.195370
0 0.492708 0.226389 0.015625 0.104630
0 0.551042 0.463426 0.041667 0.269444
0 0.439063 0.350000 0.031250 0.194444
0 0.118490 0.160185 0.016146 0.088889
0 0.459896 0.335648 0.036458 0.195370
0 0.509635 0.324537 0.036979 0.176852
0 0.428125 0.384259 0.032292 0.224074
0 0.410677 0.420833 0.036979 0.239815
0 0.418750 0.462500 0.053125 0.256481
0 0.497135 0.401389 0.028646 0.217593
0 0.138802 0.628704 0.068229 0.331481
0 0.479687 0.500926 0.053125 0.300000
0 0.515365 0.448148 0.034896 0.214815
0 0.515625 0.585648 0.054167 0.284259
0 0.429948 0.713889 0.075521 0.351852
0 0.478385 0.719907 0.074479 0.343519
0 0.146094 0.156019 0.016146 0.097222
0 0.093750 0.811111 0.085417 0.375926
0 0.661198 0.855556 0.081771 0.287037
0 0.417187 0.811111 0.091667 0.375926
