0 0.423698 0.075926 0.010937 0.053704
0 0.353646 0.245370 0.038542 0.127778
0 0.438542 0.143519 0.022917 0.107407
0 0.373958 0.202778 0.028125 0.148148
0 0.424219 0.199537 0.017188 0.095370
0 0.412500 0.160648 0.014583 0.060185
0 0.393229 0.121296 0.014583 0.092593
0 0.446354 0.102315 0.015625 0.047222
0 0.460417 0.177315 0.014583 0.054630
0 0.606771 0.785185 0.179167 0.379630
0 0.433594 0.718056 0.110937 0.556481
0 0.420573 0.054167 0.008854 0.032407
0 0.341927 0.748611 0.069271 0.415741
0 0.402344 0.207870 0.019271 0.078704
0 0.550260 0.538426 0.118229 0.286111
0 0.375000 0.238889 0.026042 0.116667
0 0.234635 0.700463 0.141146 0.417593
0 0.385156 0.124074 0.021354 0.083333
0 0.415104 0.089815 0.014583 0.055556
0 0.480469 0.191204 0.041146 0.162037
0 0.572656 0.818056 0.194271 0.356481
0 0.136979 0.915741 0.130208 0.161111
0 0.187500 0.856481 0.169792 0.285185
