0 0.644010 0.790741 0.110937 0.231481
0 0.584375 0.748611 0.221875 0.358333
0 0.612760 0.675463 0.065104 0.291667
0 0.574479 0.687037 0.175000 0.314815
0 0.616406 0.543056 0.074479 0.297222
0 0.501042 0.490741 0.093750 0.394444
0 0.441667 0.540278 0.054167 0.265741
0 0.301042 0.486111 0.091667 0.229630
0 0.390104 0.382870 0.085417 0.356481
0 0.466406 0.191667 0.043229 0.107407
0 0.488281 0.225463 0.046354 0.182407
0 0.429948 0.221759 0.032813 0.186111
0 0.348698 0.253241 0.045312 0.173148
0 0.365365 0.177778 0.039062 0.101852
0 0.361198 0.190278 0.034896 0.100926
0 0.384635 0.138426 0.022396 0.099074
0 0.424740 0.121759 0.017188 0.087963
0 0.441667 0.099537 0.016667 0.073148
0 0.401823 0.085648 0.014063 0.054630
0 0.415365 0.089352 0.010937 0.067593
0 0.427083 0.089352 0.013542 0.065741
0 0.620573 0.859259 0.122396 0.279630
