0 0.457292 0.199074 0.018750 0.101852
0 0.506250 0.204630 0.018750 0.105556
0 0.482812 0.239815 0.019792 0.146296
0 0.474740 0.197685 0.016146 0.106481
0 0.589583 0.697222 0.105208 0.535185
0 0.513802 0.733333 0.113021 0.475926
0 0.440365 0.406019 0.054688 0.286111
0 0.396094 0.505556 0.058854 0.338889
0 0.459635 0.240741 0.026562 0.140741
0 0.458854 0.250926 0.028125 0.144444
0 0.441146 0.503241 0.061458 0.375000
0 0.490104 0.252315 0.032292 0.150926
0 0.566667 0.783796 0.101042 0.428704
0 0.511458 0.844444 0.139583 0.307407
