0 0.398698 0.133796 0.014063 0.108333
0 0.395052 0.150463 0.020313 0.106481
0 0.382552 0.218519 0.029687 0.157407
0 0.441146 0.097685 0.013542 0.076852
0 0.477865 0.197685 0.031771 0.102778
0 0.363021 0.253704 0.059375 0.137037
0 0.460938 0.131944 0.021875 0.060185
0 0.419531 0.187500 0.039062 0.160185
0 0.522917 0.523148 0.058333 0.383333
0 0.570312 0.441204 0.045833 0.321296
0 0.365104 0.678241 0.107292 0.613889
0 0.547656 0.490278 0.067187 0.375000
0 0.387760 0.136574 0.016146 0.100926
0 0.432031 0.559259 0.073438 0.275926
0 0.582812 0.732407 0.186458 0.342593
0 0.569792 0.628241 0.139583 0.287963
0 0.646875 0.744444 0.098958 0.509259
0 0.563802 0.476852 0.053646 0.359259
0 0.380469 0.207870 0.021354 0.136111
0 0.358594 0.177778 0.034896 0.075926
