0 0.495573 0.122222 0.009896 0.051852
0 0.478385 0.138426 0.011979 0.060185
0 0.516927 0.306481 0.038021 0.148148
0 0.441667 0.298611 0.029167 0.163889
0 0.488542 0.417593 0.036458 0.220370
0 0.510938 0.459259 0.039583 0.244444
0 0.457552 0.465278 0.052604 0.267593
0 0.393750 0.162037 0.016667 0.070370
0 0.121875 0.212037 0.033333 0.116667
0 0.141146 0.682407 0.093750 0.400000
0 0.461719 0.419907 0.047396 0.219444
0 0.530208 0.159722 0.014583 0.056481
0 0.424479 0.477315 0.065625 0.280556
0 0.552344 0.294907 0.027604 0.123148
0 0.401823 0.182407 0.016146 0.075926
0 0.478906 0.262500 0.022396 0.121296
0 0.418750 0.145833 0.021875 0.073148
0 0.486719 0.353241 0.034896 0.158333
0 0.151302 0.209722 0.021354 0.121296
0 0.497135 0.268519 0.026562 0.116667
0 0.610156 0.809259 0.070312 0.377778
0 0.462240 0.341667 0.038021 0.148148
0 0.105208 0.781019 0.088542 0.430556
0 0.528646 0.288889 0.022917 0.137037
0 0.558333 0.454167 0.044792 0.267593
0 0.499740 0.137500 0.010937 0.063889
0 0.475521 0.793056 0.087500 0.410185
0 0.035417 0.775463 0.070833 0.447222
