0 0.399219 0.402778 0.022396 0.105556
0 0.229687 0.387963 0.017708 0.096296
0 0.767188 0.073148 0.023958 0.138889
0 0.654948 0.127315 0.032813 0.184259
0 0.733333 0.108333 0.025000 0.170370
0 0.749219 0.118056 0.027604 0.165741
0 0.682292 0.200000 0.044792 0.218519
0 0.640365 0.328704 0.052604 0.309259
0 0.748177 0.268056 0.030729 0.249074
0 0.763802 0.409722 0.058854 0.321296
0 0.869531 0.467593 0.068229 0.383333
0 0.929688 0.693519 0.085417 0.472222
0 0.562240 0.643981 0.072396 0.358333
0 0.719271 0.122685 0.027083 0.167593
0 0.038021 0.131019 0.025000 0.143519
0 0.779427 0.123148 0.033854 0.153704
0 0.045833 0.145833 0.023958 0.143519
0 0.658594 0.183796 0.033854 0.208333
0 0.633333 0.193056 0.029167 0.176852
0 0.073438 0.103241 0.026042 0.137963
0 0.723958 0.324537 0.055208 0.297222
0 0.767708 0.099074 0.026042 0.157407
0 0.794531 0.292130 0.064062 0.302778
0 0.228906 0.406944 0.021354 0.112037
0 0.666667 0.436111 0.087500 0.364815
0 0.706250 0.068519 0.020833 0.133333
0 0.926562 0.473148 0.056250 0.368519
0 0.691146 0.114352 0.027083 0.163889
0 0.800521 0.624074 0.087500 0.531481
0 0.068750 0.137963 0.026042 0.151852
0 0.593490 0.801852 0.155729 0.394444
0 0.618229 0.756944 0.089583 0.467593
0 0.818490 0.790278 0.116146 0.412037
0 0.720052 0.746759 0.104688 0.500926
