0 0.451823 0.064815 0.008854 0.048148
0 0.439844 0.068981 0.009896 0.043519
0 0.455729 0.125463 0.019792 0.095370
0 0.445833 0.136111 0.018750 0.101852
0 0.430208 0.156944 0.027083 0.136111
0 0.426302 0.082407 0.011979 0.051852
0 0.412760 0.104630 0.018229 0.092593
0 0.393750 0.101389 0.018750 0.076852
0 0.398177 0.187963 0.024479 0.144444
0 0.385417 0.192593 0.026042 0.140741
0 0.362760 0.169444 0.022396 0.133333
0 0.355208 0.260185 0.068750 0.138889
0 0.359115 0.284259 0.059896 0.135185
0 0.381250 0.384259 0.056250 0.290741
0 0.330729 0.366204 0.047917 0.239815
0 0.452083 0.267130 0.033333 0.167593
0 0.432552 0.235648 0.017188 0.112037
0 0.490885 0.238889 0.040104 0.125926
0 0.476823 0.334259 0.047396 0.242593
0 0.516927 0.472685 0.067187 0.341667
0 0.546875 0.468981 0.057292 0.286111
0 0.533854 0.578241 0.088542 0.263889
0 0.557292 0.600463 0.131250 0.278704
0 0.578385 0.670833 0.196354 0.263889
0 0.283854 0.516204 0.127083 0.265741
0 0.256510 0.641667 0.161979 0.303704
0 0.765625 0.481944 0.050000 0.225000
0 0.749219 0.531019 0.043229 0.186111
0 0.775781 0.576389 0.045312 0.169444
0 0.887240 0.677778 0.077604 0.314815
0 0.925521 0.634722 0.044792 0.336111
0 0.971094 0.621296 0.056771 0.240741
0 0.128385 0.927778 0.063021 0.142593
0 0.170833 0.768981 0.087500 0.460185
0 0.365104 0.730093 0.132292 0.537963
0 0.297396 0.780556 0.131250 0.437037
0 0.526563 0.836574 0.085417 0.325000
