0 0.505469 0.117130 0.008854 0.043519
0 0.485156 0.130556 0.010937 0.053704
0 0.510677 0.179167 0.013021 0.076852
0 0.535417 0.224074 0.022917 0.112963
0 0.146094 0.156481 0.016146 0.096296
0 0.148958 0.182870 0.017708 0.100926
0 0.404167 0.155556 0.011458 0.066667
0 0.419531 0.189815 0.019271 0.101852
0 0.414583 0.218519 0.020833 0.120370
0 0.485156 0.218056 0.011979 0.060185
0 0.527344 0.288426 0.029687 0.163889
0 0.415104 0.412037 0.070833 0.266667
0 0.476042 0.449537 0.054167 0.276852
0 0.543750 0.525463 0.059375 0.287963
0 0.688021 0.757870 0.091667 0.426852
0 0.526823 0.167130 0.010937 0.067593
0 0.408594 0.195370 0.016146 0.088889
0 0.479427 0.262963 0.025521 0.138889
0 0.512500 0.248611 0.025000 0.119444
0 0.111979 0.180093 0.014583 0.099074
0 0.475521 0.147685 0.010417 0.054630
0 0.134635 0.163889 0.016146 0.090741
0 0.431510 0.420833 0.036979 0.236111
0 0.494531 0.143519 0.008854 0.051852
0 0.492188 0.508333 0.047917 0.300000
0 0.513802 0.637500 0.063021 0.360185
0 0.483854 0.197222 0.023958 0.098148
0 0.390885 0.531481 0.030729 0.183333
0 0.500521 0.164815 0.009375 0.072222
0 0.415625 0.155093 0.013542 0.076852
0 0.529948 0.878704 0.106771 0.238889
