0 0.686458 0.708333 0.058333 0.331481
0 0.269531 0.226389 0.031771 0.125000
0 0.140625 0.149074 0.010417 0.090741
0 0.405208 0.155093 0.013542 0.073148
0 0.418490 0.173611 0.010937 0.084259
0 0.391146 0.224537 0.010417 0.108333
0 0.490625 0.132870 0.010417 0.060185
0 0.517188 0.165741 0.013542 0.068519
0 0.509375 0.200463 0.019792 0.086111
0 0.465104 0.297222 0.026042 0.164815
0 0.441927 0.298148 0.027604 0.161111
0 0.434635 0.325926 0.033854 0.153704
0 0.489323 0.304630 0.031771 0.162963
0 0.532031 0.331481 0.031771 0.175926
0 0.518490 0.394444 0.036979 0.196296
0 0.556771 0.407407 0.050000 0.225926
0 0.457292 0.494907 0.063542 0.245370
0 0.493490 0.547222 0.036979 0.209259
0 0.559115 0.499074 0.050521 0.238889
0 0.527865 0.680093 0.074479 0.426852
0 0.572917 0.681019 0.053125 0.341667
0 0.458594 0.733796 0.076563 0.439815
0 0.400000 0.644907 0.042708 0.295370
0 0.395833 0.750463 0.051042 0.271296
0 0.111198 0.719907 0.076563 0.423148
0 0.483073 0.209259 0.024479 0.094444
0 0.291667 0.856019 0.146875 0.289815
0 0.340104 0.833796 0.100000 0.336111
0 0.424740 0.880556 0.097396 0.235185
0 0.667448 0.847685 0.082812 0.300926
