0 0.448958 0.090741 0.007292 0.055556
0 0.441146 0.649537 0.090625 0.512037
0 0.418490 0.062037 0.010937 0.037037
0 0.410677 0.191667 0.027604 0.140741
0 0.372396 0.114815 0.015625 0.074074
0 0.468750 0.141204 0.011458 0.049074
0 0.615365 0.795370 0.155729 0.353704
0 0.581771 0.712037 0.176042 0.355556
0 0.526823 0.437037 0.042188 0.298148
0 0.557292 0.601389 0.136458 0.284259
0 0.243750 0.629630 0.128125 0.318519
0 0.567187 0.564352 0.106250 0.282407
0 0.336198 0.394907 0.061979 0.362037
0 0.512240 0.472685 0.058854 0.358333
0 0.351562 0.281481 0.063542 0.148148
0 0.423698 0.088889 0.011979 0.066667
0 0.233594 0.753241 0.186979 0.408333
0 0.355729 0.179167 0.016667 0.126852
0 0.372135 0.189352 0.033854 0.113889
0 0.429427 0.187037 0.024479 0.150000
0 0.379167 0.159722 0.028125 0.086111
0 0.391667 0.136574 0.026042 0.062037
0 0.407813 0.112500 0.013542 0.082407
0 0.486719 0.245833 0.044271 0.125000
0 0.389844 0.107407 0.023438 0.051852
0 0.394531 0.100926 0.015104 0.038889
0 0.345833 0.187037 0.017708 0.114815
0 0.454427 0.122685 0.017188 0.091667
0 0.432552 0.112500 0.019271 0.073148
0 0.440885 0.103241 0.014063 0.069444
