0 0.570312 0.182870 0.010417 0.041667
0 0.303385 0.464352 0.106771 0.286111
0 0.517448 0.427778 0.047396 0.298148
0 0.426823 0.304167 0.048438 0.247222
0 0.359375 0.288889 0.055208 0.135185
0 0.457292 0.112037 0.016667 0.050000
0 0.374740 0.135185 0.017188 0.098148
0 0.395052 0.103241 0.015104 0.054630
0 0.446615 0.068056 0.009896 0.039815
0 0.434896 0.063889 0.008333 0.031481
0 0.951042 0.572222 0.059375 0.379630
0 0.353906 0.222685 0.040104 0.095370
0 0.599219 0.535185 0.054688 0.292593
0 0.436979 0.100926 0.019792 0.081481
0 0.559115 0.418981 0.054688 0.284259
0 0.523438 0.557407 0.079167 0.418519
0 0.410417 0.087037 0.012500 0.062963
0 0.476823 0.397222 0.049479 0.312963
0 0.452604 0.582870 0.090625 0.500926
0 0.424740 0.074537 0.009896 0.049074
0 0.417708 0.066667 0.011458 0.044444
0 0.549219 0.717593 0.064062 0.535185
0 0.356771 0.633333 0.082292 0.462963
0 0.369010 0.286111 0.049479 0.274074
0 0.456510 0.198148 0.035937 0.153704
0 0.627083 0.740278 0.215625 0.508333
0 0.210938 0.745370 0.098958 0.507407
