0 0.448698 0.071296 0.005729 0.035185
0 0.443750 0.081019 0.012500 0.054630
0 0.432812 0.083796 0.012500 0.047222
0 0.426563 0.073611 0.007292 0.045370
0 0.415104 0.085648 0.014583 0.063889
0 0.415885 0.065741 0.008854 0.044444
0 0.398698 0.082407 0.016146 0.050000
0 0.396094 0.139352 0.016146 0.102778
0 0.375260 0.169907 0.013021 0.137963
0 0.360417 0.190741 0.020833 0.142593
0 0.386458 0.183333 0.022917 0.172222
0 0.343490 0.217130 0.027604 0.162037
0 0.304948 0.312963 0.055729 0.216667
0 0.352083 0.390741 0.046875 0.257407
0 0.394010 0.442593 0.047396 0.316667
0 0.417708 0.151389 0.018750 0.113889
0 0.423438 0.223611 0.031250 0.169444
0 0.437500 0.197685 0.027083 0.150926
0 0.476562 0.206481 0.026042 0.100000
0 0.513542 0.266204 0.040625 0.191667
0 0.424479 0.279630 0.027083 0.153704
0 0.454688 0.287037 0.027083 0.148148
0 0.445833 0.416667 0.054167 0.312963
0 0.470573 0.463889 0.081771 0.390741
0 0.319271 0.441667 0.040625 0.200000
0 0.303125 0.450000 0.055208 0.255556
0 0.365625 0.491667 0.067708 0.418519
0 0.298438 0.537500 0.092708 0.328704
0 0.262500 0.545370 0.079167 0.381481
0 0.378385 0.599074 0.110937 0.444444
0 0.432292 0.629630 0.061458 0.314815
0 0.502604 0.370370 0.054167 0.272222
0 0.513802 0.397685 0.050521 0.265741
0 0.538802 0.511111 0.063021 0.362963
0 0.559635 0.507870 0.063021 0.378704
0 0.585938 0.472685 0.030208 0.252778
0 0.559635 0.654167 0.070312 0.226852
0 0.576562 0.667593 0.121875 0.331481
0 0.619271 0.773148 0.133333 0.398148
0 0.627083 0.756019 0.094792 0.223148
0 0.775521 0.527778 0.062500 0.342593
0 0.827344 0.571759 0.058854 0.343519
0 0.885417 0.581944 0.057292 0.300926
0 0.938021 0.662963 0.043750 0.264815
0 0.951302 0.804167 0.098437 0.389815
0 0.670833 0.875463 0.097917 0.219444
