0 0.231771 0.249074 0.029167 0.144444
0 0.482292 0.316204 0.038542 0.178704
0 0.535937 0.243056 0.021875 0.126852
0 0.523438 0.398148 0.061458 0.235185
0 0.544271 0.414815 0.028125 0.194444
0 0.416146 0.399074 0.038542 0.214815
0 0.547135 0.613426 0.074479 0.358333
0 0.452604 0.404630 0.046875 0.227778
0 0.407031 0.676852 0.066146 0.357407
0 0.494531 0.592130 0.068229 0.352778
0 0.681510 0.714815 0.068229 0.374074
0 0.428646 0.618519 0.060417 0.318519
0 0.101562 0.700463 0.095833 0.428704
0 0.528906 0.212963 0.019271 0.116667
0 0.454948 0.327778 0.026562 0.140741
0 0.476823 0.201852 0.015104 0.109259
0 0.419531 0.211111 0.016146 0.100000
0 0.405729 0.208333 0.017708 0.105556
0 0.423698 0.238426 0.017188 0.125000
0 0.402604 0.249537 0.019792 0.125000
0 0.410938 0.256019 0.020833 0.110185
0 0.509635 0.276852 0.021354 0.116667
0 0.395313 0.920833 0.095833 0.156481
