0 0.517708 0.070370 0.015625 0.098148
0 0.548698 0.095833 0.017188 0.108333
0 0.519792 0.105093 0.025000 0.137963
0 0.318229 0.663426 0.089583 0.515741
0 0.348177 0.121759 0.019271 0.078704
0 0.291406 0.190741 0.024479 0.085185
0 0.217708 0.261111 0.035417 0.114815
0 0.136719 0.524537 0.057813 0.221296
0 0.197396 0.747222 0.134375 0.474074
0 0.571354 0.234722 0.048958 0.187963
0 0.539844 0.290278 0.034896 0.173148
0 0.584896 0.381944 0.045833 0.280556
0 0.527344 0.456481 0.068229 0.333333
0 0.464062 0.480556 0.059375 0.233333
0 0.500260 0.155556 0.022396 0.144444
0 0.456250 0.166667 0.028125 0.131481
0 0.561979 0.375926 0.039583 0.270370
0 0.437500 0.214815 0.031250 0.129630
0 0.469010 0.751852 0.079687 0.448148
0 0.614583 0.416667 0.035417 0.274074
0 0.313281 0.164815 0.025521 0.087037
0 0.255729 0.234259 0.036458 0.125926
0 0.414323 0.475463 0.072396 0.343519
0 0.301563 0.257870 0.028125 0.137963
0 0.462760 0.046759 0.013021 0.054630
0 0.048958 0.235185 0.027083 0.179630
0 0.625260 0.756944 0.095312 0.417593
0 0.209115 0.405556 0.049479 0.214815
0 0.453125 0.085185 0.018750 0.072222
0 0.534635 0.071759 0.019271 0.097222
0 0.567969 0.045833 0.016146 0.084259
0 0.445312 0.173148 0.033333 0.135185
0 0.563802 0.787500 0.078646 0.413889
0 0.398698 0.127315 0.025521 0.071296
0 0.415365 0.208796 0.026562 0.106481
0 0.398958 0.756944 0.059375 0.360185
0 0.325781 0.093056 0.019271 0.106481
0 0.385937 0.149074 0.026042 0.079630
0 0.842448 0.716667 0.085938 0.303704
0 0.311719 0.153241 0.034896 0.091667
0 0.358854 0.180093 0.035417 0.104630
0 0.265625 0.213426 0.034375 0.110185
0 0.422135 0.056019 0.016146 0.052778
0 0.425521 0.315278 0.045833 0.230556
0 0.342969 0.292130 0.052604 0.152778
0 0.385156 0.262500 0.036979 0.113889
0 0.282031 0.289352 0.051562 0.162037
0 0.427344 0.043519 0.016146 0.048148
0 0.199219 0.277315 0.036979 0.117593
0 0.077344 0.268056 0.034896 0.221296
0 0.475521 0.106019 0.020833 0.062037
0 0.321094 0.453241 0.073438 0.219444
0 0.335938 0.421759 0.060417 0.212037
0 0.188021 0.426389 0.058333 0.186111
0 0.169271 0.589815 0.060417 0.235185
0 0.094271 0.560648 0.078125 0.252778
0 0.579427 0.149074 0.025521 0.135185
0 0.122917 0.831019 0.134375 0.334259
0 0.673958 0.861111 0.120833 0.274074
