0 0.347396 0.194444 0.021875 0.048148
0 0.388021 0.055556 0.012500 0.074074
0 0.455208 0.041667 0.017708 0.057407
0 0.559375 0.032870 0.009375 0.063889
0 0.430208 0.120370 0.028125 0.072222
0 0.344792 0.098148 0.016667 0.042593
0 0.330729 0.157407 0.029167 0.040741
0 0.372135 0.168519 0.031771 0.055556
0 0.177344 0.313426 0.031771 0.097222
0 0.248177 0.140741 0.024479 0.116667
0 0.517969 0.169907 0.028646 0.128704
0 0.581250 0.328704 0.035417 0.268519
0 0.451042 0.193056 0.029167 0.162037
0 0.553646 0.294444 0.029167 0.244444
0 0.387240 0.243056 0.050521 0.113889
0 0.174740 0.212963 0.034896 0.168519
0 0.293229 0.264815 0.065625 0.255556
0 0.077604 0.374074 0.060417 0.116667
0 0.144531 0.454630 0.072396 0.181481
0 0.254427 0.391667 0.042188 0.114815
0 0.281771 0.545833 0.060417 0.267593
0 0.153646 0.699074 0.086458 0.240741
0 0.385417 0.420833 0.045833 0.287963
0 0.466406 0.395833 0.063021 0.267593
0 0.609375 0.378704 0.044792 0.301852
0 0.504167 0.771759 0.061458 0.439815
0 0.595313 0.143519 0.029167 0.140741
0 0.547656 0.031019 0.013021 0.060185
0 0.601302 0.314352 0.023438 0.237963
0 0.504948 0.040278 0.014063 0.076852
0 0.488542 0.230556 0.048958 0.194444
0 0.409115 0.121759 0.020313 0.054630
0 0.523698 0.265278 0.046354 0.215741
0 0.367969 0.077778 0.015104 0.035185
0 0.414062 0.247685 0.044792 0.143519
0 0.331771 0.257407 0.050000 0.159259
0 0.494531 0.147685 0.021354 0.121296
0 0.208854 0.257870 0.056250 0.117593
0 0.103385 0.347685 0.047396 0.119444
0 0.439844 0.022685 0.014063 0.032407
0 0.073177 0.465278 0.071354 0.145370
0 0.394792 0.158333 0.020833 0.038889
0 0.260417 0.350463 0.052083 0.108333
0 0.522135 0.060185 0.016146 0.092593
0 0.321354 0.423148 0.058333 0.162963
0 0.423958 0.199074 0.022917 0.081481
0 0.256510 0.548611 0.070312 0.204630
0 0.434635 0.060185 0.014063 0.035185
0 0.044792 0.812500 0.086458 0.276852
0 0.251823 0.200463 0.030729 0.082407
0 0.128646 0.831481 0.094792 0.231481
0 0.388021 0.451852 0.059375 0.320370
0 0.289323 0.112963 0.020313 0.111111
0 0.532292 0.424074 0.057292 0.298148
0 0.451042 0.078704 0.017708 0.044444
0 0.459635 0.664815 0.078646 0.450000
0 0.542188 0.101389 0.030208 0.110185
0 0.682292 0.840278 0.141667 0.317593
