0 0.471615 0.050463 0.017188 0.084259
0 0.470052 0.071759 0.019271 0.086111
0 0.498177 0.069444 0.014063 0.094444
0 0.435156 0.109722 0.022396 0.102778
0 0.386719 0.097685 0.019271 0.121296
0 0.396875 0.110648 0.030208 0.126852
0 0.346615 0.188426 0.023438 0.136111
0 0.397656 0.139815 0.021354 0.111111
0 0.426823 0.199074 0.032813 0.124074
0 0.384635 0.205093 0.031771 0.150926
0 0.304427 0.141204 0.018229 0.084259
0 0.269531 0.122222 0.026562 0.146296
0 0.197917 0.272685 0.052083 0.141667
0 0.306771 0.257870 0.043750 0.169444
0 0.217188 0.262963 0.041667 0.137037
0 0.171875 0.197222 0.025000 0.207407
0 0.209635 0.425463 0.059896 0.171296
0 0.298698 0.490741 0.097396 0.340741
0 0.067448 0.449537 0.056771 0.289815
0 0.057552 0.554167 0.046354 0.191667
0 0.171094 0.568056 0.060937 0.204630
0 0.565365 0.062500 0.010937 0.080556
0 0.525260 0.131481 0.024479 0.140741
0 0.591667 0.143056 0.022917 0.141667
0 0.466667 0.186574 0.033333 0.175000
0 0.490365 0.322685 0.049479 0.267593
0 0.550000 0.209722 0.038542 0.191667
0 0.539062 0.337037 0.041667 0.261111
0 0.267708 0.268056 0.038542 0.150926
0 0.214323 0.187963 0.034896 0.170370
0 0.489063 0.059722 0.014583 0.086111
0 0.227083 0.402315 0.043750 0.200926
0 0.410677 0.137037 0.026562 0.105556
0 0.326042 0.437500 0.080208 0.267593
0 0.401562 0.048148 0.012500 0.068519
0 0.098958 0.400926 0.063542 0.222222
0 0.031250 0.499537 0.048958 0.263889
0 0.106250 0.564352 0.073958 0.217593
0 0.405469 0.245370 0.051562 0.157407
0 0.180990 0.740741 0.080729 0.351852
0 0.386719 0.037963 0.015104 0.062963
0 0.563802 0.054167 0.017188 0.093519
0 0.314323 0.196296 0.051562 0.177778
0 0.499479 0.153241 0.028125 0.136111
0 0.433333 0.116204 0.026042 0.095370
0 0.563542 0.149074 0.027083 0.159259
0 0.288802 0.106944 0.019271 0.132407
0 0.493229 0.197222 0.040625 0.159259
0 0.396875 0.032407 0.017708 0.062963
0 0.485156 0.225926 0.039062 0.188889
0 0.204687 0.164815 0.053125 0.124074
0 0.451042 0.316204 0.060417 0.280556
0 0.370573 0.114352 0.019271 0.115741
0 0.598698 0.252315 0.036979 0.200926
0 0.331250 0.296296 0.042708 0.138889
0 0.478906 0.417593 0.064062 0.325926
0 0.423698 0.046296 0.022396 0.085185
0 0.233594 0.845833 0.063021 0.306481
0 0.671094 0.835648 0.115104 0.326852
