0 0.464323 0.161574 0.023438 0.080556
0 0.472656 0.160185 0.022396 0.122222
0 0.398958 0.095833 0.018750 0.034259
0 0.430990 0.087037 0.010937 0.062963
0 0.384896 0.147222 0.038542 0.077778
0 0.380469 0.151852 0.016146 0.111111
0 0.358594 0.190741 0.035937 0.107407
0 0.351823 0.220370 0.033854 0.111111
0 0.424479 0.269444 0.047917 0.214815
0 0.473177 0.440278 0.036979 0.341667
0 0.513021 0.449074 0.125000 0.237037
0 0.600000 0.677778 0.138542 0.542593
0 0.289844 0.468519 0.096354 0.259259
0 0.245312 0.639352 0.119792 0.330556
0 0.171875 0.838426 0.179167 0.321296
