0 0.386458 0.342130 0.014583 0.034259
0 0.372135 0.430093 0.026562 0.095370
0 0.049740 0.118056 0.020313 0.147222
0 0.082031 0.131019 0.017188 0.134259
0 0.066667 0.127778 0.023958 0.150000
0 0.449479 0.068519 0.031250 0.133333
0 0.719531 0.180556 0.039062 0.231481
0 0.638542 0.187963 0.042708 0.220370
0 0.689323 0.209722 0.042188 0.249074
0 0.662760 0.294444 0.051562 0.277778
0 0.715885 0.246759 0.046354 0.267593
0 0.762240 0.181019 0.036979 0.226852
0 0.799479 0.196759 0.033333 0.221296
0 0.780990 0.217593 0.058854 0.224074
0 0.764062 0.237037 0.028125 0.192593
0 0.799479 0.322685 0.065625 0.325000
0 0.744271 0.382870 0.054167 0.321296
0 0.689323 0.376389 0.057813 0.349074
0 0.662760 0.462500 0.074479 0.417593
0 0.732812 0.537037 0.084375 0.424074
0 0.933333 0.477778 0.078125 0.366667
0 0.949219 0.706481 0.077604 0.479630
0 0.689063 0.141667 0.047917 0.177778
0 0.742188 0.055556 0.029167 0.101852
0 0.810677 0.812037 0.132812 0.377778
0 0.675000 0.843519 0.129167 0.320370
