0 0.689583 0.719444 0.075000 0.368519
0 0.624219 0.711574 0.072396 0.363889
0 0.177604 0.644444 0.056250 0.359259
0 0.118750 0.638426 0.062500 0.378704
0 0.469010 0.406944 0.036979 0.221296
0 0.423698 0.392593 0.042188 0.216667
0 0.478125 0.356944 0.044792 0.180556
0 0.502344 0.365278 0.026562 0.180556
0 0.468490 0.316667 0.034896 0.181481
0 0.544792 0.386111 0.040625 0.198148
0 0.536979 0.313426 0.034375 0.156481
0 0.515104 0.254167 0.023958 0.119444
0 0.497917 0.144907 0.011458 0.058333
0 0.491146 0.157407 0.013542 0.066667
0 0.483854 0.167593 0.013542 0.072222
0 0.476823 0.115741 0.007812 0.040741
0 0.397917 0.235648 0.020833 0.132407
0 0.239844 0.125926 0.013021 0.037037
0 0.111198 0.196296 0.016146 0.094444
0 0.688542 0.879630 0.048958 0.238889
0 0.622135 0.851852 0.074479 0.294444
