0 0.476562 0.196759 0.036458 0.104630
0 0.448177 0.071296 0.008854 0.048148
0 0.462240 0.120833 0.015104 0.087963
0 0.440104 0.119907 0.018750 0.087963
0 0.390365 0.118056 0.009896 0.076852
0 0.360938 0.184722 0.037500 0.095370
0 0.405469 0.155093 0.019271 0.125000
0 0.391406 0.172685 0.015104 0.113889
0 0.383854 0.175463 0.019792 0.106481
0 0.372396 0.184259 0.035417 0.090741
0 0.364323 0.230556 0.054688 0.137037
0 0.360938 0.253241 0.048958 0.136111
0 0.400000 0.588889 0.070833 0.433333
0 0.452083 0.468056 0.043750 0.380556
0 0.463542 0.510185 0.043750 0.381481
0 0.484635 0.544907 0.053646 0.386111
0 0.575000 0.410185 0.032292 0.222222
0 0.575781 0.541667 0.074479 0.259259
0 0.551302 0.441667 0.052604 0.327778
0 0.553385 0.737037 0.172396 0.344444
0 0.511979 0.716667 0.097917 0.564815
0 0.686198 0.858333 0.147396 0.281481
