0 0.388802 0.196759 0.006771 0.091667
0 0.400781 0.199537 0.014063 0.089815
0 0.612760 0.688889 0.074479 0.335185
0 0.509896 0.337037 0.026042 0.170370
0 0.530990 0.168519 0.011979 0.066667
0 0.509115 0.213889 0.017188 0.085185
0 0.535156 0.423611 0.034896 0.208333
0 0.686458 0.719444 0.071875 0.348148
0 0.412500 0.204630 0.013542 0.096296
0 0.435937 0.334259 0.032292 0.174074
0 0.541927 0.283333 0.030729 0.148148
0 0.468229 0.322222 0.032292 0.177778
0 0.410156 0.641204 0.061979 0.306481
0 0.532292 0.387037 0.040625 0.207407
0 0.496094 0.424537 0.050521 0.219444
0 0.557813 0.552315 0.066667 0.295370
0 0.604948 0.833333 0.080729 0.333333
0 0.523698 0.793981 0.072396 0.347222
0 0.526823 0.226852 0.017188 0.085185
0 0.501042 0.201852 0.015625 0.090741
0 0.485938 0.162963 0.014583 0.072222
0 0.501042 0.840278 0.083333 0.317593
