0 0.228906 0.395833 0.016146 0.099074
0 0.374740 0.064352 0.024479 0.075000
0 0.766146 0.387037 0.071875 0.303704
0 0.823958 0.484722 0.072917 0.384259
0 0.769010 0.518981 0.073438 0.406481
0 0.685417 0.558333 0.093750 0.448148
0 0.629687 0.508333 0.053125 0.394444
0 0.536719 0.588426 0.071354 0.413889
0 0.358333 0.377315 0.019792 0.086111
0 0.354687 0.412500 0.023958 0.117593
0 0.491406 0.054630 0.031771 0.107407
0 0.452344 0.054630 0.034896 0.107407
0 0.341146 0.031019 0.019792 0.060185
0 0.714844 0.065278 0.027604 0.128704
