0 0.317969 0.103241 0.022396 0.119444
0 0.414844 0.057407 0.020313 0.064815
0 0.420573 0.039815 0.029687 0.062963
0 0.444010 0.043981 0.018229 0.075000
0 0.402344 0.168981 0.035937 0.115741
0 0.516667 0.124074 0.021875 0.155556
0 0.538281 0.045833 0.014063 0.087963
0 0.553906 0.049537 0.014063 0.095370
0 0.521875 0.055093 0.014583 0.091667
0 0.502865 0.078704 0.019271 0.116667
0 0.538542 0.142130 0.025000 0.156481
0 0.444271 0.095833 0.014583 0.099074
0 0.434115 0.092593 0.014063 0.100000
0 0.391927 0.086574 0.017188 0.112037
0 0.370573 0.081944 0.014063 0.117593
0 0.346094 0.089352 0.018229 0.123148
0 0.484635 0.136111 0.026562 0.124074
0 0.502604 0.168056 0.030208 0.175000
0 0.452604 0.160185 0.026042 0.129630
0 0.465104 0.175463 0.026042 0.147222
0 0.429948 0.205556 0.031771 0.140741
0 0.347917 0.195370 0.029167 0.138889
0 0.317708 0.157870 0.022917 0.108333
0 0.286458 0.128241 0.028125 0.162037
0 0.446875 0.250463 0.028125 0.154630
0 0.329688 0.237037 0.035417 0.161111
0 0.259635 0.212500 0.022396 0.130556
0 0.235937 0.183796 0.021875 0.178704
0 0.391406 0.284259 0.052604 0.162963
0 0.356250 0.293519 0.046875 0.151852
0 0.315625 0.297222 0.053125 0.159259
0 0.261198 0.265741 0.027604 0.155556
0 0.219010 0.263889 0.031771 0.155556
0 0.202083 0.274537 0.043750 0.171296
0 0.176302 0.191667 0.024479 0.164815
0 0.218229 0.400000 0.054167 0.164815
0 0.331510 0.420370 0.073438 0.220370
0 0.306250 0.517593 0.057292 0.309259
0 0.205469 0.438889 0.069271 0.220370
0 0.230208 0.582870 0.088542 0.275000
0 0.198437 0.500463 0.055208 0.213889
0 0.133594 0.521759 0.064062 0.267593
0 0.083073 0.444444 0.061979 0.253704
0 0.112500 0.569444 0.056250 0.218519
0 0.052083 0.548611 0.059375 0.195370
0 0.597656 0.231481 0.036979 0.194444
0 0.664583 0.800000 0.089583 0.394444
0 0.601042 0.752315 0.090625 0.489815
0 0.410156 0.765741 0.108854 0.462963
0 0.158854 0.790278 0.095833 0.345370
0 0.143750 0.868519 0.082292 0.238889
0 0.019531 0.330556 0.039062 0.233333
