0 0.466406 0.762500 0.080729 0.426852
0 0.471094 0.610185 0.055729 0.324074
0 0.539062 0.616667 0.061458 0.314815
0 0.497917 0.462500 0.060417 0.287963
0 0.579427 0.368519 0.041146 0.172222
0 0.448177 0.365741 0.030729 0.200000
0 0.537240 0.332870 0.031771 0.162037
0 0.496094 0.323148 0.027604 0.168519
0 0.479687 0.334259 0.040625 0.179630
0 0.453125 0.328241 0.039583 0.187963
0 0.487760 0.255556 0.027604 0.127778
0 0.525521 0.236111 0.017708 0.116667
0 0.501823 0.227778 0.018229 0.107407
0 0.491406 0.196759 0.019271 0.089815
0 0.495052 0.140278 0.014063 0.054630
0 0.487500 0.137037 0.011458 0.055556
0 0.475521 0.136574 0.009375 0.062037
0 0.409635 0.167593 0.014063 0.085185
0 0.411979 0.212037 0.021875 0.107407
0 0.427865 0.147685 0.014063 0.071296
0 0.421615 0.146296 0.010937 0.061111
0 0.119792 0.193056 0.022917 0.113889
0 0.155208 0.544907 0.021875 0.106481
0 0.138281 0.549074 0.017188 0.111111
0 0.452865 0.818519 0.071354 0.361111
0 0.404427 0.865278 0.075521 0.265741
0 0.313802 0.812500 0.081771 0.373148
