0 0.561719 0.037500 0.014063 0.067593
0 0.400521 0.048611 0.009375 0.052778
0 0.511719 0.039352 0.010937 0.060185
0 0.520833 0.069907 0.013542 0.069444
0 0.537240 0.071759 0.019271 0.102778
0 0.563021 0.074537 0.018750 0.102778
0 0.517708 0.171759 0.034375 0.175000
0 0.555729 0.185185 0.035417 0.151852
0 0.445833 0.120370 0.028125 0.118519
0 0.386198 0.138426 0.028646 0.084259
0 0.360677 0.164352 0.030729 0.123148
0 0.323437 0.190278 0.030208 0.113889
0 0.284115 0.194444 0.026562 0.125926
0 0.218750 0.168056 0.029167 0.169444
0 0.424479 0.195833 0.044792 0.132407
0 0.596615 0.228704 0.046354 0.200000
0 0.539583 0.235648 0.034375 0.169444
0 0.487500 0.203704 0.029167 0.166667
0 0.455208 0.198611 0.027083 0.178704
0 0.185677 0.244444 0.046354 0.200000
0 0.267969 0.253241 0.044271 0.156481
0 0.345052 0.272685 0.030729 0.169444
0 0.325000 0.315278 0.050000 0.230556
0 0.459896 0.301852 0.032292 0.244444
0 0.492448 0.306019 0.028646 0.215741
0 0.534115 0.344907 0.047396 0.252778
0 0.470052 0.409722 0.061979 0.313889
0 0.398177 0.407407 0.059896 0.322222
0 0.330208 0.418981 0.060417 0.258333
0 0.233333 0.421296 0.068750 0.348148
0 0.098958 0.377315 0.040625 0.197222
0 0.275521 0.556019 0.077083 0.302778
0 0.248958 0.610185 0.055208 0.227778
0 0.213021 0.533796 0.053125 0.304630
0 0.138021 0.501852 0.048958 0.250000
0 0.171354 0.594444 0.063542 0.235185
0 0.086719 0.768056 0.080729 0.337963
0 0.082812 0.571759 0.060417 0.293519
0 0.424479 0.524074 0.048958 0.255556
0 0.478906 0.514352 0.068229 0.343519
0 0.541146 0.476389 0.060417 0.343519
0 0.610677 0.710185 0.081771 0.522222
0 0.058073 0.799537 0.111979 0.282407
0 0.194792 0.841204 0.125000 0.315741
0 0.344271 0.749074 0.098958 0.500000
0 0.309375 0.818981 0.100000 0.354630
0 0.510156 0.781481 0.115104 0.435185
0 0.651563 0.801389 0.093750 0.395370
0 0.562760 0.838889 0.108854 0.311111
