0 0.832812 0.759259 0.139583 0.398148
0 0.581510 0.470833 0.054688 0.345370
0 0.426302 0.067593 0.008854 0.050000
0 0.401562 0.127778 0.014583 0.068519
0 0.374740 0.175000 0.025521 0.072222
0 0.353906 0.265741 0.046354 0.127778
0 0.386719 0.435185 0.076563 0.370370
0 0.232813 0.751389 0.183333 0.406481
0 0.450000 0.171296 0.018750 0.124074
0 0.444271 0.196759 0.035417 0.143519
0 0.486979 0.207407 0.017708 0.153704
0 0.473958 0.215278 0.021875 0.150926
0 0.435417 0.082870 0.008333 0.050926
0 0.433333 0.113889 0.010417 0.074074
0 0.550000 0.574074 0.092708 0.257407
0 0.415885 0.068981 0.009896 0.050926
0 0.578385 0.702315 0.182812 0.336111
0 0.405469 0.105556 0.015104 0.079630
0 0.427604 0.125926 0.010417 0.072222
0 0.398958 0.135185 0.022917 0.072222
0 0.387240 0.141204 0.014063 0.106481
0 0.379427 0.158796 0.026562 0.089815
0 0.438021 0.103241 0.010417 0.063889
0 0.356771 0.177778 0.021875 0.125926
0 0.357292 0.215741 0.043750 0.087037
0 0.347917 0.281481 0.048958 0.150000
0 0.400000 0.308796 0.051042 0.236111
0 0.440625 0.420833 0.044792 0.336111
0 0.467708 0.151389 0.021875 0.104630
0 0.287500 0.442130 0.073958 0.262037
0 0.283333 0.530556 0.111458 0.274074
0 0.247917 0.628704 0.135417 0.342593
0 0.418750 0.154630 0.020833 0.112963
0 0.416667 0.107870 0.009375 0.058333
0 0.459896 0.114815 0.010417 0.070370
0 0.558594 0.589352 0.140104 0.254630
0 0.595833 0.805556 0.161458 0.383333
