0 0.565365 0.681944 0.110937 0.271296
0 0.570833 0.631944 0.136458 0.276852
0 0.579688 0.501389 0.044792 0.276852
0 0.606510 0.733796 0.120313 0.350926
0 0.269271 0.468981 0.065625 0.354630
0 0.476823 0.209259 0.031771 0.179630
0 0.442188 0.143981 0.017708 0.126852
0 0.410938 0.147222 0.020833 0.114815
0 0.364323 0.209722 0.025521 0.102778
0 0.366146 0.654630 0.092708 0.474074
0 0.522396 0.439815 0.054167 0.320370
0 0.452865 0.158333 0.023438 0.114815
0 0.411458 0.460648 0.064583 0.354630
0 0.430469 0.164815 0.033854 0.122222
0 0.264323 0.543519 0.082812 0.259259
0 0.360417 0.255556 0.056250 0.133333
0 0.409115 0.392130 0.067187 0.306481
0 0.377604 0.162500 0.020833 0.117593
0 0.935677 0.777315 0.079687 0.412037
0 0.417448 0.311111 0.063021 0.155556
0 0.418229 0.076852 0.010417 0.040741
0 0.426042 0.097685 0.013542 0.056481
0 0.431510 0.065741 0.009896 0.044444
0 0.441406 0.065741 0.009896 0.044444
0 0.443750 0.079167 0.013542 0.047222
0 0.627083 0.828241 0.144792 0.341667
0 0.631510 0.843519 0.153646 0.309259
