0 0.024740 0.184259 0.022396 0.116667
0 0.071615 0.118056 0.026562 0.143519
0 0.723177 0.074074 0.024479 0.138889
0 0.743229 0.097685 0.026042 0.143519
0 0.653385 0.150463 0.035937 0.186111
0 0.678906 0.150926 0.028646 0.138889
0 0.734635 0.142593 0.021354 0.109259
0 0.748958 0.207407 0.042708 0.222222
0 0.781250 0.204630 0.042708 0.235185
0 0.718490 0.258796 0.026562 0.126852
0 0.646875 0.369907 0.056250 0.280556
0 0.693229 0.340278 0.057292 0.347222
0 0.757292 0.454630 0.059375 0.385185
0 0.811719 0.457407 0.063021 0.375926
0 0.686719 0.557870 0.069271 0.360185
0 0.552083 0.745833 0.137500 0.504630
0 0.512500 0.795370 0.084375 0.407407
