0 0.415885 0.140278 0.011979 0.062037
0 0.419271 0.208333 0.014583 0.075926
0 0.498698 0.132870 0.009896 0.050926
0 0.513802 0.168519 0.014063 0.077778
0 0.537760 0.221296 0.020313 0.103704
0 0.522656 0.272222 0.019271 0.125926
0 0.493490 0.226389 0.016146 0.080556
0 0.483073 0.242130 0.020313 0.095370
0 0.506771 0.268981 0.022917 0.123148
0 0.482031 0.278704 0.023438 0.137037
0 0.491406 0.393981 0.045312 0.232407
0 0.510938 0.414815 0.040625 0.164815
0 0.544010 0.399537 0.040104 0.165741
0 0.558854 0.496759 0.054167 0.269444
0 0.508594 0.488426 0.052604 0.243519
0 0.511458 0.615278 0.066667 0.330556
0 0.466406 0.475463 0.043229 0.236111
0 0.428125 0.534722 0.065625 0.275000
0 0.424219 0.716667 0.114062 0.405556
0 0.534635 0.770833 0.073438 0.408333
0 0.126562 0.181944 0.016667 0.099074
0 0.148698 0.190741 0.014063 0.092593
0 0.138021 0.205556 0.020833 0.114815
0 0.194792 0.571296 0.052083 0.262963
0 0.044531 0.736574 0.063021 0.352778
0 0.131771 0.625926 0.048958 0.161111
