0 0.560677 0.082870 0.018229 0.100926
0 0.543750 0.076389 0.015625 0.095370
0 0.529427 0.077778 0.017188 0.105556
0 0.510156 0.068056 0.018229 0.097222
0 0.516406 0.080556 0.018229 0.105556
0 0.526563 0.126389 0.025000 0.136111
0 0.492708 0.076389 0.019792 0.095370
0 0.429948 0.077778 0.015104 0.053704
0 0.417187 0.093981 0.025000 0.075000
0 0.458854 0.094444 0.022917 0.096296
0 0.439844 0.164352 0.041146 0.117593
0 0.367969 0.151389 0.030729 0.089815
0 0.313281 0.149537 0.029687 0.087963
0 0.420312 0.231019 0.041667 0.156481
0 0.407813 0.238889 0.039583 0.125926
0 0.373958 0.198148 0.029167 0.098148
0 0.299219 0.159259 0.029687 0.075926
0 0.286458 0.181944 0.038542 0.100926
0 0.284115 0.222222 0.036979 0.140741
0 0.551562 0.168056 0.027083 0.169444
0 0.562760 0.261111 0.031771 0.235185
0 0.527865 0.268519 0.043229 0.229630
0 0.479948 0.262963 0.057813 0.257407
0 0.542448 0.310185 0.051562 0.220370
0 0.595052 0.257407 0.034896 0.216667
0 0.614583 0.426389 0.043750 0.273148
0 0.534635 0.396759 0.067187 0.297222
0 0.408333 0.313889 0.048958 0.251852
0 0.338021 0.263426 0.047917 0.165741
0 0.318490 0.287037 0.052604 0.168519
0 0.234115 0.194907 0.035937 0.154630
0 0.251302 0.204167 0.022396 0.113889
0 0.207031 0.175926 0.027604 0.159259
0 0.225521 0.244907 0.035417 0.130556
0 0.242708 0.284722 0.050000 0.173148
0 0.187500 0.207407 0.036458 0.203704
0 0.386979 0.375000 0.047917 0.244444
0 0.331771 0.407870 0.056250 0.212037
0 0.327604 0.445370 0.066667 0.242593
0 0.052344 0.340278 0.060937 0.265741
0 0.226042 0.427315 0.061458 0.295370
0 0.161458 0.384259 0.061458 0.159259
0 0.140885 0.424537 0.068229 0.193519
0 0.081510 0.478241 0.070312 0.204630
0 0.084635 0.474537 0.047396 0.119444
0 0.100781 0.548148 0.079687 0.187037
0 0.056250 0.707870 0.060417 0.169444
0 0.122917 0.712963 0.069792 0.292593
0 0.107031 0.834259 0.102604 0.329630
0 0.400521 0.592130 0.101042 0.421296
0 0.459635 0.739352 0.066146 0.326852
0 0.492188 0.237037 0.028125 0.216667
0 0.262240 0.583333 0.069271 0.255556
0 0.653646 0.755556 0.092708 0.479630
0 0.583854 0.801852 0.092708 0.388889
0 0.651823 0.885648 0.068229 0.226852
0 0.698438 0.866204 0.094792 0.263889
0 0.032552 0.563889 0.064062 0.255556
0 0.334635 0.899537 0.076563 0.197222
0 0.240365 0.881944 0.123438 0.234259
0 0.242448 0.784259 0.119271 0.429630
