0 0.298438 0.116667 0.023958 0.127778
0 0.553125 0.037500 0.009375 0.060185
0 0.564844 0.072685 0.013021 0.110185
0 0.548698 0.063426 0.016146 0.082407
0 0.536458 0.071296 0.011458 0.070370
0 0.519271 0.073148 0.017708 0.088889
0 0.432812 0.155093 0.029167 0.056481
0 0.469792 0.200463 0.044792 0.186111
0 0.475260 0.253704 0.035937 0.105556
0 0.440625 0.323148 0.052083 0.288889
0 0.459115 0.329167 0.050521 0.162037
0 0.437760 0.106944 0.019271 0.065741
0 0.395573 0.110185 0.024479 0.050000
0 0.344531 0.110648 0.025521 0.039815
0 0.363542 0.153704 0.035417 0.064815
0 0.344271 0.131019 0.021875 0.060185
0 0.316406 0.134259 0.032813 0.070370
0 0.307031 0.159722 0.031771 0.075000
0 0.332813 0.200926 0.038542 0.062963
0 0.319792 0.218981 0.027083 0.099074
0 0.361719 0.224074 0.027604 0.081481
0 0.300260 0.223148 0.031771 0.079630
0 0.270573 0.187037 0.027604 0.074074
0 0.250260 0.208333 0.038021 0.079630
0 0.165625 0.234722 0.051042 0.193519
0 0.277344 0.269907 0.071354 0.145370
0 0.340104 0.279167 0.046875 0.145370
0 0.416406 0.309259 0.039062 0.300000
0 0.529948 0.190741 0.035937 0.157407
0 0.505729 0.216667 0.042708 0.172222
0 0.534635 0.267593 0.034896 0.172222
0 0.511458 0.374537 0.056250 0.271296
0 0.386458 0.324074 0.060417 0.311111
0 0.334635 0.378704 0.070312 0.181481
0 0.315885 0.451852 0.065104 0.251852
0 0.253385 0.407407 0.072396 0.170370
0 0.177083 0.386574 0.054167 0.265741
0 0.107292 0.348611 0.054167 0.113889
0 0.065104 0.386574 0.059375 0.143519
0 0.242969 0.595370 0.081771 0.298148
0 0.166667 0.569444 0.061458 0.174074
0 0.099740 0.578241 0.074479 0.291667
0 0.189844 0.758333 0.069271 0.388889
0 0.594010 0.179630 0.031771 0.181481
0 0.613021 0.402778 0.047917 0.298148
0 0.461198 0.461574 0.077604 0.358333
0 0.449479 0.585648 0.090625 0.187963
0 0.447396 0.768056 0.094792 0.462037
0 0.403125 0.105556 0.027083 0.085185
0 0.482812 0.087037 0.020833 0.075926
0 0.496615 0.056019 0.014063 0.062037
0 0.437500 0.068519 0.017708 0.079630
0 0.598958 0.715278 0.103125 0.417593
