0 0.466927 0.733796 0.080729 0.419444
0 0.300521 0.393056 0.046875 0.358333
0 0.303906 0.517130 0.071354 0.206481
0 0.337240 0.439352 0.069271 0.354630
0 0.420312 0.555093 0.085417 0.426852
0 0.413542 0.442593 0.053125 0.327778
0 0.417708 0.417130 0.051042 0.341667
0 0.433073 0.331481 0.034896 0.257407
0 0.474219 0.479630 0.063021 0.466667
0 0.472917 0.332407 0.045833 0.305556
0 0.484375 0.437963 0.056250 0.401852
0 0.518750 0.489352 0.086458 0.486111
0 0.230990 0.742130 0.147396 0.410185
0 0.562240 0.639352 0.066146 0.558333
0 0.608854 0.638426 0.055208 0.560185
0 0.645833 0.761111 0.054167 0.444444
0 0.593229 0.733333 0.087500 0.525926
0 0.472656 0.193056 0.047396 0.087963
0 0.480990 0.203241 0.025521 0.173148
0 0.366406 0.307407 0.046354 0.266667
0 0.352083 0.198148 0.021875 0.146296
0 0.427083 0.185185 0.027083 0.112963
0 0.378385 0.148148 0.033854 0.070370
0 0.381510 0.135648 0.033854 0.076852
0 0.388021 0.121759 0.022917 0.054630
0 0.391146 0.113889 0.017708 0.055556
0 0.467708 0.147222 0.018750 0.116667
0 0.455990 0.122685 0.015104 0.097222
0 0.438021 0.117593 0.014583 0.087037
0 0.447656 0.118981 0.010937 0.089815
0 0.443229 0.093981 0.014583 0.063889
0 0.436979 0.074537 0.010417 0.052778
0 0.419531 0.073611 0.010937 0.054630
0 0.217969 0.746296 0.121354 0.505556
0 0.396354 0.740741 0.102083 0.516667
0 0.346354 0.770370 0.138542 0.448148
0 0.510938 0.762500 0.132292 0.473148
0 0.641927 0.808796 0.111979 0.380556
