0 0.180729 0.234259 0.015625 0.087037
0 0.167708 0.218056 0.018750 0.115741
0 0.147396 0.236574 0.032292 0.125000
0 0.118750 0.611574 0.080208 0.371296
0 0.154427 0.662963 0.058854 0.375926
0 0.061458 0.662500 0.057292 0.369444
0 0.428385 0.097222 0.007812 0.050000
0 0.429427 0.180556 0.010937 0.103704
0 0.421094 0.156019 0.011979 0.069444
0 0.401823 0.148148 0.009896 0.062963
0 0.398177 0.173611 0.010937 0.065741
0 0.389844 0.169907 0.008854 0.067593
0 0.405469 0.168519 0.014063 0.083333
0 0.414844 0.175926 0.015104 0.090741
0 0.400521 0.244907 0.019792 0.080556
0 0.500521 0.131481 0.015625 0.081481
0 0.519010 0.128704 0.008854 0.057407
0 0.510677 0.128704 0.008854 0.050000
0 0.479687 0.152778 0.010417 0.061111
0 0.487760 0.152778 0.010937 0.064815
0 0.529948 0.183333 0.011979 0.079630
0 0.505990 0.183333 0.013021 0.090741
0 0.490885 0.206481 0.023438 0.111111
0 0.476042 0.230093 0.021875 0.106481
0 0.508333 0.238889 0.018750 0.111111
0 0.540365 0.204167 0.016146 0.097222
0 0.527604 0.261574 0.017708 0.112037
0 0.538802 0.305093 0.023438 0.136111
0 0.516927 0.300926 0.029687 0.140741
0 0.460938 0.303241 0.030208 0.154630
0 0.488021 0.309722 0.029167 0.156481
0 0.472396 0.342593 0.036458 0.181481
0 0.559896 0.333333 0.030208 0.168519
0 0.401302 0.512037 0.051562 0.277778
0 0.545573 0.562963 0.051562 0.288889
0 0.490104 0.547685 0.051042 0.282407
0 0.525521 0.597685 0.052083 0.365741
0 0.494271 0.669907 0.066667 0.395370
0 0.437500 0.710185 0.080208 0.377778
0 0.640885 0.733333 0.100521 0.374074
0 0.030729 0.771296 0.060417 0.450000
