0 0.348958 0.064815 0.021875 0.105556
0 0.323177 0.075000 0.022396 0.088889
0 0.449219 0.063889 0.025521 0.077778
0 0.405208 0.154167 0.027083 0.089815
0 0.369271 0.072222 0.027083 0.079630
0 0.326042 0.143519 0.022917 0.081481
0 0.357031 0.137037 0.020313 0.079630
0 0.430990 0.227778 0.034896 0.151852
0 0.408073 0.236111 0.044271 0.148148
0 0.371354 0.199074 0.031250 0.094444
0 0.365885 0.175463 0.032813 0.099074
0 0.324479 0.176852 0.026042 0.096296
0 0.519792 0.072685 0.021875 0.086111
0 0.554167 0.065741 0.012500 0.081481
0 0.506771 0.190278 0.030208 0.169444
0 0.468229 0.220370 0.039583 0.225926
0 0.543750 0.191204 0.025000 0.200926
0 0.519531 0.218981 0.041146 0.210185
0 0.542708 0.249074 0.038542 0.183333
0 0.592708 0.242593 0.041667 0.229630
0 0.576302 0.267130 0.046354 0.212037
0 0.327083 0.291667 0.035417 0.203704
0 0.378646 0.344444 0.040625 0.255556
0 0.244010 0.159259 0.029687 0.153704
0 0.223438 0.159259 0.028125 0.153704
0 0.265625 0.244907 0.034375 0.123148
0 0.235677 0.272685 0.048438 0.160185
0 0.213281 0.245833 0.027604 0.099074
0 0.189844 0.184722 0.034896 0.158333
0 0.339583 0.407407 0.051042 0.198148
0 0.315625 0.435185 0.060417 0.222222
0 0.275521 0.362963 0.042708 0.174074
0 0.227083 0.371759 0.043750 0.152778
0 0.465885 0.347222 0.050521 0.246296
0 0.487500 0.403704 0.055208 0.357407
0 0.517448 0.427315 0.064062 0.337963
0 0.167969 0.367130 0.041146 0.130556
0 0.144792 0.399074 0.062500 0.150000
0 0.093750 0.366204 0.053125 0.134259
0 0.128646 0.475463 0.067708 0.193519
0 0.078125 0.466204 0.058333 0.184259
0 0.085677 0.470833 0.038021 0.108333
0 0.273698 0.518056 0.085938 0.267593
0 0.253646 0.578704 0.063542 0.250000
0 0.161198 0.538426 0.053646 0.195370
0 0.104167 0.547685 0.056250 0.199074
0 0.039323 0.544444 0.069271 0.212963
0 0.550000 0.798611 0.088542 0.367593
0 0.085938 0.824537 0.055208 0.200926
0 0.129688 0.816667 0.134375 0.364815
0 0.252083 0.748611 0.090625 0.500926
0 0.344271 0.751389 0.102083 0.495370
0 0.413802 0.899537 0.082812 0.195370
