0 0.571354 0.699537 0.065625 0.513889
0 0.453906 0.404167 0.050521 0.313889
0 0.523177 0.428704 0.072396 0.212963
0 0.374740 0.137963 0.014063 0.096296
0 0.382031 0.149074 0.015104 0.112963
0 0.392448 0.106481 0.015104 0.053704
0 0.409896 0.063889 0.006250 0.042593
0 0.419271 0.062037 0.008333 0.046296
0 0.425521 0.057407 0.007292 0.038889
0 0.428385 0.093981 0.013021 0.075000
0 0.417448 0.140278 0.020313 0.097222
0 0.433854 0.135185 0.016667 0.096296
0 0.438281 0.104630 0.014063 0.072222
0 0.454427 0.108333 0.015104 0.081481
0 0.465365 0.151852 0.026562 0.062963
0 0.461458 0.152778 0.018750 0.096296
0 0.435677 0.222222 0.029687 0.161111
0 0.459375 0.225000 0.032292 0.162963
0 0.481510 0.201389 0.021354 0.110185
0 0.354948 0.216204 0.052604 0.104630
0 0.324740 0.460185 0.068229 0.362963
0 0.246875 0.710648 0.166667 0.350926
0 0.606510 0.784259 0.114062 0.429630
0 0.633594 0.734722 0.121354 0.497222
