0 0.571354 0.044444 0.010417 0.068519
0 0.561979 0.035185 0.012500 0.070370
0 0.562240 0.043056 0.016146 0.073148
0 0.525000 0.102315 0.023958 0.102778
0 0.558854 0.139352 0.020833 0.076852
0 0.556250 0.193519 0.026042 0.114815
0 0.471354 0.228704 0.042708 0.203704
0 0.455469 0.297222 0.039062 0.235185
0 0.589583 0.200926 0.043750 0.177778
0 0.524479 0.265741 0.042708 0.255556
0 0.554427 0.340278 0.047396 0.243519
0 0.532031 0.410648 0.058854 0.319444
0 0.362240 0.060185 0.016146 0.085185
0 0.421354 0.032870 0.018750 0.054630
0 0.448958 0.058796 0.020833 0.067593
0 0.431250 0.084722 0.021875 0.062037
0 0.445573 0.159259 0.029687 0.083333
0 0.385937 0.160185 0.042708 0.116667
0 0.412760 0.243981 0.040104 0.149074
0 0.370573 0.219444 0.038021 0.109259
0 0.335677 0.161111 0.028646 0.101852
0 0.310937 0.170370 0.034375 0.114815
0 0.395573 0.283333 0.039062 0.166667
0 0.345313 0.261111 0.031250 0.155556
0 0.261198 0.260648 0.046354 0.156481
0 0.158594 0.272685 0.041146 0.245370
0 0.056771 0.281481 0.042708 0.244444
0 0.277865 0.545370 0.081771 0.298148
0 0.057552 0.431019 0.064062 0.223148
0 0.135417 0.507870 0.055208 0.267593
0 0.090625 0.764352 0.086458 0.354630
0 0.460156 0.318519 0.048438 0.259259
0 0.435937 0.156019 0.028125 0.097222
0 0.491146 0.094907 0.019792 0.125000
0 0.427344 0.227778 0.027604 0.161111
0 0.538542 0.049537 0.017708 0.091667
0 0.587500 0.221759 0.028125 0.158333
0 0.533854 0.097222 0.032292 0.109259
0 0.335156 0.129630 0.031771 0.090741
0 0.557031 0.262037 0.038021 0.220370
0 0.333333 0.176389 0.026042 0.099074
0 0.509896 0.065278 0.021875 0.104630
0 0.290365 0.109259 0.025521 0.109259
0 0.615885 0.312500 0.048438 0.269444
0 0.284375 0.197222 0.032292 0.138889
0 0.526302 0.172685 0.041146 0.160185
0 0.293490 0.253704 0.027604 0.124074
0 0.597396 0.378241 0.054167 0.297222
0 0.383854 0.298611 0.054167 0.184259
0 0.493750 0.053241 0.015625 0.091667
0 0.327344 0.294444 0.056771 0.179630
0 0.594271 0.393519 0.096875 0.292593
0 0.181510 0.278704 0.042188 0.224074
0 0.480469 0.190741 0.034896 0.170370
0 0.122135 0.284259 0.041146 0.222222
0 0.308073 0.443519 0.067187 0.227778
0 0.555469 0.048611 0.014063 0.091667
0 0.213281 0.491667 0.106771 0.318519
0 0.471875 0.066204 0.018750 0.065741
0 0.252344 0.593981 0.061979 0.195370
0 0.439844 0.244907 0.042188 0.232407
0 0.075781 0.488426 0.055729 0.186111
0 0.444271 0.070833 0.017708 0.060185
0 0.104688 0.554630 0.083333 0.246296
0 0.529948 0.044444 0.019271 0.087037
0 0.454167 0.152778 0.030208 0.111111
0 0.690104 0.841667 0.213542 0.307407
