0 0.587240 0.817593 0.153646 0.362963
0 0.360938 0.215741 0.043750 0.162963
0 0.465104 0.102778 0.012500 0.088889
0 0.542708 0.543981 0.141667 0.273148
0 0.522135 0.461574 0.114062 0.217593
0 0.195052 0.825000 0.153646 0.348148
0 0.225000 0.706481 0.134375 0.400000
0 0.259375 0.565741 0.094792 0.303704
0 0.309375 0.425926 0.100000 0.244444
0 0.302865 0.465741 0.117188 0.259259
0 0.395313 0.184722 0.019792 0.147222
0 0.459115 0.280556 0.039062 0.224074
0 0.488802 0.221296 0.027604 0.162963
0 0.421094 0.216667 0.028646 0.164815
0 0.446875 0.110185 0.016667 0.088889
0 0.436458 0.090278 0.014583 0.067593
0 0.419792 0.069907 0.013542 0.073148
0 0.590104 0.761111 0.209375 0.379630
0 0.125000 0.900926 0.170833 0.196296
0 0.341667 0.862963 0.058333 0.253704
0 0.410156 0.818519 0.109896 0.361111
