0 0.577344 0.631944 0.136979 0.295370
0 0.480208 0.197685 0.021875 0.139815
0 0.455469 0.221296 0.042188 0.175926
0 0.444531 0.204167 0.028646 0.156481
0 0.522135 0.448148 0.113021 0.227778
0 0.293750 0.484259 0.100000 0.287037
0 0.384375 0.352315 0.055208 0.293519
0 0.428906 0.141667 0.015104 0.100000
0 0.362240 0.231019 0.039062 0.137963
0 0.351042 0.224074 0.034375 0.103704
0 0.362760 0.189815 0.043229 0.105556
0 0.385417 0.144444 0.033333 0.072222
0 0.378125 0.147222 0.022917 0.068519
0 0.081771 0.882407 0.143750 0.231481
0 0.588802 0.826852 0.188021 0.344444
