0 0.503646 0.440741 0.043750 0.248148
0 0.348438 0.477315 0.020833 0.106481
0 0.235156 0.427778 0.022396 0.083333
0 0.453646 0.406944 0.056250 0.289815
0 0.770312 0.153704 0.035417 0.188889
0 0.713021 0.350000 0.081250 0.318519
0 0.051042 0.133333 0.025000 0.142593
0 0.043750 0.166667 0.028125 0.146296
0 0.720833 0.148148 0.051042 0.192593
0 0.111458 0.606019 0.021875 0.126852
0 0.648698 0.347685 0.058854 0.313889
0 0.077865 0.107407 0.023438 0.140741
0 0.833073 0.286111 0.051562 0.300000
0 0.031510 0.131019 0.030729 0.162037
0 0.796354 0.491667 0.073958 0.424074
0 0.717708 0.029630 0.017708 0.055556
0 0.755208 0.044907 0.022917 0.087963
0 0.738802 0.044907 0.016146 0.086111
0 0.396615 0.072685 0.027604 0.141667
0 0.811458 0.813426 0.139583 0.371296
0 0.658073 0.833796 0.164062 0.330556
