0 0.513281 0.044907 0.014063 0.080556
0 0.553646 0.052315 0.018750 0.099074
0 0.535156 0.074074 0.022396 0.098148
0 0.522656 0.075926 0.022396 0.090741
0 0.525781 0.042593 0.016146 0.077778
0 0.459115 0.209722 0.041146 0.165741
0 0.600260 0.134722 0.026562 0.147222
0 0.490365 0.297222 0.041146 0.203704
0 0.558854 0.301852 0.053125 0.264815
0 0.567969 0.371759 0.060937 0.297222
0 0.607812 0.305093 0.036458 0.145370
0 0.609115 0.407870 0.045312 0.291667
0 0.405208 0.451389 0.052083 0.286111
0 0.376563 0.528241 0.087500 0.450926
0 0.506510 0.584722 0.079687 0.306481
0 0.489583 0.058796 0.015625 0.045370
0 0.469531 0.036111 0.018229 0.050000
0 0.430990 0.083796 0.023438 0.062037
0 0.389583 0.134259 0.027083 0.085185
0 0.407292 0.159722 0.036458 0.121296
0 0.404167 0.212500 0.033333 0.106481
0 0.363281 0.109259 0.023438 0.105556
0 0.344271 0.126852 0.021875 0.090741
0 0.372656 0.157407 0.028646 0.087037
0 0.276562 0.116204 0.016667 0.095370
0 0.329167 0.180556 0.029167 0.116667
0 0.276562 0.175463 0.045833 0.134259
0 0.294531 0.224074 0.031771 0.129630
0 0.380729 0.292130 0.058333 0.180556
0 0.345573 0.397222 0.047396 0.185185
0 0.323958 0.282407 0.051042 0.155556
0 0.254167 0.212963 0.044792 0.124074
0 0.214583 0.255556 0.033333 0.100000
0 0.219271 0.365741 0.043750 0.159259
0 0.194531 0.443056 0.074479 0.236111
0 0.279427 0.533333 0.091146 0.281481
0 0.076302 0.493056 0.064062 0.263889
0 0.170573 0.562963 0.073438 0.262963
0 0.043750 0.566204 0.064583 0.250926
0 0.161719 0.758796 0.099479 0.362037
0 0.422396 0.214815 0.031250 0.118519
0 0.451823 0.167593 0.016146 0.064815
0 0.358073 0.132870 0.035937 0.108333
0 0.428646 0.311574 0.043750 0.250926
0 0.358594 0.144907 0.025521 0.084259
0 0.535677 0.205093 0.034896 0.197222
0 0.329688 0.130556 0.026042 0.105556
0 0.478906 0.454630 0.074479 0.368519
0 0.299479 0.110648 0.026042 0.119444
0 0.602865 0.212963 0.028646 0.179630
0 0.290625 0.140278 0.023958 0.121296
0 0.460156 0.541667 0.080729 0.366667
0 0.312240 0.166667 0.028646 0.120370
0 0.504167 0.212037 0.036458 0.188889
0 0.490104 0.041667 0.017708 0.057407
0 0.336719 0.256019 0.041146 0.147222
0 0.592969 0.209259 0.036979 0.153704
0 0.271354 0.368981 0.057292 0.175000
0 0.505990 0.044444 0.013021 0.057407
0 0.326042 0.443056 0.076042 0.252778
0 0.525000 0.115741 0.025000 0.133333
0 0.268229 0.201852 0.030208 0.101852
0 0.228906 0.166204 0.030729 0.162037
0 0.465885 0.311574 0.058854 0.200926
0 0.277604 0.444907 0.000000 0.256481
0 0.467969 0.044444 0.019271 0.050000
0 0.249219 0.433333 0.055729 0.231481
0 0.501302 0.108333 0.027604 0.127778
0 0.144010 0.361574 0.036979 0.200926
0 0.466667 0.058796 0.019792 0.049074
0 0.067187 0.381481 0.032292 0.177778
0 0.578646 0.306019 0.043750 0.276852
0 0.145833 0.496759 0.063542 0.254630
0 0.442969 0.075926 0.022396 0.066667
0 0.082812 0.479630 0.037500 0.122222
0 0.484896 0.228704 0.051042 0.209259
0 0.106510 0.571296 0.056771 0.242593
0 0.412500 0.134259 0.037500 0.140741
0 0.251823 0.694907 0.104688 0.495370
0 0.606250 0.340741 0.053125 0.303704
0 0.099479 0.868981 0.083333 0.260185
0 0.414583 0.160648 0.031250 0.121296
0 0.470833 0.165741 0.025000 0.164815
0 0.523177 0.811111 0.165104 0.374074
0 0.554427 0.837963 0.105729 0.320370
0 0.638281 0.787500 0.106771 0.421296
0 0.680469 0.846296 0.107813 0.303704
0 0.228125 0.799537 0.094792 0.399074
