0 0.086458 0.680093 0.061458 0.404630
0 0.182552 0.607870 0.056771 0.365741
0 0.142969 0.676389 0.070312 0.449074
0 0.523177 0.360648 0.041146 0.187963
0 0.472396 0.332407 0.033333 0.188889
0 0.555990 0.312037 0.021354 0.131481
0 0.507812 0.262037 0.027083 0.142593
0 0.486719 0.181481 0.017188 0.077778
0 0.491146 0.161111 0.012500 0.066667
0 0.413281 0.211111 0.020313 0.109259
0 0.402865 0.155556 0.013021 0.070370
0 0.137760 0.202315 0.018229 0.102778
0 0.114062 0.165278 0.017708 0.097222
0 0.498437 0.198148 0.010417 0.048148
0 0.551302 0.394907 0.026562 0.125000
0 0.676042 0.721296 0.070833 0.353704
0 0.457292 0.331944 0.022917 0.108333
0 0.502865 0.165741 0.010937 0.070370
0 0.486458 0.475463 0.046875 0.263889
0 0.473177 0.174074 0.007812 0.064815
0 0.490885 0.313426 0.025521 0.139815
0 0.482292 0.126389 0.007292 0.037963
0 0.445833 0.469907 0.054167 0.273148
0 0.408594 0.152315 0.011979 0.073148
0 0.236198 0.254630 0.022396 0.127778
0 0.525000 0.261574 0.020833 0.128704
0 0.417708 0.150926 0.017708 0.051852
0 0.154948 0.147222 0.013021 0.085185
