0 0.773958 0.125463 0.040625 0.199074
0 0.774479 0.093519 0.033333 0.172222
0 0.732292 0.118981 0.041667 0.210185
0 0.738021 0.095833 0.029167 0.173148
0 0.701562 0.098611 0.035417 0.171296
0 0.685677 0.116204 0.024479 0.125000
0 0.664583 0.155556 0.037500 0.203704
0 0.669271 0.210185 0.064583 0.233333
0 0.668229 0.240278 0.059375 0.225000
0 0.736198 0.483796 0.074479 0.413889
0 0.677344 0.568056 0.079687 0.480556
0 0.798438 0.508333 0.064583 0.355556
0 0.790625 0.587037 0.088542 0.440741
0 0.909896 0.472222 0.066667 0.377778
0 0.519271 0.581019 0.097917 0.482407
0 0.449479 0.440278 0.077083 0.325000
0 0.392969 0.560185 0.065104 0.411111
0 0.326562 0.533333 0.081250 0.398148
0 0.719271 0.638426 0.087500 0.426852
0 0.458073 0.068981 0.038021 0.137963
0 0.363021 0.052315 0.030208 0.100926
0 0.039844 0.132870 0.032813 0.158333
0 0.030729 0.168981 0.037500 0.169444
0 0.033333 0.189352 0.032292 0.149074
0 0.013542 0.186111 0.026042 0.153704
0 0.690365 0.862037 0.118229 0.274074
