0 0.455729 0.338889 0.029167 0.162963
0 0.487240 0.340278 0.025521 0.167593
0 0.519271 0.171759 0.012500 0.078704
0 0.557031 0.343981 0.031771 0.175000
0 0.490104 0.625463 0.085417 0.339815
0 0.491667 0.143519 0.011458 0.066667
0 0.234635 0.153704 0.010937 0.077778
0 0.489323 0.212037 0.020313 0.111111
0 0.520312 0.342593 0.032292 0.179630
0 0.401823 0.181481 0.011979 0.085185
0 0.469531 0.393056 0.036979 0.208333
0 0.432812 0.383333 0.032292 0.211111
0 0.512500 0.505556 0.052083 0.287037
0 0.684115 0.718981 0.059896 0.358333
0 0.509115 0.241667 0.023438 0.107407
0 0.490365 0.290741 0.027604 0.148148
0 0.484635 0.141667 0.015104 0.066667
0 0.417708 0.208796 0.023958 0.126852
0 0.491406 0.858796 0.161979 0.280556
