0 0.476823 0.440278 0.015104 0.093519
0 0.372135 0.368056 0.025521 0.095370
0 0.073177 0.137500 0.025521 0.141667
0 0.049740 0.134259 0.025521 0.146296
0 0.926823 0.480093 0.067187 0.363889
0 0.771875 0.089352 0.031250 0.160185
0 0.770833 0.156019 0.036458 0.195370
0 0.741927 0.097222 0.030729 0.164815
0 0.699479 0.141667 0.038542 0.188889
0 0.666406 0.154167 0.032813 0.186111
0 0.698958 0.182407 0.033333 0.183333
0 0.728125 0.205556 0.044792 0.250000
0 0.647135 0.377315 0.042188 0.245370
0 0.689063 0.327315 0.065625 0.343519
0 0.734896 0.403704 0.052083 0.279630
0 0.778906 0.364352 0.056771 0.347222
0 0.738281 0.606944 0.108854 0.421296
