0 0.167708 0.239815 0.021875 0.137037
0 0.427083 0.143519 0.011458 0.079630
0 0.405729 0.161574 0.014583 0.086111
0 0.418750 0.180093 0.015625 0.086111
0 0.395573 0.155093 0.011979 0.078704
0 0.407552 0.230556 0.021354 0.100000
0 0.485156 0.125926 0.007812 0.038889
0 0.488021 0.136574 0.009375 0.045370
0 0.501563 0.139815 0.010417 0.053704
0 0.510677 0.198148 0.019271 0.083333
0 0.533073 0.204167 0.014063 0.063889
0 0.500260 0.268981 0.024479 0.112037
0 0.548438 0.317130 0.022917 0.139815
0 0.497135 0.338426 0.033854 0.195370
0 0.527344 0.360648 0.036979 0.204630
0 0.481771 0.371759 0.036458 0.199074
0 0.450000 0.316204 0.031250 0.156481
0 0.436979 0.375463 0.035417 0.184259
0 0.421615 0.400926 0.053646 0.225926
0 0.407813 0.545833 0.061458 0.336111
0 0.417187 0.625000 0.071875 0.396296
0 0.492708 0.637963 0.064583 0.348148
0 0.554948 0.691204 0.071354 0.343519
0 0.677083 0.725000 0.063542 0.348148
0 0.297917 0.820833 0.092708 0.354630
0 0.354948 0.888889 0.113021 0.220370
0 0.561719 0.825926 0.111979 0.346296
