0 0.403906 0.073611 0.013021 0.052778
0 0.434375 0.072222 0.010417 0.059259
0 0.443750 0.078241 0.008333 0.049074
0 0.397396 0.151389 0.028125 0.130556
0 0.388802 0.155093 0.022396 0.123148
0 0.416406 0.143981 0.016146 0.121296
0 0.455729 0.125463 0.020833 0.093519
0 0.453646 0.174074 0.025000 0.114815
0 0.438542 0.153704 0.026042 0.125926
0 0.363542 0.187963 0.042708 0.109259
0 0.358073 0.271759 0.070312 0.143519
0 0.433073 0.254167 0.033854 0.206481
0 0.464844 0.243519 0.033854 0.177778
0 0.392188 0.375000 0.061458 0.311111
0 0.300000 0.407870 0.084375 0.206481
0 0.312240 0.482870 0.121354 0.287963
0 0.287760 0.574537 0.149479 0.341667
0 0.578646 0.485648 0.056250 0.358333
0 0.542448 0.543519 0.077604 0.401852
0 0.564844 0.591667 0.069271 0.461111
0 0.604948 0.749537 0.115104 0.499074
0 0.245833 0.746296 0.130208 0.505556
0 0.502344 0.808333 0.108854 0.375926
