0 0.609375 0.799074 0.175000 0.346296
0 0.573958 0.717130 0.186458 0.360185
0 0.604948 0.584722 0.076563 0.447222
0 0.555990 0.604167 0.125521 0.297222
0 0.550000 0.560648 0.108333 0.258333
0 0.545573 0.437500 0.088021 0.321296
0 0.460938 0.563889 0.067708 0.494444
0 0.477344 0.243519 0.061979 0.122222
0 0.428646 0.081481 0.012500 0.057407
0 0.416667 0.087963 0.008333 0.055556
0 0.402344 0.082407 0.008854 0.029630
0 0.401823 0.124074 0.024479 0.050000
0 0.395833 0.126852 0.022917 0.064815
0 0.389844 0.141204 0.022396 0.075000
0 0.372917 0.181944 0.019792 0.145370
0 0.382292 0.267593 0.021875 0.138889
0 0.357031 0.202778 0.026562 0.137037
0 0.358073 0.240741 0.032813 0.140741
0 0.361719 0.271296 0.071354 0.159259
0 0.354167 0.285185 0.048958 0.153704
0 0.282292 0.518981 0.128125 0.334259
0 0.261719 0.634722 0.160938 0.365741
0 0.235156 0.747685 0.186979 0.430556
0 0.670052 0.845370 0.185938 0.305556
