0 0.420312 0.056944 0.006250 0.034259
0 0.874219 0.525000 0.064062 0.225926
0 0.397135 0.118981 0.020313 0.050926
0 0.357292 0.189815 0.019792 0.151852
0 0.346094 0.204630 0.026562 0.138889
0 0.378646 0.200926 0.026042 0.168519
0 0.410938 0.184722 0.037500 0.139815
0 0.434375 0.175926 0.018750 0.120370
0 0.460677 0.191204 0.045312 0.086111
0 0.570833 0.526852 0.091667 0.168519
0 0.537500 0.416667 0.073958 0.216667
0 0.397656 0.583333 0.090104 0.438889
0 0.279427 0.467593 0.084896 0.225926
0 0.191146 0.804630 0.172917 0.388889
0 0.303906 0.741667 0.169271 0.514815
