0 0.858594 0.718056 0.077604 0.437963
0 0.683073 0.672222 0.110937 0.444444
0 0.588542 0.600463 0.097917 0.484259
0 0.784375 0.439352 0.091667 0.395370
0 0.782552 0.362963 0.070312 0.314815
0 0.739062 0.306019 0.070833 0.328704
0 0.813802 0.236111 0.049479 0.212963
0 0.775781 0.178704 0.036979 0.190741
0 0.731250 0.194907 0.039583 0.250926
0 0.718229 0.231019 0.041667 0.254630
0 0.695573 0.250463 0.039062 0.206481
0 0.643490 0.443981 0.073438 0.382407
0 0.694792 0.418519 0.060417 0.279630
0 0.664583 0.511111 0.084375 0.453704
0 0.760677 0.070833 0.030729 0.141667
0 0.688021 0.095833 0.037500 0.141667
0 0.359115 0.472222 0.031771 0.105556
0 0.222917 0.370833 0.019792 0.078704
0 0.360677 0.045370 0.016146 0.057407
0 0.522656 0.785185 0.077604 0.427778
