0 0.130729 0.174074 0.015625 0.098148
0 0.118229 0.173611 0.017708 0.095370
0 0.142708 0.235648 0.026042 0.136111
0 0.165885 0.236111 0.021354 0.118519
0 0.389844 0.242593 0.015104 0.127778
0 0.413542 0.251389 0.018750 0.154630
0 0.553906 0.787037 0.081771 0.424074
0 0.409635 0.587037 0.067187 0.333333
0 0.472396 0.608796 0.063542 0.339815
0 0.472396 0.444907 0.050000 0.221296
0 0.504427 0.402778 0.042188 0.211111
0 0.531771 0.457870 0.038542 0.228704
0 0.494010 0.291667 0.029687 0.162963
0 0.510938 0.310185 0.036458 0.157407
0 0.526563 0.315278 0.026042 0.141667
0 0.450260 0.301389 0.029687 0.163889
0 0.466146 0.290278 0.025000 0.137963
0 0.482031 0.276389 0.023438 0.141667
0 0.538802 0.269444 0.025521 0.140741
0 0.550000 0.225463 0.016667 0.108333
0 0.481771 0.171296 0.018750 0.085185
0 0.479427 0.150000 0.011979 0.074074
0 0.527344 0.178241 0.015104 0.076852
0 0.505990 0.174537 0.015104 0.086111
0 0.684635 0.847222 0.067187 0.301852
0 0.203385 0.830556 0.077604 0.337037
0 0.370573 0.797222 0.110937 0.403704
