0 0.382552 0.133796 0.023438 0.067593
0 0.393750 0.118519 0.013542 0.088889
0 0.431250 0.093519 0.013542 0.074074
0 0.422135 0.120370 0.021354 0.088889
0 0.454948 0.148611 0.028646 0.119444
0 0.370833 0.344444 0.061458 0.305556
0 0.568229 0.378241 0.047917 0.213889
0 0.454167 0.397685 0.055208 0.336111
0 0.192448 0.833333 0.161979 0.333333
0 0.315365 0.489815 0.078646 0.300000
0 0.516146 0.542130 0.046875 0.415741
0 0.543229 0.726852 0.052083 0.527778
0 0.593750 0.746759 0.090625 0.502778
0 0.346094 0.205556 0.023438 0.081481
0 0.364844 0.177778 0.029687 0.094444
0 0.511719 0.431481 0.030729 0.309259
