0 0.426302 0.158333 0.009896 0.101852
0 0.415104 0.162500 0.014583 0.106481
0 0.395573 0.230556 0.017188 0.107407
0 0.415104 0.237500 0.021875 0.169444
0 0.480990 0.193981 0.016146 0.080556
0 0.524219 0.181481 0.013021 0.096296
0 0.509115 0.194907 0.015104 0.106481
0 0.496615 0.176852 0.013021 0.096296
0 0.525521 0.218519 0.013542 0.074074
0 0.536198 0.231944 0.016146 0.086111
0 0.481250 0.290278 0.023958 0.160185
0 0.455990 0.308333 0.027604 0.157407
0 0.502865 0.258796 0.023438 0.119444
0 0.552083 0.292130 0.027083 0.143519
0 0.542708 0.360648 0.028125 0.158333
0 0.516667 0.291204 0.029167 0.141667
0 0.514062 0.318981 0.025000 0.143519
0 0.496875 0.362500 0.030208 0.184259
0 0.471094 0.367130 0.036979 0.191667
0 0.531510 0.445833 0.054688 0.271296
0 0.634635 0.774537 0.065104 0.389815
0 0.538802 0.637963 0.056771 0.333333
0 0.499479 0.707870 0.082292 0.404630
0 0.417969 0.731019 0.080729 0.469444
0 0.190365 0.237500 0.029687 0.145370
0 0.153646 0.241667 0.030208 0.118519
0 0.222917 0.625463 0.052083 0.373148
0 0.152344 0.647685 0.082812 0.419444
