0 0.259896 0.126389 0.018750 0.117593
0 0.360417 0.054167 0.017708 0.067593
0 0.334635 0.079167 0.022396 0.056481
0 0.359896 0.118981 0.026042 0.049074
0 0.294792 0.152778 0.032292 0.051852
0 0.289844 0.182407 0.030729 0.051852
0 0.375260 0.181481 0.033854 0.061111
0 0.514323 0.140741 0.026562 0.137037
0 0.257812 0.127315 0.022917 0.123148
0 0.189323 0.181481 0.033854 0.159259
0 0.325521 0.265741 0.054167 0.100000
0 0.383333 0.298148 0.045833 0.164815
0 0.140104 0.318519 0.063542 0.105556
0 0.212500 0.353704 0.053125 0.103704
0 0.323437 0.441667 0.056250 0.227778
0 0.085156 0.453704 0.067187 0.166667
0 0.221094 0.465741 0.072396 0.168519
0 0.056250 0.668056 0.054167 0.123148
0 0.506510 0.238426 0.027604 0.197222
0 0.568490 0.247685 0.029687 0.212037
0 0.486198 0.327778 0.035937 0.246296
0 0.612500 0.387037 0.044792 0.311111
0 0.308333 0.214815 0.041667 0.077778
0 0.453125 0.157407 0.035417 0.087037
0 0.394531 0.285185 0.054688 0.162963
0 0.338802 0.182407 0.041146 0.062963
0 0.423698 0.112500 0.025521 0.047222
0 0.141667 0.395833 0.060417 0.115741
0 0.252865 0.405556 0.063021 0.166667
0 0.033594 0.434259 0.064062 0.159259
0 0.552865 0.120370 0.028646 0.101852
0 0.106510 0.529630 0.068229 0.140741
0 0.438542 0.201852 0.021875 0.114815
0 0.182031 0.550463 0.058854 0.191667
0 0.241927 0.144444 0.023438 0.088889
0 0.116927 0.660648 0.079687 0.139815
0 0.224740 0.173148 0.023438 0.131481
0 0.110677 0.834259 0.122396 0.327778
0 0.533594 0.258333 0.036979 0.233333
0 0.590104 0.234259 0.021875 0.181481
0 0.602083 0.259259 0.026042 0.183333
0 0.264583 0.224074 0.035417 0.088889
0 0.331250 0.149074 0.027083 0.048148
0 0.510156 0.475000 0.075521 0.374074
0 0.030729 0.841667 0.056250 0.225926
0 0.684896 0.842130 0.089583 0.313889
