0 0.183073 0.101852 0.013021 0.096296
0 0.734375 0.106481 0.035417 0.170370
0 0.770573 0.133796 0.039062 0.206481
0 0.766146 0.192593 0.040625 0.198148
0 0.732292 0.160185 0.037500 0.203704
0 0.650260 0.291667 0.053646 0.290741
0 0.714323 0.287500 0.046354 0.258333
0 0.759115 0.298148 0.066146 0.307407
0 0.929948 0.468519 0.069271 0.362963
0 0.918750 0.631944 0.080208 0.463889
0 0.849479 0.699074 0.101042 0.462963
0 0.350260 0.480093 0.025521 0.104630
0 0.111979 0.565278 0.023958 0.099074
0 0.055469 0.542130 0.035937 0.143519
0 0.040104 0.132407 0.042708 0.138889
0 0.682031 0.083333 0.036979 0.164815
0 0.712760 0.075463 0.031771 0.149074
