0 0.433594 0.073148 0.007812 0.044444
0 0.377083 0.172222 0.014583 0.137037
0 0.446354 0.155093 0.019792 0.113889
0 0.356771 0.175463 0.019792 0.125000
0 0.632031 0.593056 0.063021 0.432407
0 0.380729 0.391204 0.076042 0.300926
0 0.233333 0.755556 0.190625 0.418519
0 0.397396 0.108333 0.009375 0.066667
0 0.429427 0.151852 0.021354 0.094444
0 0.447656 0.068981 0.009896 0.039815
0 0.472135 0.153241 0.021354 0.125000
0 0.411979 0.152778 0.016667 0.103704
0 0.360677 0.199537 0.023438 0.130556
0 0.438281 0.121759 0.016146 0.091667
0 0.357552 0.248611 0.032813 0.125000
0 0.415885 0.076852 0.009896 0.053704
0 0.485156 0.241204 0.048438 0.119444
0 0.500260 0.378704 0.053646 0.272222
0 0.534375 0.571759 0.095833 0.263889
0 0.541667 0.418056 0.050000 0.300926
0 0.355208 0.265278 0.034375 0.106481
0 0.619010 0.820833 0.153646 0.334259
0 0.579167 0.704630 0.178125 0.337037
0 0.416406 0.268981 0.032813 0.217593
0 0.281510 0.527778 0.115104 0.298148
0 0.286198 0.384259 0.049479 0.298148
0 0.495052 0.411574 0.065104 0.215741
0 0.259115 0.643056 0.165104 0.347222
0 0.388021 0.197222 0.026042 0.137037
0 0.669531 0.847685 0.168229 0.297222
