0 0.383333 0.115278 0.016667 0.050926
0 0.407031 0.071296 0.011979 0.046296
0 0.423438 0.074074 0.011458 0.051852
0 0.440104 0.068981 0.010417 0.041667
0 0.414583 0.128704 0.017708 0.092593
0 0.438802 0.123148 0.020313 0.103704
0 0.462240 0.142593 0.020313 0.122222
0 0.474740 0.155556 0.020313 0.107407
0 0.448177 0.151389 0.017188 0.112037
0 0.361198 0.157407 0.024479 0.088889
0 0.350000 0.205093 0.020833 0.102778
0 0.349740 0.262963 0.060937 0.100000
0 0.379427 0.211574 0.025521 0.149074
0 0.404948 0.217130 0.024479 0.165741
0 0.498698 0.226852 0.034896 0.166667
0 0.317448 0.456944 0.076563 0.287963
0 0.297396 0.524074 0.091667 0.320370
0 0.245052 0.478241 0.072396 0.363889
0 0.246875 0.623611 0.142708 0.271296
0 0.224479 0.772222 0.185417 0.448148
0 0.384115 0.415278 0.073438 0.337963
0 0.448958 0.442130 0.059375 0.341667
0 0.560417 0.408333 0.043750 0.096296
0 0.494271 0.468981 0.054167 0.354630
0 0.538021 0.600000 0.092708 0.296296
0 0.602083 0.550000 0.060417 0.242593
0 0.569531 0.708333 0.192188 0.331481
0 0.625781 0.817130 0.165104 0.347222
0 0.626042 0.773611 0.089583 0.450926
