0 0.395573 0.068056 0.021354 0.126852
0 0.065104 0.128704 0.022917 0.148148
0 0.011719 0.134722 0.023438 0.143519
0 0.342448 0.386574 0.016146 0.086111
0 0.361198 0.407407 0.019271 0.100000
0 0.458073 0.399537 0.059896 0.313889
0 0.759635 0.077315 0.030729 0.154630
0 0.698438 0.091204 0.025000 0.126852
0 0.745833 0.288426 0.027083 0.176852
0 0.793229 0.260185 0.040625 0.270370
0 0.797135 0.287500 0.051562 0.260185
0 0.768490 0.357870 0.047396 0.223148
0 0.754687 0.441667 0.075000 0.427778
0 0.723177 0.509722 0.088021 0.460185
0 0.646354 0.486574 0.057292 0.382407
0 0.736458 0.068056 0.023958 0.113889
