0 0.752865 0.077315 0.028646 0.141667
0 0.716667 0.106019 0.041667 0.187963
0 0.737240 0.213426 0.046354 0.236111
0 0.744792 0.314352 0.057292 0.265741
0 0.729948 0.403704 0.080729 0.307407
0 0.780469 0.385185 0.054688 0.301852
0 0.929167 0.483796 0.064583 0.352778
0 0.808854 0.531944 0.086458 0.399074
0 0.733854 0.602315 0.116667 0.421296
0 0.651042 0.375926 0.066667 0.362963
0 0.664583 0.323611 0.095833 0.204630
0 0.070312 0.145833 0.027083 0.126852
0 0.824219 0.766667 0.122396 0.464815
0 0.694531 0.764815 0.123438 0.468519
