0 0.493229 0.127778 0.009375 0.050000
0 0.478385 0.134259 0.009896 0.057407
0 0.510417 0.290278 0.025000 0.136111
0 0.491927 0.400926 0.053646 0.220370
0 0.524219 0.342130 0.040104 0.162037
0 0.545052 0.456481 0.045312 0.237037
0 0.410938 0.432870 0.046875 0.243519
0 0.402865 0.474537 0.043229 0.230556
0 0.440625 0.574074 0.054167 0.324074
0 0.402865 0.639352 0.066146 0.363889
0 0.548438 0.673611 0.060417 0.345370
0 0.684896 0.712037 0.061458 0.396296
0 0.419010 0.156019 0.009896 0.067593
0 0.125260 0.177315 0.030729 0.102778
0 0.136979 0.743056 0.097917 0.289815
0 0.508073 0.575000 0.065104 0.394444
0 0.487500 0.664352 0.057292 0.349074
0 0.503646 0.164352 0.017708 0.062037
0 0.619531 0.702315 0.071354 0.334259
0 0.527083 0.314815 0.029167 0.146296
0 0.531250 0.166204 0.012500 0.069444
0 0.410677 0.150926 0.007812 0.062963
0 0.545573 0.365278 0.041146 0.199074
0 0.396615 0.205556 0.017188 0.098148
0 0.506250 0.120370 0.006250 0.040741
0 0.428646 0.198148 0.019792 0.088889
0 0.475521 0.170833 0.015625 0.099074
0 0.239323 0.144444 0.014063 0.066667
0 0.445052 0.437500 0.043229 0.217593
0 0.125521 0.175926 0.018750 0.103704
0 0.485417 0.274074 0.029167 0.148148
0 0.152865 0.682870 0.078646 0.417593
0 0.494271 0.162500 0.011458 0.063889
0 0.485677 0.131944 0.009896 0.060185
0 0.660937 0.861111 0.088542 0.275926
0 0.596875 0.833796 0.058333 0.330556
0 0.525521 0.799537 0.100000 0.399074
0 0.447135 0.800000 0.073438 0.396296
0 0.354687 0.727315 0.087500 0.199074
0 0.357292 0.858796 0.101042 0.278704
0 0.245573 0.854167 0.119271 0.287963
