0 0.579688 0.763426 0.210417 0.347222
0 0.560937 0.659722 0.142708 0.291667
0 0.620573 0.555556 0.043229 0.381481
0 0.570833 0.562500 0.106250 0.300926
0 0.517969 0.455093 0.122396 0.223148
0 0.478385 0.200000 0.038021 0.096296
0 0.479948 0.150463 0.019271 0.097222
0 0.485156 0.134259 0.010937 0.053704
0 0.464583 0.189352 0.035417 0.091667
0 0.452344 0.087037 0.007812 0.068519
0 0.456250 0.094907 0.011458 0.060185
0 0.444792 0.092130 0.012500 0.067593
0 0.440104 0.086111 0.007292 0.057407
0 0.435156 0.083796 0.010937 0.062037
0 0.433333 0.089815 0.015625 0.070370
0 0.424740 0.088889 0.008854 0.064815
0 0.419010 0.093981 0.014063 0.069444
0 0.411719 0.083333 0.013021 0.064815
0 0.406250 0.077315 0.008333 0.058333
0 0.400000 0.092593 0.009375 0.072222
0 0.439323 0.226389 0.043229 0.195370
0 0.401562 0.237500 0.027083 0.147222
0 0.394010 0.102778 0.013021 0.050000
0 0.391146 0.109722 0.018750 0.045370
0 0.370833 0.162500 0.017708 0.125000
0 0.357812 0.170833 0.019792 0.134259
0 0.384115 0.174537 0.023438 0.132407
0 0.368490 0.202778 0.027604 0.155556
0 0.349740 0.193981 0.021354 0.149074
0 0.343750 0.203704 0.025000 0.166667
0 0.319531 0.424537 0.106771 0.226852
0 0.299219 0.468056 0.102604 0.254630
0 0.261458 0.734722 0.129167 0.363889
0 0.113281 0.900926 0.188021 0.196296
0 0.604167 0.814815 0.220833 0.368519
0 0.190885 0.810648 0.154688 0.376852
