0 0.583854 0.711574 0.186458 0.356481
0 0.469010 0.201852 0.021354 0.148148
0 0.496615 0.196296 0.026562 0.144444
0 0.478646 0.208796 0.046875 0.158333
0 0.445573 0.192593 0.020313 0.159259
0 0.414323 0.066204 0.006771 0.041667
0 0.422135 0.078241 0.007812 0.047222
0 0.437500 0.075000 0.008333 0.048148
0 0.428646 0.128704 0.017708 0.105556
0 0.404948 0.077778 0.010937 0.053704
0 0.397917 0.133796 0.017708 0.080556
0 0.382031 0.125463 0.025521 0.076852
0 0.382812 0.184722 0.022917 0.130556
0 0.359375 0.160185 0.017708 0.109259
0 0.378646 0.243519 0.059375 0.107407
0 0.363542 0.256481 0.063542 0.131481
0 0.360938 0.298611 0.076042 0.165741
0 0.414844 0.416667 0.047396 0.307407
0 0.327604 0.546759 0.151042 0.254630
0 0.270573 0.679630 0.122396 0.357407
0 0.223698 0.747222 0.163021 0.401852
0 0.604948 0.813889 0.179688 0.368519
0 0.605990 0.776389 0.155729 0.443519
0 0.740365 0.852315 0.103646 0.291667
