0 0.399479 0.051389 0.019792 0.063889
0 0.395313 0.029167 0.010417 0.058333
0 0.497656 0.061574 0.015104 0.063889
0 0.470313 0.117593 0.016667 0.088889
0 0.482812 0.100926 0.019792 0.085185
0 0.454427 0.146296 0.023438 0.103704
0 0.423698 0.137037 0.023438 0.079630
0 0.317708 0.145370 0.030208 0.083333
0 0.382031 0.149074 0.031771 0.090741
0 0.433854 0.187037 0.022917 0.111111
0 0.409375 0.246759 0.040625 0.141667
0 0.396094 0.185185 0.026562 0.096296
0 0.386198 0.201852 0.031771 0.103704
0 0.331250 0.186111 0.036458 0.101852
0 0.295312 0.172685 0.020833 0.097222
0 0.285156 0.185185 0.029687 0.100000
0 0.261979 0.196296 0.034375 0.122222
0 0.347656 0.271296 0.034896 0.155556
0 0.334115 0.295833 0.046354 0.139815
0 0.262240 0.258796 0.045312 0.160185
0 0.244271 0.285185 0.056250 0.172222
0 0.204687 0.300463 0.023958 0.075000
0 0.214062 0.409722 0.040625 0.184259
0 0.103906 0.376389 0.053646 0.195370
0 0.062760 0.250926 0.033854 0.188889
0 0.082812 0.334722 0.027083 0.125000
0 0.057813 0.311574 0.033333 0.250926
0 0.323698 0.476852 0.073438 0.320370
0 0.272135 0.548148 0.077604 0.250000
0 0.130990 0.508796 0.060937 0.241667
0 0.069792 0.507407 0.061458 0.218519
0 0.515885 0.062963 0.013021 0.075926
0 0.512760 0.054167 0.013021 0.076852
0 0.567708 0.067130 0.014583 0.099074
0 0.552865 0.089352 0.029687 0.108333
0 0.519792 0.127778 0.031250 0.140741
0 0.555208 0.170833 0.023958 0.163889
0 0.547917 0.196296 0.028125 0.174074
0 0.537240 0.183796 0.026562 0.169444
0 0.496875 0.193056 0.030208 0.191667
0 0.578125 0.228704 0.042708 0.211111
0 0.620833 0.325926 0.044792 0.233333
0 0.607292 0.329630 0.041667 0.283333
0 0.587500 0.361111 0.057292 0.255556
0 0.586458 0.384259 0.048958 0.279630
0 0.524219 0.271759 0.047396 0.191667
0 0.540625 0.334722 0.044792 0.262037
0 0.479167 0.247685 0.030208 0.149074
0 0.443750 0.234722 0.028125 0.204630
0 0.459375 0.402315 0.063542 0.336111
0 0.670573 0.800000 0.109896 0.398148
0 0.021094 0.359259 0.034896 0.253704
0 0.337760 0.781019 0.123438 0.436111
0 0.238281 0.840741 0.082812 0.316667
