0 0.345573 0.152315 0.010937 0.076852
0 0.470833 0.169907 0.036458 0.093519
0 0.419531 0.214352 0.028646 0.175000
0 0.360938 0.285648 0.072917 0.158333
0 0.503646 0.446759 0.056250 0.347222
0 0.306771 0.452778 0.097917 0.250000
0 0.550781 0.722222 0.069271 0.548148
0 0.585677 0.744444 0.119271 0.509259
0 0.439583 0.071759 0.014583 0.054630
0 0.390625 0.216667 0.025000 0.155556
0 0.450260 0.148611 0.018229 0.099074
0 0.552604 0.550463 0.093750 0.428704
0 0.399740 0.124074 0.006771 0.061111
0 0.457292 0.388889 0.059375 0.322222
0 0.366667 0.182407 0.027083 0.096296
0 0.276562 0.561111 0.131250 0.325926
0 0.391146 0.107870 0.008333 0.056481
0 0.475781 0.228704 0.035937 0.140741
0 0.167187 0.841667 0.178125 0.311111
