0 0.870052 0.531019 0.057813 0.263889
0 0.871094 0.718981 0.057813 0.317593
0 0.821094 0.600000 0.067187 0.314815
0 0.600521 0.797222 0.190625 0.333333
0 0.578646 0.762963 0.086458 0.346296
0 0.575521 0.697222 0.181250 0.331481
0 0.557031 0.579630 0.100521 0.262963
0 0.575781 0.468981 0.068229 0.299074
0 0.525781 0.457870 0.096354 0.219444
0 0.255208 0.649537 0.168750 0.350926
0 0.276823 0.669907 0.073438 0.578704
0 0.250781 0.478704 0.063021 0.392593
0 0.307031 0.459722 0.078646 0.282407
0 0.433594 0.656481 0.086979 0.444444
0 0.454948 0.552315 0.063021 0.369444
0 0.411198 0.549537 0.060937 0.350926
0 0.483333 0.433796 0.046875 0.262037
0 0.360417 0.445370 0.060417 0.301852
0 0.397656 0.371296 0.061979 0.285185
0 0.447135 0.331944 0.064062 0.278704
0 0.348698 0.275926 0.056771 0.142593
0 0.368490 0.254630 0.068229 0.138889
0 0.490104 0.229167 0.040625 0.180556
0 0.390365 0.139815 0.018229 0.107407
0 0.354948 0.185648 0.022396 0.125000
0 0.379167 0.200926 0.027083 0.129630
0 0.393229 0.189815 0.015625 0.088889
0 0.410156 0.192593 0.025521 0.140741
0 0.419531 0.195833 0.025521 0.145370
0 0.431771 0.166204 0.021875 0.113889
0 0.465104 0.179167 0.025000 0.132407
0 0.451042 0.156019 0.023958 0.123148
0 0.451562 0.110185 0.013542 0.068519
0 0.436979 0.113426 0.019792 0.071296
0 0.448177 0.090741 0.013021 0.057407
0 0.426042 0.075926 0.010417 0.061111
0 0.444531 0.075000 0.011979 0.053704
0 0.435417 0.076852 0.011458 0.051852
0 0.176823 0.811111 0.147396 0.374074
