0 0.422135 0.194444 0.007812 0.050000
0 0.145052 0.159722 0.020313 0.078704
0 0.136198 0.170370 0.009896 0.053704
0 0.497396 0.162500 0.012500 0.084259
0 0.518750 0.223611 0.016667 0.060185
0 0.486719 0.200926 0.019271 0.105556
0 0.407031 0.439815 0.065104 0.272222
0 0.457031 0.484722 0.040104 0.241667
0 0.545052 0.486574 0.043229 0.258333
0 0.537240 0.208333 0.019271 0.094444
0 0.504948 0.199537 0.019271 0.097222
0 0.480469 0.223611 0.017188 0.110185
0 0.472656 0.436111 0.044271 0.257407
0 0.505208 0.155093 0.009375 0.052778
0 0.410938 0.243056 0.025000 0.130556
0 0.519792 0.537963 0.061458 0.314815
0 0.411979 0.186574 0.013542 0.076852
0 0.483333 0.718981 0.080208 0.428704
