0 0.549479 0.600926 0.103125 0.303704
0 0.576042 0.634259 0.136458 0.292593
0 0.594792 0.504630 0.040625 0.237037
0 0.567969 0.440741 0.046354 0.274074
0 0.486719 0.250926 0.023438 0.142593
0 0.465104 0.251852 0.016667 0.161111
0 0.452604 0.246759 0.026042 0.130556
0 0.419531 0.231019 0.032813 0.180556
0 0.463542 0.156481 0.016667 0.105556
0 0.442188 0.111111 0.012500 0.022222
0 0.440625 0.151852 0.030208 0.153704
0 0.430469 0.119444 0.010937 0.068519
0 0.411198 0.135648 0.015104 0.089815
0 0.400260 0.145833 0.016146 0.102778
0 0.433333 0.063426 0.007292 0.047222
0 0.422917 0.061111 0.009375 0.048148
0 0.428646 0.070370 0.010417 0.048148
0 0.393490 0.214815 0.025521 0.166667
0 0.372917 0.174074 0.035417 0.098148
0 0.358854 0.190278 0.036458 0.102778
0 0.354948 0.216204 0.040104 0.100926
0 0.361979 0.287500 0.058333 0.137963
0 0.287240 0.459259 0.077604 0.240741
0 0.276562 0.552778 0.121875 0.309259
0 0.171354 0.845370 0.184375 0.307407
0 0.617188 0.788889 0.171875 0.390741
