0 0.460677 0.131944 0.007812 0.047222
0 0.494792 0.150463 0.008333 0.036111
0 0.489844 0.153704 0.006771 0.040741
0 0.477083 0.131481 0.010417 0.048148
0 0.472135 0.125926 0.008854 0.038889
0 0.483594 0.162500 0.009896 0.060185
0 0.475000 0.190741 0.014583 0.088889
0 0.505208 0.220370 0.021875 0.109259
0 0.479427 0.293056 0.038021 0.171296
0 0.462500 0.272685 0.026042 0.163889
0 0.437760 0.295370 0.032813 0.181481
0 0.518750 0.444907 0.048958 0.323148
0 0.462240 0.446296 0.064062 0.300000
0 0.374219 0.737963 0.080729 0.470370
0 0.488802 0.794444 0.120313 0.409259
