0 0.501042 0.781944 0.100000 0.425000
0 0.630469 0.698148 0.068229 0.357407
0 0.684635 0.717130 0.058854 0.358333
0 0.550521 0.691204 0.061458 0.367593
0 0.465625 0.692593 0.095833 0.366667
0 0.502344 0.481481 0.046354 0.268519
0 0.458854 0.479167 0.048958 0.276852
0 0.486979 0.381944 0.037500 0.189815
0 0.450000 0.347222 0.036458 0.194444
0 0.437240 0.325926 0.038021 0.190741
0 0.528906 0.354167 0.035937 0.186111
0 0.554948 0.375926 0.038021 0.196296
0 0.514583 0.237500 0.018750 0.102778
0 0.493490 0.231944 0.021354 0.121296
0 0.499479 0.194444 0.014583 0.081481
0 0.501563 0.163889 0.015625 0.070370
0 0.484375 0.166204 0.016667 0.075000
0 0.422917 0.206944 0.020833 0.110185
0 0.410417 0.192130 0.017708 0.099074
0 0.418750 0.155093 0.014583 0.073148
0 0.110417 0.165741 0.010417 0.096296
0 0.134375 0.174537 0.018750 0.102778
0 0.125521 0.168056 0.015625 0.104630
0 0.328125 0.817593 0.131250 0.357407
0 0.190365 0.562500 0.057813 0.293519
