0 0.433854 0.110185 0.022917 0.096296
0 0.369531 0.101389 0.017188 0.113889
0 0.405990 0.095833 0.023438 0.084259
0 0.454688 0.145370 0.029167 0.107407
0 0.473177 0.107870 0.028646 0.082407
0 0.390885 0.069907 0.023438 0.086111
0 0.366146 0.055093 0.016667 0.087963
0 0.443750 0.088426 0.025000 0.087963
0 0.527604 0.053241 0.016667 0.087963
0 0.545052 0.116667 0.022396 0.114815
0 0.523438 0.103241 0.021875 0.117593
0 0.510938 0.099537 0.019792 0.125000
0 0.507292 0.134722 0.015625 0.078704
0 0.498177 0.109259 0.021354 0.120370
0 0.530729 0.168056 0.039583 0.173148
0 0.435156 0.186574 0.030729 0.117593
0 0.362240 0.175000 0.029687 0.098148
0 0.327083 0.176389 0.031250 0.100926
0 0.282031 0.106481 0.022396 0.125926
0 0.277344 0.110648 0.026562 0.137963
0 0.261979 0.105556 0.023958 0.138889
0 0.463802 0.251389 0.034896 0.200926
0 0.399219 0.245833 0.033854 0.150926
0 0.344271 0.222222 0.028125 0.109259
0 0.306771 0.216204 0.036458 0.141667
0 0.259115 0.225463 0.040104 0.134259
0 0.221615 0.193056 0.021354 0.186111
0 0.203906 0.192593 0.039062 0.187037
0 0.603385 0.241667 0.039062 0.225926
0 0.596875 0.234722 0.032292 0.236111
0 0.544792 0.240278 0.054167 0.173148
0 0.515625 0.253241 0.021875 0.143519
0 0.598698 0.348611 0.040104 0.273148
0 0.609115 0.384259 0.064062 0.266667
0 0.570833 0.358333 0.044792 0.292593
0 0.475000 0.343519 0.052083 0.262963
0 0.438021 0.301852 0.044792 0.250000
0 0.387760 0.284722 0.036979 0.178704
0 0.329948 0.305093 0.040104 0.150926
0 0.320312 0.448148 0.055208 0.194444
0 0.213281 0.387963 0.039062 0.216667
0 0.114323 0.354167 0.031771 0.095370
0 0.097396 0.379167 0.045833 0.184259
0 0.084375 0.428704 0.088542 0.238889
0 0.280208 0.535648 0.057292 0.278704
0 0.259635 0.566667 0.079687 0.240741
0 0.145573 0.526389 0.073438 0.293519
0 0.073177 0.500000 0.068229 0.248148
0 0.126042 0.863426 0.094792 0.265741
0 0.845573 0.830093 0.106771 0.336111
0 0.683333 0.839815 0.088542 0.312963
0 0.040365 0.830556 0.079687 0.327778
0 0.033333 0.547222 0.066667 0.222222
