0 0.341146 0.158796 0.019792 0.086111
0 0.384635 0.118981 0.015104 0.060185
0 0.353906 0.184722 0.031771 0.141667
0 0.379948 0.206481 0.025521 0.151852
0 0.431771 0.274074 0.047917 0.237037
0 0.326823 0.480093 0.081771 0.280556
0 0.524740 0.455556 0.121354 0.231481
0 0.576302 0.603241 0.113021 0.287963
0 0.620573 0.811111 0.152604 0.316667
0 0.215365 0.747685 0.167187 0.421296
0 0.349219 0.272222 0.065104 0.157407
0 0.452083 0.111111 0.018750 0.087037
0 0.475781 0.203704 0.033854 0.172222
0 0.424479 0.118519 0.018750 0.105556
0 0.306771 0.322222 0.057292 0.231481
0 0.417708 0.060648 0.017708 0.062037
0 0.289583 0.501389 0.101042 0.263889
0 0.407292 0.070833 0.016667 0.062037
0 0.539583 0.568519 0.100000 0.250000
0 0.405990 0.188426 0.022396 0.137963
0 0.564844 0.719907 0.156771 0.350926
0 0.444271 0.080093 0.017708 0.062037
0 0.264583 0.706019 0.126042 0.360185
0 0.645573 0.843981 0.121354 0.310185
