0 0.486198 0.274074 0.046354 0.220370
0 0.470833 0.287037 0.057292 0.201852
0 0.485156 0.182407 0.033854 0.135185
0 0.463542 0.179630 0.030208 0.077778
0 0.460417 0.121759 0.011458 0.045370
0 0.454167 0.158333 0.020833 0.124074
0 0.447656 0.123611 0.011979 0.084259
0 0.436458 0.130093 0.013542 0.063889
0 0.448958 0.075000 0.010417 0.051852
0 0.439063 0.089352 0.013542 0.069444
0 0.433073 0.092593 0.014063 0.072222
0 0.426042 0.108333 0.008333 0.062963
0 0.425781 0.080556 0.009896 0.055556
0 0.416406 0.068981 0.006771 0.043519
0 0.406510 0.090741 0.007812 0.051852
0 0.413542 0.089352 0.008333 0.060185
0 0.399219 0.087037 0.010937 0.068519
0 0.421354 0.268981 0.030208 0.202778
0 0.403125 0.266204 0.035417 0.189815
0 0.429167 0.188426 0.014583 0.100926
0 0.416927 0.161111 0.026562 0.133333
0 0.396094 0.155556 0.026562 0.120370
0 0.384375 0.143519 0.012500 0.074074
0 0.375781 0.188426 0.021354 0.134259
0 0.366146 0.200926 0.030208 0.155556
0 0.348438 0.193519 0.021875 0.144444
0 0.341927 0.236111 0.020313 0.105556
0 0.905469 0.683333 0.080729 0.387037
0 0.950000 0.662500 0.078125 0.365741
0 0.847656 0.523148 0.056771 0.222222
0 0.791927 0.504167 0.044271 0.228704
0 0.577083 0.662037 0.150000 0.305556
0 0.576042 0.598611 0.092708 0.262037
0 0.487500 0.562963 0.068750 0.309259
0 0.375000 0.771296 0.064583 0.418519
0 0.320052 0.659259 0.097396 0.490741
0 0.228646 0.695370 0.135417 0.366667
0 0.417187 0.781481 0.171875 0.435185
0 0.176042 0.828704 0.092708 0.340741
