0 0.514583 0.096296 0.019792 0.118519
0 0.061458 0.744444 0.051042 0.244444
0 0.516146 0.215278 0.023958 0.176852
0 0.494010 0.197685 0.022396 0.182407
0 0.479167 0.169907 0.026042 0.154630
0 0.534375 0.227315 0.035417 0.210185
0 0.437240 0.202315 0.025521 0.106481
0 0.419531 0.234722 0.038021 0.134259
0 0.305469 0.259259 0.044271 0.170370
0 0.128646 0.268056 0.023958 0.213889
0 0.598958 0.250926 0.028125 0.188889
0 0.356250 0.356019 0.050000 0.276852
0 0.143750 0.442130 0.056250 0.215741
0 0.219531 0.524537 0.069271 0.267593
0 0.090365 0.559259 0.065104 0.238889
0 0.515365 0.517593 0.068229 0.383333
0 0.318229 0.544907 0.052083 0.354630
0 0.121354 0.757407 0.088542 0.325926
0 0.445312 0.174537 0.029167 0.121296
0 0.594010 0.227315 0.034896 0.191667
0 0.251042 0.295833 0.048958 0.167593
0 0.066406 0.268519 0.031771 0.092593
0 0.391667 0.204167 0.027083 0.126852
0 0.113021 0.381944 0.045833 0.213889
0 0.398177 0.287037 0.048438 0.166667
0 0.083854 0.494907 0.058333 0.291667
0 0.175260 0.571296 0.076563 0.253704
0 0.275260 0.179167 0.038021 0.143519
0 0.028646 0.502778 0.052083 0.250000
0 0.261458 0.260185 0.034375 0.148148
0 0.539062 0.391204 0.050000 0.282407
0 0.447135 0.495370 0.067187 0.390741
0 0.196094 0.277315 0.042188 0.141667
0 0.522917 0.027778 0.015625 0.053704
0 0.380990 0.484722 0.069271 0.343519
0 0.565365 0.075926 0.014063 0.109259
0 0.442188 0.095833 0.022917 0.078704
0 0.487240 0.041667 0.019271 0.077778
0 0.526823 0.077778 0.013021 0.100000
0 0.539323 0.073148 0.013021 0.083333
0 0.556510 0.082407 0.011979 0.112963
0 0.672396 0.854167 0.209375 0.287963
0 0.598177 0.768056 0.121354 0.462037
0 0.849219 0.805556 0.080729 0.374074
0 0.270052 0.787500 0.105729 0.421296
