0 0.258073 0.279167 0.011979 0.076852
0 0.245833 0.241204 0.021875 0.139815
0 0.393750 0.197685 0.020833 0.108333
0 0.482292 0.246296 0.019792 0.116667
0 0.517708 0.243056 0.021875 0.113889
0 0.541667 0.255556 0.010417 0.040741
0 0.544792 0.301389 0.029167 0.121296
0 0.513802 0.298148 0.025521 0.129630
0 0.494271 0.292593 0.030208 0.164815
0 0.541927 0.398611 0.033854 0.163889
0 0.511979 0.395833 0.048958 0.202778
0 0.474219 0.403241 0.046354 0.213889
0 0.440365 0.400000 0.043229 0.201852
0 0.446615 0.508796 0.045312 0.280556
0 0.539844 0.617130 0.058854 0.345370
0 0.487760 0.605093 0.059896 0.321296
0 0.414844 0.575463 0.088021 0.313889
0 0.540625 0.711111 0.096875 0.400000
0 0.678385 0.743981 0.073438 0.428704
0 0.660677 0.855093 0.079687 0.286111
