0 0.126823 0.581944 0.058854 0.339815
0 0.141406 0.702778 0.070312 0.438889
0 0.096615 0.737963 0.081771 0.448148
0 0.149479 0.159722 0.016667 0.087963
0 0.114062 0.231019 0.023958 0.145370
0 0.138281 0.238889 0.016146 0.118519
0 0.165104 0.225000 0.023958 0.118519
0 0.237760 0.139815 0.011979 0.061111
0 0.210156 0.218981 0.021354 0.119444
0 0.256510 0.225000 0.020313 0.124074
0 0.408854 0.153704 0.012500 0.068519
0 0.401562 0.161574 0.011458 0.073148
0 0.424219 0.181944 0.011979 0.076852
0 0.396875 0.201389 0.018750 0.104630
0 0.404687 0.232870 0.015625 0.128704
0 0.410156 0.250463 0.025521 0.156481
0 0.500000 0.157407 0.013542 0.059259
0 0.488542 0.166667 0.012500 0.062963
0 0.505990 0.119907 0.006771 0.032407
0 0.492448 0.127315 0.008854 0.039815
0 0.483594 0.126389 0.009896 0.043519
0 0.482031 0.144907 0.011979 0.050926
0 0.522656 0.180093 0.014063 0.062037
0 0.545312 0.206944 0.013542 0.089815
0 0.482031 0.215278 0.016146 0.086111
0 0.500781 0.242130 0.022396 0.091667
0 0.527604 0.255093 0.019792 0.091667
0 0.520833 0.292593 0.026042 0.133333
0 0.543750 0.320833 0.028125 0.152778
0 0.500260 0.268519 0.020313 0.098148
0 0.462240 0.313889 0.016146 0.105556
0 0.484896 0.336111 0.035417 0.159259
0 0.530729 0.381481 0.044792 0.211111
0 0.442188 0.381944 0.053125 0.226852
0 0.447135 0.442130 0.049479 0.237963
0 0.484635 0.411574 0.032813 0.160185
0 0.504167 0.447685 0.042708 0.219444
0 0.400260 0.460185 0.051562 0.266667
0 0.428906 0.540741 0.061979 0.294444
0 0.492708 0.518056 0.051042 0.284259
0 0.549479 0.538426 0.048958 0.286111
0 0.476823 0.641667 0.066146 0.364815
0 0.433854 0.677315 0.082292 0.426852
0 0.572917 0.773611 0.083333 0.400926
0 0.606771 0.792593 0.100000 0.412963
0 0.366927 0.821296 0.111979 0.355556
0 0.604688 0.819907 0.100000 0.356481
