0 0.363802 0.257407 0.065104 0.150000
0 0.356510 0.149537 0.015104 0.097222
0 0.368490 0.186574 0.018229 0.145370
0 0.384896 0.186574 0.022917 0.149074
0 0.403646 0.130093 0.014583 0.060185
0 0.438802 0.117593 0.019271 0.094444
0 0.451823 0.135648 0.015104 0.062037
0 0.458073 0.127778 0.016146 0.087037
0 0.444531 0.196759 0.024479 0.150926
0 0.467448 0.206019 0.028646 0.147222
0 0.486198 0.210648 0.019271 0.139815
0 0.495833 0.224074 0.034375 0.161111
0 0.421615 0.097222 0.013021 0.072222
0 0.416927 0.062963 0.010937 0.042593
0 0.544271 0.548148 0.042708 0.177778
0 0.528646 0.475463 0.052083 0.363889
0 0.563021 0.635648 0.182292 0.284259
0 0.578906 0.710648 0.199479 0.347222
0 0.616927 0.795370 0.157812 0.383333
0 0.284115 0.589815 0.124479 0.318519
0 0.226042 0.743519 0.175000 0.409259
0 0.436458 0.076389 0.009375 0.054630
0 0.427865 0.768981 0.152604 0.460185
