0 0.472917 0.102315 0.008333 0.060185
0 0.437240 0.272222 0.040104 0.209259
0 0.454688 0.208333 0.027083 0.162963
0 0.410677 0.111111 0.016146 0.075926
0 0.423177 0.084722 0.011979 0.065741
0 0.426823 0.125463 0.015104 0.089815
0 0.356510 0.218981 0.044271 0.108333
0 0.380469 0.157407 0.022396 0.081481
0 0.361458 0.189815 0.020833 0.144444
0 0.360938 0.268519 0.068750 0.151852
0 0.530990 0.348148 0.045312 0.196296
0 0.407031 0.568519 0.065104 0.325926
0 0.536198 0.644444 0.160938 0.483333
0 0.291146 0.454167 0.080208 0.278704
0 0.243229 0.621296 0.129167 0.324074
0 0.445052 0.072222 0.008854 0.042593
0 0.362760 0.183333 0.038021 0.094444
0 0.461458 0.118056 0.014583 0.080556
0 0.387760 0.237500 0.028646 0.171296
0 0.354687 0.281481 0.070833 0.148148
0 0.448437 0.118981 0.012500 0.086111
0 0.408073 0.079630 0.010937 0.055556
0 0.442969 0.108796 0.006771 0.056481
0 0.437240 0.099537 0.009896 0.071296
0 0.474740 0.556481 0.076563 0.518519
0 0.474740 0.199074 0.025521 0.144444
0 0.602083 0.774537 0.171875 0.349074
0 0.386198 0.108796 0.011979 0.075000
0 0.263021 0.491667 0.088542 0.331481
0 0.234896 0.752778 0.178125 0.401852
0 0.413542 0.161111 0.028125 0.114815
