0 0.501823 0.119907 0.008854 0.045370
0 0.482031 0.143056 0.010937 0.067593
0 0.493229 0.147685 0.010417 0.062037
0 0.236719 0.230093 0.033854 0.125000
0 0.504427 0.368981 0.031771 0.204630
0 0.432812 0.380556 0.029167 0.224074
0 0.605990 0.711574 0.056771 0.349074
0 0.475000 0.142593 0.008333 0.064815
0 0.399740 0.172685 0.016146 0.076852
0 0.467448 0.381019 0.038021 0.219444
0 0.420833 0.224537 0.021875 0.110185
0 0.675260 0.714815 0.061979 0.353704
0 0.396354 0.218056 0.020833 0.106481
0 0.421094 0.167593 0.014063 0.075926
0 0.119010 0.162037 0.018229 0.101852
0 0.541667 0.376852 0.037500 0.183333
0 0.444792 0.861111 0.134375 0.275926
0 0.525000 0.878704 0.098958 0.240741
