0 0.485417 0.117130 0.010417 0.045370
0 0.504948 0.124537 0.009896 0.047222
0 0.497656 0.124074 0.007812 0.044444
0 0.480729 0.167593 0.015625 0.075926
0 0.489063 0.172685 0.012500 0.073148
0 0.476562 0.200463 0.018750 0.099074
0 0.500781 0.187500 0.013021 0.084259
0 0.516927 0.184722 0.017188 0.093519
0 0.545052 0.250000 0.025521 0.150000
0 0.527865 0.285185 0.027604 0.144444
0 0.505208 0.280556 0.032292 0.148148
0 0.486719 0.335648 0.043229 0.182407
0 0.434375 0.380556 0.044792 0.207407
0 0.480208 0.393981 0.039583 0.173148
0 0.428906 0.476389 0.055729 0.286111
0 0.477344 0.524074 0.045312 0.268519
0 0.510938 0.505556 0.038542 0.251852
0 0.548438 0.499537 0.062500 0.267593
0 0.397656 0.148611 0.010937 0.082407
0 0.396875 0.162500 0.011458 0.069444
0 0.429167 0.104167 0.008333 0.043519
0 0.614583 0.692593 0.070833 0.344444
0 0.690885 0.720833 0.068229 0.365741
0 0.229167 0.138426 0.014583 0.060185
0 0.148177 0.156019 0.020313 0.102778
0 0.163802 0.213426 0.027604 0.154630
0 0.111979 0.644907 0.026042 0.104630
0 0.127344 0.616667 0.025521 0.105556
0 0.273958 0.553704 0.015625 0.092593
0 0.623698 0.856481 0.076563 0.285185
