0 0.397135 0.133333 0.021354 0.100000
0 0.490625 0.056019 0.016667 0.086111
0 0.552604 0.072222 0.015625 0.107407
0 0.342187 0.076852 0.015625 0.103704
0 0.539323 0.288889 0.041146 0.227778
0 0.581510 0.271296 0.026562 0.231481
0 0.607812 0.715741 0.094792 0.461111
0 0.503646 0.271296 0.037500 0.216667
0 0.439583 0.235648 0.030208 0.230556
0 0.338281 0.225000 0.041146 0.155556
0 0.381250 0.301852 0.048958 0.179630
0 0.344271 0.270370 0.028125 0.151852
0 0.292187 0.210185 0.040625 0.138889
0 0.264583 0.256944 0.032292 0.126852
0 0.215625 0.266204 0.035417 0.152778
0 0.321615 0.445370 0.051562 0.207407
0 0.209635 0.400463 0.049479 0.200926
0 0.105729 0.367593 0.052083 0.188889
0 0.126562 0.253704 0.046875 0.246296
0 0.100000 0.565278 0.090625 0.228704
0 0.398958 0.283333 0.047917 0.164815
0 0.550000 0.167593 0.027083 0.148148
0 0.329948 0.289815 0.047396 0.153704
0 0.538021 0.316204 0.040625 0.221296
0 0.586458 0.160648 0.021875 0.134259
0 0.301042 0.273611 0.037500 0.139815
0 0.246875 0.226389 0.034375 0.121296
0 0.250521 0.293981 0.052083 0.167593
0 0.520833 0.711111 0.101042 0.477778
0 0.252083 0.439815 0.060417 0.237037
0 0.515885 0.070370 0.017188 0.094444
0 0.145833 0.430556 0.059375 0.183333
0 0.482292 0.299074 0.032292 0.237037
0 0.067448 0.332407 0.064062 0.137037
0 0.086979 0.503704 0.045833 0.270370
0 0.442448 0.280093 0.051562 0.219444
0 0.036198 0.475926 0.072396 0.242593
0 0.078125 0.394907 0.061458 0.147222
0 0.679948 0.826389 0.122396 0.336111
0 0.633073 0.801389 0.071354 0.395370
0 0.486719 0.819444 0.120313 0.359259
0 0.109115 0.834259 0.155729 0.325926
0 0.033854 0.827315 0.060417 0.258333
0 0.075521 0.712500 0.047917 0.213889
0 0.594531 0.190278 0.028646 0.123148
0 0.503906 0.180556 0.026562 0.129630
0 0.519531 0.147685 0.024479 0.100926
0 0.487500 0.127778 0.030208 0.135185
0 0.548698 0.036111 0.014063 0.068519
0 0.538542 0.047222 0.016667 0.079630
0 0.477604 0.038426 0.013542 0.047222
0 0.460938 0.033796 0.014583 0.045370
0 0.440365 0.087963 0.021354 0.059259
0 0.447396 0.097685 0.018750 0.058333
0 0.470573 0.099074 0.019271 0.051852
0 0.470833 0.095833 0.016667 0.089815
0 0.480208 0.074537 0.014583 0.060185
0 0.435156 0.077315 0.019271 0.063889
0 0.421354 0.066667 0.010417 0.057407
0 0.386198 0.100926 0.021354 0.083333
0 0.390625 0.147685 0.031250 0.075000
0 0.370052 0.192593 0.039062 0.088889
0 0.337760 0.154167 0.036979 0.067593
0 0.358333 0.127315 0.025000 0.063889
0 0.359635 0.119444 0.033854 0.088889
0 0.333333 0.109722 0.018750 0.071296
0 0.314583 0.121759 0.010417 0.065741
0 0.305208 0.098611 0.020833 0.099074
