0 0.177344 0.787037 0.116146 0.237037
0 0.540625 0.528241 0.090625 0.265741
0 0.511979 0.827778 0.104167 0.333333
0 0.481510 0.631944 0.070312 0.336111
0 0.723437 0.452778 0.055208 0.251852
0 0.784635 0.543056 0.076563 0.273148
0 0.603125 0.413426 0.042708 0.221296
0 0.299479 0.484722 0.088542 0.293519
0 0.304688 0.321759 0.039583 0.187963
0 0.482812 0.208333 0.031250 0.096296
0 0.460677 0.187500 0.026562 0.089815
0 0.417969 0.191667 0.022396 0.107407
0 0.361458 0.249074 0.043750 0.175926
0 0.385417 0.126389 0.030208 0.047222
0 0.381250 0.137037 0.019792 0.100000
0 0.432031 0.119444 0.014063 0.088889
0 0.435417 0.069444 0.010417 0.046296
0 0.423438 0.067593 0.006250 0.046296
0 0.421094 0.061574 0.006771 0.049074
0 0.413802 0.061574 0.008854 0.047222
0 0.540625 0.376389 0.063542 0.289815
0 0.520312 0.472685 0.043750 0.143519
0 0.319010 0.430556 0.052604 0.261111
0 0.551042 0.781019 0.101042 0.413889
0 0.411719 0.725926 0.082812 0.472222
0 0.481510 0.198148 0.036979 0.103704
0 0.598958 0.626852 0.051042 0.181481
0 0.415885 0.249074 0.043229 0.205556
0 0.476562 0.456019 0.045833 0.208333
0 0.360938 0.258333 0.038542 0.175926
0 0.265885 0.720833 0.111979 0.282407
0 0.361458 0.161111 0.031250 0.105556
0 0.766146 0.444907 0.055208 0.265741
0 0.222917 0.575926 0.058333 0.159259
0 0.451302 0.121296 0.017188 0.087037
0 0.783594 0.590741 0.070312 0.253704
0 0.442448 0.064815 0.010937 0.046296
0 0.562500 0.559722 0.059375 0.215741
0 0.429948 0.057407 0.005729 0.033333
0 0.884635 0.563426 0.071354 0.271296
0 0.620573 0.659259 0.105729 0.253704
0 0.148177 0.897222 0.107813 0.203704
0 0.209896 0.900000 0.168750 0.198148
0 0.706771 0.884722 0.137500 0.228704
