0 0.433073 0.343519 0.039062 0.190741
0 0.471615 0.371296 0.033854 0.205556
0 0.536458 0.353241 0.023958 0.160185
0 0.557031 0.358333 0.033854 0.170370
0 0.530208 0.456481 0.042708 0.253704
0 0.675781 0.709722 0.073438 0.337963
0 0.503385 0.377315 0.035937 0.212037
0 0.616406 0.702778 0.070312 0.374074
0 0.521354 0.163426 0.013542 0.054630
0 0.491927 0.160185 0.016146 0.066667
0 0.493229 0.213889 0.023958 0.085185
0 0.550521 0.286574 0.021875 0.093519
0 0.534375 0.278704 0.018750 0.085185
0 0.513802 0.262963 0.025521 0.118519
0 0.475781 0.281481 0.025521 0.124074
0 0.675781 0.862963 0.079687 0.272222
0 0.242448 0.253241 0.021354 0.062037
0 0.228906 0.231481 0.032813 0.101852
0 0.212760 0.228704 0.025521 0.129630
0 0.203125 0.221759 0.034375 0.137963
0 0.140625 0.163426 0.014583 0.086111
0 0.128125 0.188426 0.022917 0.078704
0 0.127344 0.145833 0.015104 0.054630
0 0.127604 0.564815 0.017708 0.105556
0 0.109375 0.558796 0.017708 0.112037
