0 0.432292 0.103704 0.023958 0.066667
0 0.540885 0.039815 0.019271 0.079630
0 0.582552 0.150463 0.026562 0.156481
0 0.365625 0.218519 0.038542 0.096296
0 0.595833 0.313426 0.028125 0.167593
0 0.544010 0.275926 0.035937 0.216667
0 0.528906 0.143056 0.031771 0.160185
0 0.617708 0.394907 0.036458 0.289815
0 0.593229 0.365741 0.050000 0.305556
0 0.492708 0.153241 0.031250 0.141667
0 0.161719 0.799537 0.100521 0.332407
0 0.300521 0.199074 0.028125 0.087037
0 0.452865 0.145370 0.026562 0.101852
0 0.212760 0.174074 0.045312 0.170370
0 0.429688 0.206481 0.030208 0.135185
0 0.187760 0.261111 0.049479 0.233333
0 0.220573 0.365741 0.043229 0.109259
0 0.139063 0.479167 0.056250 0.186111
0 0.353385 0.132870 0.028646 0.052778
0 0.226562 0.586111 0.088542 0.279630
0 0.101823 0.348148 0.047396 0.157407
0 0.330469 0.205093 0.027604 0.099074
0 0.327083 0.075000 0.020833 0.088889
0 0.289844 0.216667 0.036979 0.103704
0 0.076823 0.390278 0.056771 0.162037
0 0.219792 0.242130 0.028125 0.082407
0 0.397396 0.149074 0.029167 0.085185
0 0.391927 0.280556 0.050521 0.162963
0 0.196354 0.501852 0.048958 0.225926
0 0.303125 0.293519 0.038542 0.155556
0 0.454167 0.234259 0.032292 0.148148
0 0.058594 0.289815 0.033854 0.212963
0 0.257812 0.196759 0.022917 0.089815
0 0.329427 0.422222 0.073438 0.222222
0 0.414844 0.238426 0.034896 0.137963
0 0.204427 0.400463 0.066146 0.132407
0 0.352083 0.291667 0.050000 0.151852
0 0.103385 0.553704 0.063021 0.200000
0 0.275000 0.123611 0.032292 0.099074
0 0.274219 0.541667 0.050521 0.268519
0 0.131510 0.862500 0.096354 0.250926
0 0.403385 0.099074 0.035937 0.094444
0 0.027865 0.482407 0.055729 0.196296
0 0.048438 0.555093 0.062500 0.202778
0 0.696354 0.871296 0.112500 0.253704
