0 0.359115 0.202778 0.025521 0.161111
0 0.348438 0.186574 0.018750 0.152778
0 0.447917 0.333333 0.060417 0.262963
0 0.339583 0.434722 0.086458 0.354630
0 0.531771 0.385185 0.051042 0.257407
0 0.560677 0.604167 0.152604 0.271296
0 0.448437 0.158333 0.020833 0.124074
0 0.397396 0.084722 0.011458 0.032407
0 0.384115 0.130093 0.015104 0.102778
0 0.395313 0.141667 0.014583 0.101852
0 0.422135 0.090278 0.007812 0.045370
0 0.424740 0.198611 0.017188 0.095370
0 0.422135 0.063889 0.008854 0.044444
0 0.374740 0.196759 0.019271 0.158333
0 0.439063 0.091667 0.014583 0.066667
0 0.353906 0.175926 0.017188 0.087037
0 0.404948 0.173148 0.025521 0.153704
0 0.485938 0.191667 0.015625 0.096296
0 0.487760 0.245833 0.042188 0.125000
0 0.349219 0.319444 0.043229 0.233333
0 0.443490 0.198611 0.029687 0.137963
0 0.408073 0.313426 0.045312 0.262037
0 0.400260 0.383796 0.053646 0.278704
0 0.387240 0.392593 0.064062 0.344444
0 0.288802 0.529167 0.124479 0.271296
0 0.240885 0.637963 0.128646 0.329630
0 0.232292 0.752315 0.178125 0.415741
0 0.460677 0.163426 0.023438 0.108333
0 0.498698 0.472685 0.060937 0.136111
0 0.555208 0.466667 0.071875 0.337037
0 0.552344 0.564352 0.110937 0.267593
0 0.570573 0.708796 0.192188 0.339815
0 0.615365 0.798611 0.155729 0.352778
0 0.593750 0.779630 0.089583 0.438889
0 0.143750 0.788889 0.111458 0.420370
