0 0.469531 0.194444 0.023438 0.133333
0 0.446875 0.189352 0.029167 0.136111
0 0.458854 0.117130 0.014583 0.082407
0 0.438802 0.076852 0.009896 0.038889
0 0.441406 0.106481 0.015104 0.070370
0 0.427604 0.139815 0.011458 0.062963
0 0.419531 0.095370 0.014063 0.070370
0 0.407031 0.124074 0.018229 0.083333
0 0.373177 0.194444 0.025521 0.125926
0 0.394271 0.176852 0.026042 0.127778
0 0.400260 0.255093 0.044271 0.199074
0 0.372396 0.256481 0.032292 0.209259
0 0.458333 0.262500 0.039583 0.202778
0 0.305469 0.409259 0.067187 0.122222
0 0.350781 0.522222 0.110937 0.479630
