0 0.528385 0.332407 0.036979 0.175926
0 0.380208 0.626852 0.040625 0.364815
0 0.477604 0.755093 0.131250 0.428704
0 0.533854 0.193519 0.017708 0.079630
0 0.486719 0.223611 0.021354 0.108333
0 0.418750 0.190741 0.017708 0.088889
0 0.115365 0.640278 0.022396 0.093519
0 0.146615 0.144444 0.017188 0.085185
0 0.476823 0.525000 0.058854 0.333333
0 0.427865 0.504630 0.050521 0.301852
0 0.518750 0.192593 0.014583 0.077778
0 0.441927 0.308333 0.031771 0.179630
0 0.467187 0.312963 0.030208 0.177778
0 0.403646 0.199074 0.013542 0.072222
0 0.556771 0.549537 0.059375 0.313889
0 0.532813 0.257870 0.026042 0.115741
0 0.536719 0.817130 0.072396 0.362037
0 0.681510 0.856944 0.071354 0.282407
0 0.607552 0.834259 0.071354 0.327778
