0 0.513802 0.447685 0.127604 0.232407
0 0.513542 0.616204 0.071875 0.500926
0 0.560156 0.597685 0.057813 0.421296
0 0.620313 0.788426 0.098958 0.362037
0 0.427865 0.091204 0.008854 0.049074
0 0.445833 0.074537 0.007292 0.050926
0 0.460156 0.079630 0.008854 0.046296
0 0.451302 0.142593 0.017188 0.100000
0 0.472917 0.125926 0.013542 0.072222
0 0.465885 0.160648 0.026562 0.075000
0 0.473438 0.272222 0.040625 0.209259
0 0.482292 0.433796 0.055208 0.332407
0 0.392448 0.131019 0.014063 0.052778
0 0.424740 0.084722 0.006771 0.037963
0 0.424479 0.143519 0.025000 0.101852
0 0.403125 0.146759 0.016667 0.117593
0 0.384115 0.123611 0.009896 0.078704
0 0.378385 0.140741 0.015104 0.101852
0 0.358854 0.190741 0.036458 0.107407
0 0.403646 0.487500 0.076042 0.393519
0 0.300260 0.474074 0.117188 0.255556
0 0.240104 0.652778 0.122917 0.329630
0 0.204427 0.738426 0.111979 0.521296
