0 0.460156 0.119444 0.014063 0.083333
0 0.451042 0.114815 0.011458 0.081481
0 0.446615 0.087500 0.013021 0.058333
0 0.441667 0.071296 0.012500 0.057407
0 0.430469 0.062963 0.008854 0.044444
0 0.418490 0.068056 0.010937 0.050926
0 0.413542 0.066204 0.007292 0.047222
0 0.406250 0.070833 0.007292 0.039815
0 0.426563 0.096296 0.013542 0.068519
0 0.462760 0.220370 0.019271 0.087037
0 0.463542 0.154630 0.016667 0.103704
0 0.445833 0.140741 0.017708 0.096296
0 0.436719 0.171296 0.015104 0.070370
0 0.404167 0.088426 0.012500 0.060185
0 0.473958 0.202778 0.023958 0.162963
0 0.413542 0.148148 0.013542 0.072222
0 0.420312 0.143056 0.016667 0.091667
0 0.389323 0.130556 0.022396 0.103704
0 0.397656 0.154630 0.013021 0.068519
0 0.380208 0.162963 0.022917 0.081481
0 0.373437 0.184722 0.034375 0.097222
0 0.353385 0.163889 0.026562 0.150000
0 0.356771 0.216667 0.046875 0.124074
0 0.348177 0.238426 0.049479 0.130556
0 0.519792 0.473611 0.088542 0.200926
0 0.594792 0.604630 0.079167 0.246296
0 0.552344 0.618981 0.076563 0.308333
0 0.589844 0.733333 0.066146 0.309259
0 0.527083 0.705093 0.077083 0.382407
0 0.588802 0.775926 0.194271 0.379630
0 0.316146 0.417593 0.087500 0.222222
0 0.226823 0.704630 0.123438 0.390741
0 0.411719 0.638426 0.072396 0.304630
0 0.974219 0.788426 0.050521 0.350926
0 0.178646 0.836111 0.140625 0.325926
