0 0.397135 0.288889 0.030729 0.166667
0 0.338021 0.255093 0.038542 0.158333
0 0.327604 0.289815 0.035417 0.144444
0 0.172917 0.568519 0.059375 0.229630
0 0.033073 0.541667 0.064062 0.222222
0 0.241927 0.270833 0.046354 0.136111
0 0.270313 0.208333 0.051042 0.111111
0 0.177344 0.243981 0.039062 0.197222
0 0.226042 0.165278 0.034375 0.137963
0 0.613281 0.393981 0.045312 0.297222
0 0.216927 0.250926 0.041146 0.137037
0 0.522656 0.375926 0.066146 0.303704
0 0.377083 0.206481 0.027083 0.116667
0 0.377865 0.134259 0.020313 0.131481
0 0.435417 0.184259 0.021875 0.109259
0 0.311719 0.152315 0.020313 0.084259
0 0.478385 0.600463 0.076563 0.408333
0 0.061458 0.728241 0.058333 0.200926
0 0.249740 0.449537 0.065104 0.280556
0 0.120833 0.746296 0.089583 0.300000
0 0.344010 0.111574 0.019271 0.069444
0 0.412500 0.150000 0.025000 0.083333
0 0.337760 0.168519 0.027604 0.094444
0 0.465365 0.250926 0.043229 0.220370
0 0.339844 0.204167 0.040104 0.082407
0 0.290625 0.512500 0.055208 0.265741
0 0.404427 0.246759 0.039062 0.145370
0 0.262760 0.583333 0.070312 0.255556
0 0.212500 0.517593 0.061458 0.257407
0 0.423438 0.212037 0.037500 0.148148
0 0.573958 0.394907 0.048958 0.289815
0 0.297396 0.167593 0.033333 0.092593
0 0.111979 0.371759 0.061458 0.208333
0 0.070573 0.411111 0.064062 0.225926
0 0.311719 0.087963 0.020313 0.103704
0 0.099740 0.554630 0.075521 0.225926
0 0.521354 0.042130 0.018750 0.080556
0 0.384115 0.301389 0.047396 0.156481
0 0.486458 0.111111 0.027083 0.118519
0 0.501042 0.113426 0.017708 0.104630
0 0.553385 0.221296 0.032813 0.175926
0 0.554427 0.086574 0.013021 0.086111
0 0.578125 0.212037 0.027083 0.175926
0 0.514844 0.068981 0.018229 0.093519
0 0.497396 0.195370 0.032292 0.168519
0 0.596615 0.237500 0.033854 0.180556
0 0.530729 0.154630 0.031250 0.133333
0 0.542188 0.108333 0.016667 0.092593
0 0.573177 0.291667 0.032813 0.179630
0 0.477604 0.175000 0.027083 0.155556
0 0.524479 0.258333 0.033333 0.214815
0 0.704427 0.795370 0.120313 0.398148
0 0.591667 0.835648 0.090625 0.326852
0 0.359115 0.747222 0.115104 0.503704
