0 0.633073 0.781019 0.123438 0.336111
0 0.578385 0.705556 0.174479 0.314815
0 0.263281 0.634722 0.159896 0.363889
0 0.278385 0.396296 0.041146 0.338889
0 0.489063 0.241204 0.038542 0.117593
0 0.367188 0.267593 0.064583 0.129630
0 0.465625 0.191667 0.023958 0.081481
0 0.415625 0.180093 0.018750 0.110185
0 0.391406 0.176852 0.020313 0.142593
0 0.414844 0.069444 0.007812 0.046296
0 0.429427 0.075000 0.008854 0.051852
0 0.601823 0.589352 0.078646 0.460185
0 0.440365 0.069907 0.006771 0.032407
0 0.526302 0.571759 0.073438 0.495370
0 0.354427 0.284722 0.065104 0.150926
0 0.234635 0.748148 0.186979 0.429630
0 0.367969 0.243056 0.045312 0.117593
0 0.355729 0.191667 0.038542 0.155556
0 0.276823 0.513889 0.116146 0.288889
0 0.440885 0.157407 0.021354 0.098148
0 0.557813 0.430556 0.071875 0.307407
0 0.409375 0.167593 0.022917 0.124074
0 0.307292 0.381019 0.053125 0.286111
0 0.383073 0.174537 0.019271 0.130556
0 0.398438 0.087963 0.011458 0.062963
0 0.473698 0.327315 0.056771 0.269444
0 0.417969 0.078704 0.011979 0.053704
0 0.438802 0.260185 0.035937 0.203704
0 0.555990 0.782407 0.123438 0.433333
0 0.646354 0.844444 0.131250 0.300000
