0 0.442969 0.123611 0.010937 0.084259
0 0.458073 0.128241 0.010937 0.082407
0 0.453385 0.135185 0.019271 0.114815
0 0.436198 0.133796 0.022396 0.119444
0 0.402865 0.072685 0.007812 0.043519
0 0.387240 0.134722 0.019271 0.071296
0 0.383333 0.137963 0.029167 0.066667
0 0.380990 0.144907 0.028646 0.071296
0 0.408854 0.150000 0.016667 0.083333
0 0.365104 0.193056 0.047917 0.110185
0 0.352083 0.214352 0.040625 0.115741
0 0.306510 0.439352 0.082812 0.237963
0 0.295833 0.476852 0.094792 0.296296
0 0.272135 0.531944 0.116146 0.295370
0 0.602083 0.769907 0.190625 0.362037
0 0.350000 0.717593 0.120833 0.561111
