0 0.143229 0.245370 0.022917 0.125926
0 0.179688 0.243519 0.020833 0.122222
0 0.189062 0.207407 0.016667 0.120370
0 0.473958 0.270833 0.016667 0.112037
0 0.512500 0.256944 0.020833 0.126852
0 0.461979 0.324537 0.032292 0.171296
0 0.493490 0.295833 0.029687 0.182407
0 0.503125 0.277778 0.022917 0.125926
0 0.515885 0.288889 0.025521 0.138889
0 0.529948 0.322685 0.030729 0.160185
0 0.455469 0.350463 0.039062 0.195370
0 0.530208 0.369444 0.039583 0.196296
0 0.484375 0.474537 0.043750 0.239815
0 0.517969 0.458796 0.036979 0.193519
0 0.546354 0.479167 0.034375 0.162037
0 0.395833 0.459722 0.042708 0.230556
0 0.417448 0.486111 0.044271 0.231481
0 0.435677 0.599537 0.054688 0.339815
0 0.411198 0.710185 0.065104 0.392593
0 0.579167 0.741667 0.085417 0.379630
0 0.678385 0.721296 0.063021 0.375926
0 0.479948 0.819444 0.367188 0.359259
0 0.425000 0.879167 0.055208 0.239815
0 0.492969 0.841204 0.118229 0.315741
