0 0.618750 0.062500 0.017708 0.115741
0 0.769792 0.095833 0.036458 0.189815
0 0.741667 0.108333 0.027083 0.161111
0 0.696354 0.085648 0.033333 0.152778
0 0.925781 0.489352 0.063021 0.386111
0 0.784635 0.221296 0.053646 0.244444
0 0.788542 0.326389 0.077083 0.304630
0 0.786458 0.428241 0.068750 0.375000
0 0.683594 0.245833 0.045312 0.265741
0 0.705208 0.389352 0.046875 0.321296
0 0.715104 0.477315 0.081250 0.375000
0 0.676823 0.523611 0.042188 0.250926
0 0.652344 0.392130 0.076563 0.341667
0 0.509375 0.641667 0.102083 0.500000
0 0.322917 0.650000 0.094792 0.487037
0 0.375781 0.382407 0.021354 0.112963
0 0.359115 0.411574 0.020313 0.099074
0 0.408594 0.068056 0.027604 0.136111
0 0.371094 0.050926 0.010937 0.083333
0 0.047396 0.527778 0.043750 0.192593
0 0.020313 0.529630 0.032292 0.181481
0 0.026562 0.168981 0.027083 0.158333
0 0.480990 0.069907 0.032813 0.128704
