0 0.555729 0.194444 0.022917 0.192593
0 0.594271 0.250463 0.031250 0.193519
0 0.569271 0.230093 0.027083 0.225000
0 0.604167 0.314815 0.055208 0.229630
0 0.614062 0.353241 0.046875 0.258333
0 0.516667 0.259722 0.029167 0.193519
0 0.530208 0.265741 0.038542 0.200000
0 0.536198 0.144444 0.018229 0.098148
0 0.543750 0.102778 0.016667 0.114815
0 0.512500 0.159259 0.032292 0.166667
0 0.487240 0.132870 0.023438 0.136111
0 0.469010 0.188889 0.029687 0.172222
0 0.367708 0.150463 0.031250 0.091667
0 0.378646 0.214352 0.020833 0.108333
0 0.425260 0.217130 0.032813 0.132407
0 0.406771 0.239815 0.045833 0.131481
0 0.296354 0.121759 0.023958 0.143519
0 0.268750 0.128241 0.015625 0.121296
0 0.255729 0.146296 0.021875 0.122222
0 0.284375 0.207870 0.036458 0.119444
0 0.397396 0.288426 0.030208 0.158333
0 0.342448 0.230556 0.059896 0.151852
0 0.379948 0.303704 0.039062 0.151852
0 0.303125 0.271759 0.057292 0.134259
0 0.267448 0.211111 0.026562 0.120370
0 0.253125 0.210185 0.019792 0.124074
0 0.241667 0.271296 0.044792 0.151852
0 0.481250 0.403704 0.054167 0.268519
0 0.331771 0.506481 0.058333 0.372222
0 0.249479 0.412500 0.064583 0.184259
0 0.214323 0.356019 0.029687 0.130556
0 0.143490 0.425000 0.064062 0.194444
0 0.216146 0.494907 0.051042 0.199074
0 0.264583 0.570833 0.072917 0.275000
0 0.182552 0.556019 0.067187 0.225000
0 0.096615 0.462500 0.041146 0.099074
0 0.099479 0.552315 0.068750 0.204630
0 0.086979 0.467130 0.066667 0.212037
0 0.036198 0.371759 0.046354 0.262037
0 0.068490 0.264352 0.063021 0.180556
0 0.037760 0.526389 0.074479 0.187963
0 0.079687 0.820370 0.094792 0.307407
