0 0.470313 0.080000 0.023958 0.081667
0 0.049740 0.841250 0.067187 0.244167
0 0.613802 0.096250 0.027604 0.079167
0 0.458333 0.111250 0.027083 0.089167
0 0.488281 0.168750 0.027604 0.114167
0 0.496615 0.086667 0.025521 0.083333
0 0.429688 0.503750 0.051042 0.184167
0 0.730729 0.574583 0.061458 0.247500
0 0.440885 0.735000 0.063021 0.266667
0 0.773177 0.567917 0.044271 0.220833
0 0.404167 0.168750 0.022917 0.102500
0 0.611198 0.364167 0.041146 0.178333
0 0.495052 0.713750 0.054688 0.255833
0 0.682292 0.359583 0.036458 0.175833
0 0.363542 0.576667 0.053125 0.200000
0 0.833854 0.607917 0.046875 0.239167
0 0.651302 0.810417 0.077604 0.304167
0 0.435417 0.645833 0.050000 0.211667
