0 0.478906 0.151852 0.013021 0.072222
0 0.505729 0.255093 0.028125 0.121296
0 0.464062 0.298148 0.032292 0.159259
0 0.523698 0.369444 0.039062 0.198148
0 0.500521 0.358333 0.037500 0.188889
0 0.496094 0.212037 0.021354 0.107407
0 0.525000 0.301852 0.032292 0.148148
0 0.461719 0.356481 0.036979 0.196296
0 0.547656 0.353704 0.034896 0.201852
0 0.494531 0.124074 0.009896 0.050000
0 0.397396 0.236111 0.027083 0.107407
0 0.428125 0.139815 0.010417 0.051852
0 0.422656 0.179167 0.016146 0.095370
0 0.407552 0.175463 0.011979 0.082407
0 0.110156 0.164815 0.013021 0.090741
0 0.238281 0.129630 0.014063 0.046296
0 0.514844 0.579167 0.068229 0.354630
0 0.110156 0.541204 0.019271 0.104630
0 0.681510 0.723611 0.064062 0.343519
0 0.527344 0.169444 0.017188 0.068519
0 0.161198 0.584259 0.015104 0.090741
0 0.534375 0.231019 0.018750 0.095370
0 0.125260 0.556019 0.028646 0.102778
0 0.430729 0.353241 0.037500 0.195370
0 0.485677 0.124074 0.006771 0.044444
0 0.394792 0.171759 0.015625 0.084259
0 0.142969 0.164815 0.018229 0.096296
0 0.125260 0.165741 0.019271 0.090741
0 0.069010 0.651389 0.070312 0.278704
0 0.328646 0.865278 0.091667 0.265741
0 0.391146 0.841204 0.094792 0.315741
