0 0.610156 0.795370 0.151562 0.383333
0 0.575000 0.718056 0.177083 0.358333
0 0.557813 0.630093 0.170833 0.287963
0 0.227083 0.743519 0.176042 0.405556
0 0.263281 0.546759 0.098437 0.371296
0 0.520573 0.471296 0.072396 0.392593
0 0.488281 0.210185 0.028646 0.153704
0 0.466146 0.190278 0.044792 0.091667
0 0.460677 0.201389 0.021354 0.152778
0 0.444010 0.119444 0.014063 0.092593
0 0.453906 0.115741 0.020313 0.096296
0 0.363802 0.282870 0.045312 0.149074
0 0.366406 0.256481 0.060937 0.122222
0 0.351823 0.221759 0.051562 0.080556
0 0.359896 0.203704 0.051042 0.090741
0 0.363542 0.193519 0.040625 0.079630
0 0.367448 0.181019 0.036979 0.086111
0 0.385156 0.172222 0.016146 0.042593
0 0.378385 0.131481 0.013021 0.103704
0 0.372396 0.125463 0.008333 0.076852
0 0.390365 0.142593 0.021354 0.124074
0 0.408854 0.176389 0.031250 0.080556
0 0.425781 0.196296 0.020313 0.114815
0 0.416927 0.107407 0.017188 0.075926
0 0.414323 0.076389 0.005729 0.034259
0 0.424740 0.071759 0.007812 0.054630
