0 0.567448 0.051852 0.016146 0.079630
0 0.566927 0.038426 0.013021 0.050926
0 0.541406 0.042130 0.019271 0.078704
0 0.507812 0.041204 0.009375 0.065741
0 0.571094 0.156019 0.027604 0.160185
0 0.491667 0.229167 0.041667 0.212037
0 0.434635 0.314815 0.054688 0.283333
0 0.455469 0.426389 0.077604 0.376852
0 0.434635 0.071759 0.027604 0.060185
0 0.435156 0.109722 0.024479 0.089815
0 0.361458 0.070833 0.019792 0.086111
0 0.443229 0.172222 0.031250 0.114815
0 0.385417 0.197222 0.032292 0.114815
0 0.319010 0.148148 0.025521 0.085185
0 0.391667 0.291667 0.044792 0.188889
0 0.299219 0.225000 0.034896 0.155556
0 0.256510 0.200000 0.034896 0.109259
0 0.201302 0.197685 0.060937 0.195370
0 0.215365 0.275000 0.044271 0.194444
0 0.330990 0.437963 0.068229 0.264815
0 0.221354 0.443981 0.047917 0.278704
0 0.133854 0.520370 0.054167 0.259259
0 0.082292 0.420833 0.070833 0.213889
0 0.162500 0.783796 0.097917 0.363889
0 0.052865 0.558796 0.067187 0.210185
0 0.142448 0.868519 0.074479 0.261111
0 0.465885 0.322222 0.043229 0.264815
0 0.369271 0.244907 0.032292 0.132407
0 0.542188 0.155556 0.029167 0.155556
0 0.527604 0.451389 0.069792 0.382407
0 0.337240 0.264352 0.043229 0.225000
0 0.517969 0.071759 0.022396 0.099074
0 0.290104 0.247685 0.043750 0.165741
0 0.510417 0.132870 0.035417 0.152778
0 0.265104 0.281019 0.043750 0.184259
0 0.468229 0.063889 0.018750 0.057407
0 0.195573 0.278241 0.056771 0.186111
0 0.561719 0.143519 0.027604 0.140741
0 0.312240 0.450463 0.094271 0.254630
0 0.426563 0.133333 0.023958 0.083333
0 0.204427 0.458333 0.067187 0.244444
0 0.480208 0.179167 0.039583 0.195370
0 0.101302 0.377778 0.061979 0.179630
0 0.448958 0.168056 0.034375 0.125000
0 0.042969 0.319444 0.054688 0.264815
0 0.581771 0.152315 0.019792 0.139815
0 0.104688 0.568056 0.061458 0.213889
0 0.513542 0.177778 0.033333 0.181481
0 0.347396 0.168519 0.032292 0.096296
0 0.616406 0.809259 0.107813 0.377778
