0 0.398438 0.513889 0.081250 0.446296
0 0.414583 0.103704 0.014583 0.057407
0 0.433594 0.077315 0.008854 0.041667
0 0.431250 0.243519 0.031250 0.137037
0 0.470833 0.194907 0.033333 0.113889
0 0.575000 0.596759 0.133333 0.228704
0 0.586198 0.480093 0.058854 0.345370
0 0.250781 0.679630 0.157812 0.351852
0 0.364583 0.232870 0.058333 0.108333
0 0.403646 0.168056 0.021875 0.130556
0 0.459375 0.177315 0.025000 0.132407
0 0.376823 0.178241 0.022396 0.141667
0 0.359635 0.205093 0.054688 0.091667
0 0.442188 0.077778 0.010417 0.053704
0 0.544271 0.485185 0.059375 0.327778
0 0.435156 0.123611 0.024479 0.087963
0 0.373958 0.374537 0.061458 0.295370
0 0.754687 0.805093 0.141667 0.387963
0 0.661979 0.746759 0.129167 0.495370
0 0.541406 0.744907 0.081771 0.506481
0 0.522917 0.450926 0.060417 0.309259
