0 0.108594 0.640741 0.025521 0.098148
0 0.146875 0.138889 0.017708 0.072222
0 0.122656 0.181944 0.019271 0.095370
0 0.133854 0.218056 0.019792 0.047222
0 0.152344 0.127778 0.010937 0.079630
0 0.482031 0.140741 0.010937 0.061111
0 0.517969 0.286111 0.019271 0.125926
0 0.498437 0.237963 0.029167 0.124074
0 0.482552 0.410648 0.039062 0.175000
0 0.482552 0.371759 0.043229 0.126852
0 0.521094 0.449537 0.056771 0.252778
0 0.476302 0.567130 0.071354 0.350926
0 0.608594 0.719444 0.063021 0.368519
0 0.575260 0.842130 0.067187 0.252778
0 0.475521 0.139352 0.008333 0.063889
0 0.477083 0.328241 0.039583 0.165741
0 0.428125 0.148148 0.014583 0.070370
0 0.564583 0.405093 0.027083 0.199074
0 0.394010 0.208796 0.015104 0.099074
0 0.450521 0.436111 0.037500 0.194444
0 0.491667 0.131019 0.009375 0.034259
0 0.548438 0.400463 0.037500 0.200926
0 0.539844 0.277315 0.036979 0.134259
0 0.410156 0.395833 0.045312 0.221296
0 0.501302 0.126389 0.009896 0.056481
0 0.529427 0.598611 0.068229 0.323148
0 0.680990 0.723611 0.070312 0.375000
0 0.473698 0.228704 0.015104 0.087037
0 0.644531 0.853241 0.071354 0.291667
0 0.285938 0.905556 0.050000 0.187037
