0 0.157812 0.705556 0.096875 0.587037
0 0.372396 0.325926 0.042708 0.224074
0 0.352604 0.220833 0.025000 0.089815
0 0.409896 0.239352 0.032292 0.169444
0 0.436458 0.204630 0.022917 0.157407
0 0.455208 0.170833 0.021875 0.117593
0 0.458854 0.263426 0.030208 0.178704
0 0.501042 0.266667 0.040625 0.170370
0 0.407552 0.091204 0.014063 0.071296
0 0.430729 0.074074 0.009375 0.057407
0 0.442969 0.095833 0.014063 0.069444
0 0.504167 0.416204 0.061458 0.336111
0 0.570573 0.503241 0.038021 0.199074
0 0.563802 0.601389 0.148438 0.291667
0 0.297135 0.470833 0.104688 0.269444
0 0.308333 0.493056 0.045833 0.413889
0 0.427865 0.266204 0.048438 0.202778
0 0.470052 0.234259 0.040104 0.188889
0 0.511979 0.256944 0.057292 0.180556
0 0.378646 0.252778 0.020833 0.131481
0 0.388281 0.143981 0.025521 0.073148
0 0.424219 0.075463 0.010937 0.062037
0 0.362760 0.194907 0.021354 0.121296
0 0.447656 0.072685 0.007812 0.060185
0 0.439844 0.443056 0.039062 0.347222
0 0.517708 0.473148 0.058333 0.305556
0 0.543229 0.613426 0.092708 0.206481
0 0.611198 0.773148 0.190104 0.388889
0 0.418750 0.563426 0.084375 0.413889
0 0.584115 0.781481 0.079687 0.435185
0 0.629427 0.811574 0.117188 0.375000
