0 0.222917 0.178704 0.054167 0.316667
0 0.245052 0.156944 0.031771 0.262037
0 0.279167 0.158796 0.055208 0.287963
0 0.311458 0.204167 0.054167 0.193519
0 0.430208 0.198148 0.047917 0.316667
0 0.164844 0.237500 0.064062 0.343519
0 0.107813 0.343519 0.088542 0.468519
0 0.308854 0.522685 0.138542 0.582407
0 0.846875 0.530556 0.094792 0.553704
0 0.881250 0.562500 0.094792 0.560185
0 0.688021 0.560185 0.142708 0.527778
0 0.458073 0.533333 0.105729 0.614815
0 0.498437 0.665278 0.137500 0.660185
0 0.302083 0.714815 0.143750 0.561111
