0 0.283594 0.238889 0.014063 0.131481
0 0.151302 0.202778 0.011979 0.112963
0 0.433594 0.550463 0.053646 0.336111
0 0.531771 0.275926 0.012500 0.064815
0 0.403906 0.240278 0.019271 0.075000
0 0.417969 0.151389 0.011979 0.076852
0 0.390885 0.178704 0.009896 0.090741
0 0.404167 0.185185 0.016667 0.098148
0 0.497396 0.136574 0.008333 0.050926
0 0.420833 0.193981 0.018750 0.102778
0 0.499479 0.594444 0.052083 0.314815
0 0.497917 0.213889 0.018750 0.094444
0 0.394531 0.630093 0.043229 0.339815
0 0.513542 0.241667 0.022917 0.109259
0 0.487500 0.160185 0.011458 0.057407
0 0.493229 0.274537 0.036458 0.145370
0 0.523698 0.313889 0.031771 0.150000
0 0.477344 0.342130 0.019271 0.100926
0 0.451042 0.319907 0.029167 0.171296
0 0.475521 0.235185 0.012500 0.100000
0 0.531771 0.677778 0.046875 0.209259
