0 0.447396 0.068519 0.010417 0.044444
0 0.404427 0.078704 0.010937 0.057407
0 0.436719 0.065278 0.009896 0.030556
0 0.431771 0.172685 0.017708 0.132407
0 0.377865 0.154167 0.027604 0.082407
0 0.446875 0.226389 0.033333 0.210185
0 0.419531 0.243981 0.025521 0.156481
0 0.359896 0.196759 0.037500 0.110185
0 0.349219 0.258333 0.050521 0.137037
0 0.347135 0.283333 0.054688 0.150000
0 0.367188 0.389352 0.056250 0.293519
0 0.545573 0.563426 0.148438 0.273148
0 0.604427 0.769444 0.189062 0.370370
0 0.576042 0.720833 0.091667 0.363889
0 0.265625 0.502315 0.096875 0.363889
0 0.242708 0.646296 0.138542 0.381481
0 0.423698 0.062037 0.009896 0.042593
0 0.410156 0.117130 0.018229 0.110185
0 0.385156 0.115278 0.017188 0.089815
0 0.531771 0.359259 0.060417 0.233333
0 0.425521 0.139815 0.020833 0.100000
0 0.391927 0.426852 0.063021 0.296296
0 0.368490 0.178241 0.035937 0.086111
0 0.550781 0.595833 0.116146 0.280556
0 0.447917 0.118519 0.012500 0.087037
0 0.556250 0.699537 0.141667 0.362037
0 0.474479 0.236111 0.030208 0.185185
0 0.293750 0.445370 0.084375 0.311111
0 0.434375 0.107407 0.011458 0.064815
0 0.389062 0.237963 0.032292 0.179630
0 0.234635 0.757870 0.189062 0.412037
0 0.355729 0.216204 0.043750 0.106481
0 0.459896 0.122222 0.014583 0.094444
0 0.400000 0.290278 0.048958 0.178704
