0 0.358594 0.363426 0.013021 0.084259
0 0.736458 0.066204 0.020833 0.125000
0 0.786719 0.231944 0.039062 0.278704
0 0.648438 0.322222 0.055208 0.300000
0 0.698438 0.342593 0.060417 0.318519
0 0.731771 0.464815 0.043750 0.296296
0 0.697135 0.502778 0.067187 0.398148
0 0.636979 0.589352 0.089583 0.419444
0 0.719271 0.671759 0.095833 0.497222
0 0.789844 0.438889 0.066146 0.400000
0 0.824219 0.621296 0.075521 0.457407
0 0.889323 0.687963 0.064062 0.331481
0 0.380469 0.690741 0.078646 0.451852
0 0.685677 0.732870 0.158854 0.513889
0 0.564844 0.844444 0.118229 0.309259
