0 0.764583 0.093981 0.033333 0.175000
0 0.759635 0.158333 0.031771 0.162963
0 0.730208 0.151852 0.039583 0.212963
0 0.698958 0.093981 0.029167 0.152778
0 0.671354 0.100000 0.037500 0.190741
0 0.798177 0.298148 0.041146 0.203704
0 0.754687 0.267593 0.057292 0.259259
0 0.758333 0.509722 0.057292 0.354630
0 0.778125 0.629630 0.094792 0.472222
0 0.851823 0.591667 0.073438 0.472222
0 0.916146 0.719907 0.087500 0.486111
0 0.797396 0.676852 0.090625 0.457407
0 0.698177 0.514815 0.068229 0.390741
0 0.632031 0.545833 0.082812 0.430556
0 0.638542 0.682870 0.055208 0.275000
0 0.352083 0.402315 0.018750 0.152778
0 0.703906 0.809259 0.122396 0.375926
0 0.810417 0.852778 0.128125 0.292593
