0 0.394792 0.466667 0.039583 0.240741
0 0.612760 0.794444 0.088021 0.407407
0 0.525260 0.772222 0.073438 0.398148
0 0.459115 0.734722 0.046354 0.375000
0 0.697656 0.724537 0.057813 0.426852
0 0.526042 0.202315 0.017708 0.095370
0 0.510417 0.200463 0.015625 0.089815
0 0.400260 0.171759 0.015104 0.082407
0 0.391146 0.233333 0.017708 0.135185
0 0.113802 0.196296 0.013021 0.111111
0 0.132552 0.195370 0.022396 0.109259
0 0.413021 0.187500 0.015625 0.082407
0 0.530469 0.278704 0.023438 0.135185
0 0.506771 0.282870 0.026042 0.136111
0 0.479687 0.280556 0.023958 0.127778
0 0.525521 0.310648 0.029167 0.137963
0 0.511458 0.425000 0.040625 0.238889
0 0.470573 0.416667 0.048438 0.253704
0 0.554688 0.515741 0.048958 0.268519
0 0.541927 0.721759 0.079687 0.419444
0 0.514062 0.577778 0.075000 0.312963
0 0.440365 0.676389 0.070312 0.460185
0 0.185677 0.560185 0.055729 0.322222
