0 0.426302 0.068981 0.007812 0.026852
0 0.444010 0.075463 0.010937 0.062037
0 0.433854 0.076389 0.011458 0.052778
0 0.414323 0.058796 0.007812 0.036111
0 0.405729 0.073611 0.008333 0.050926
0 0.392708 0.114352 0.016667 0.080556
0 0.381771 0.170833 0.022917 0.128704
0 0.367708 0.187963 0.018750 0.088889
0 0.362240 0.193981 0.044271 0.110185
0 0.353646 0.289815 0.067708 0.161111
0 0.614583 0.763426 0.171875 0.337963
0 0.664844 0.674537 0.056771 0.356481
0 0.566927 0.604167 0.131771 0.299074
0 0.522396 0.595370 0.083333 0.459259
0 0.318750 0.469907 0.131250 0.263889
0 0.301823 0.496759 0.126562 0.278704
0 0.277344 0.540741 0.121354 0.298148
0 0.597656 0.818981 0.120313 0.358333
0 0.326562 0.724074 0.094792 0.548148
0 0.239583 0.762037 0.102083 0.472222
0 0.458594 0.816204 0.123438 0.363889
