0 0.467969 0.124537 0.020313 0.093519
0 0.432292 0.082407 0.011458 0.062963
0 0.416406 0.072685 0.010937 0.065741
0 0.358333 0.188426 0.030208 0.097222
0 0.385417 0.143519 0.021875 0.124074
0 0.455729 0.119444 0.013542 0.081481
0 0.447135 0.119907 0.015104 0.091667
0 0.430729 0.112037 0.017708 0.096296
0 0.396094 0.176852 0.025521 0.142593
0 0.367188 0.171759 0.019792 0.106481
0 0.369531 0.250463 0.053646 0.130556
0 0.360417 0.266667 0.059375 0.129630
0 0.361979 0.283333 0.042708 0.155556
0 0.488542 0.218519 0.033333 0.177778
0 0.462240 0.256019 0.046354 0.217593
0 0.567448 0.631944 0.161979 0.295370
0 0.581771 0.717130 0.181250 0.356481
0 0.619010 0.805093 0.147396 0.369444
0 0.486198 0.693056 0.109896 0.589815
0 0.262500 0.546759 0.098958 0.369444
0 0.230208 0.744444 0.179167 0.407407
0 0.428385 0.768981 0.119271 0.460185
0 0.344271 0.798611 0.140625 0.400926
