0 0.540625 0.315278 0.039583 0.165741
0 0.413281 0.137037 0.011979 0.057407
0 0.491146 0.136111 0.013542 0.051852
0 0.525521 0.303241 0.030208 0.137963
0 0.536719 0.206944 0.021354 0.082407
0 0.481250 0.240278 0.021875 0.104630
0 0.453385 0.282407 0.032813 0.146296
0 0.536719 0.383333 0.042188 0.200000
0 0.487760 0.494907 0.060937 0.286111
0 0.548698 0.460648 0.031771 0.123148
0 0.398958 0.560185 0.055208 0.225926
0 0.540625 0.643519 0.062500 0.342593
0 0.429427 0.695833 0.074479 0.360185
0 0.622656 0.713426 0.060937 0.354630
0 0.144792 0.179630 0.027083 0.100000
0 0.273958 0.233796 0.036458 0.147222
0 0.108333 0.495833 0.012500 0.080556
0 0.130208 0.493519 0.016667 0.096296
0 0.399479 0.181944 0.018750 0.087963
0 0.417187 0.216667 0.017708 0.114815
0 0.537240 0.502315 0.057813 0.232407
0 0.540885 0.220833 0.017188 0.093519
0 0.442448 0.514352 0.045312 0.254630
0 0.410417 0.153704 0.012500 0.070370
0 0.459896 0.625463 0.063542 0.375000
0 0.515885 0.703241 0.075521 0.378704
0 0.685677 0.719444 0.055729 0.357407
0 0.484115 0.289352 0.027604 0.136111
0 0.499479 0.278241 0.022917 0.152778
0 0.396875 0.158333 0.010417 0.068519
0 0.147917 0.152315 0.017708 0.078704
0 0.457813 0.392130 0.042708 0.187963
0 0.107031 0.211111 0.019271 0.124074
0 0.517708 0.280093 0.020833 0.115741
0 0.260156 0.248611 0.021354 0.145370
0 0.419531 0.484722 0.040104 0.252778
0 0.393490 0.448148 0.036979 0.207407
0 0.640365 0.845370 0.075521 0.305556
