0 0.385417 0.135648 0.014583 0.091667
0 0.377083 0.195370 0.020833 0.142593
0 0.392448 0.196296 0.016146 0.142593
0 0.400521 0.123148 0.009375 0.081481
0 0.411719 0.147222 0.020313 0.105556
0 0.419792 0.170370 0.018750 0.112963
0 0.427344 0.104167 0.015104 0.073148
0 0.431250 0.065741 0.006250 0.031481
0 0.443229 0.104630 0.013542 0.077778
0 0.492188 0.246296 0.036458 0.129630
0 0.373698 0.233333 0.044271 0.135185
0 0.366406 0.251852 0.054688 0.138889
0 0.347396 0.345833 0.048958 0.280556
0 0.315104 0.375463 0.044792 0.297222
0 0.292187 0.408796 0.057292 0.315741
0 0.352083 0.461111 0.058333 0.361111
0 0.286198 0.530093 0.118229 0.293519
0 0.245052 0.648148 0.121354 0.385185
0 0.220052 0.756944 0.116146 0.410185
0 0.425000 0.394444 0.046875 0.253704
0 0.370833 0.534259 0.096875 0.461111
0 0.414583 0.514815 0.050000 0.301852
0 0.450260 0.478241 0.078646 0.337963
0 0.473438 0.531944 0.047917 0.293519
0 0.511458 0.504167 0.048958 0.291667
0 0.528125 0.532870 0.043750 0.276852
0 0.553646 0.497685 0.043750 0.260185
0 0.596354 0.487037 0.043750 0.246296
0 0.542448 0.563426 0.121354 0.280556
0 0.563021 0.612500 0.088542 0.291667
0 0.630990 0.557407 0.066146 0.379630
0 0.572917 0.716204 0.182292 0.347222
0 0.607292 0.793519 0.185417 0.372222
0 0.958333 0.654167 0.046875 0.280556
