0 0.580208 0.763426 0.210417 0.347222
0 0.563281 0.672222 0.146354 0.312963
0 0.619271 0.575926 0.050000 0.420370
0 0.562760 0.548148 0.122396 0.270370
0 0.525260 0.459259 0.108854 0.227778
0 0.507292 0.206019 0.028125 0.167593
0 0.478385 0.202778 0.036979 0.101852
0 0.462760 0.185185 0.027604 0.096296
0 0.463021 0.171759 0.022917 0.065741
0 0.485156 0.135648 0.009896 0.056481
0 0.478906 0.162037 0.019271 0.118519
0 0.457031 0.093056 0.010937 0.054630
0 0.446875 0.088889 0.008333 0.061111
0 0.441667 0.078704 0.006250 0.050000
0 0.438281 0.070370 0.008854 0.053704
0 0.433333 0.088426 0.011458 0.052778
0 0.426823 0.082407 0.007812 0.053704
0 0.418490 0.079630 0.008854 0.055556
0 0.409896 0.073611 0.009375 0.060185
0 0.400260 0.092130 0.010937 0.071296
0 0.409635 0.095833 0.015104 0.076852
0 0.438802 0.137037 0.021354 0.103704
0 0.445833 0.188426 0.021875 0.121296
0 0.415365 0.144907 0.016146 0.086111
0 0.419010 0.189815 0.022396 0.131481
0 0.386198 0.127315 0.018229 0.076852
0 0.372396 0.162963 0.013542 0.125926
0 0.359635 0.179167 0.017188 0.150926
0 0.348698 0.196296 0.024479 0.150000
0 0.371875 0.202778 0.033333 0.151852
0 0.341927 0.219444 0.019271 0.135185
0 0.422656 0.667593 0.089063 0.503704
0 0.323958 0.425463 0.100000 0.226852
0 0.298698 0.468519 0.100521 0.248148
0 0.255990 0.737963 0.126562 0.355556
0 0.190885 0.812963 0.158854 0.370370
0 0.107031 0.901852 0.192188 0.194444
0 0.606771 0.815741 0.223958 0.366667
