0 0.146615 0.171759 0.013021 0.067593
0 0.397396 0.187500 0.011458 0.093519
0 0.414062 0.252315 0.021875 0.152778
0 0.539062 0.222222 0.019792 0.107407
0 0.473698 0.239815 0.015104 0.094444
0 0.525260 0.268981 0.026562 0.136111
0 0.491406 0.284259 0.024479 0.131481
0 0.510156 0.373611 0.039062 0.197222
0 0.543490 0.389352 0.025521 0.106481
0 0.531510 0.572222 0.057813 0.325926
0 0.419792 0.658796 0.067708 0.375000
0 0.537240 0.645833 0.063021 0.354630
0 0.492969 0.252315 0.024479 0.115741
0 0.223698 0.578704 0.047396 0.333333
0 0.553646 0.306944 0.028125 0.136111
0 0.405990 0.171296 0.013021 0.079630
0 0.475260 0.332870 0.042188 0.184259
0 0.410677 0.228704 0.020313 0.131481
0 0.545573 0.537500 0.058854 0.321296
0 0.388281 0.200000 0.011979 0.109259
0 0.403385 0.468519 0.035937 0.225926
0 0.451562 0.604167 0.057292 0.304630
0 0.417969 0.174537 0.013021 0.082407
0 0.466927 0.688426 0.054688 0.306481
0 0.481250 0.773611 0.083333 0.426852
0 0.130729 0.176852 0.013542 0.107407
0 0.654167 0.850463 0.086458 0.293519
0 0.597396 0.783796 0.096875 0.428704
