0 0.353385 0.203241 0.034896 0.095370
0 0.361198 0.291667 0.080729 0.157407
0 0.376823 0.269444 0.044271 0.096296
0 0.369010 0.191204 0.031771 0.106481
0 0.390365 0.158796 0.022396 0.115741
0 0.404167 0.075926 0.008333 0.051852
0 0.417448 0.065741 0.007812 0.048148
0 0.414844 0.097222 0.007812 0.040741
0 0.424740 0.087500 0.010937 0.065741
0 0.433333 0.065741 0.007292 0.038889
0 0.403646 0.189352 0.015625 0.095370
0 0.420833 0.225000 0.027083 0.122222
0 0.439583 0.191204 0.028125 0.156481
0 0.445833 0.144907 0.019792 0.110185
0 0.450000 0.081481 0.008333 0.059259
0 0.440365 0.078241 0.008854 0.052778
0 0.474479 0.209259 0.022917 0.157407
0 0.489323 0.219444 0.024479 0.153704
0 0.505729 0.642130 0.089583 0.458333
0 0.601302 0.778704 0.182812 0.370370
0 0.572656 0.606481 0.118229 0.290741
0 0.572917 0.494444 0.040625 0.216667
0 0.350521 0.366204 0.062500 0.276852
0 0.321094 0.462963 0.103646 0.362963
0 0.294010 0.468056 0.099479 0.262037
0 0.282813 0.547685 0.128125 0.312037
0 0.271875 0.584722 0.093750 0.312037
0 0.190365 0.687963 0.076563 0.598148
0 0.563542 0.787500 0.088542 0.419444
0 0.962760 0.637963 0.068229 0.305556
0 0.615885 0.818981 0.109896 0.356481
