0 0.405729 0.086111 0.017708 0.035185
0 0.411458 0.087963 0.014583 0.064815
0 0.415625 0.061574 0.011458 0.047222
0 0.423438 0.062037 0.009375 0.042593
0 0.442708 0.079167 0.011458 0.054630
0 0.434896 0.090278 0.007292 0.050926
0 0.440365 0.099537 0.014063 0.071296
0 0.430729 0.092593 0.009375 0.055556
0 0.423698 0.094444 0.014063 0.064815
0 0.416146 0.204167 0.030208 0.136111
0 0.466667 0.192130 0.044792 0.087963
0 0.416927 0.150000 0.017188 0.100000
0 0.402344 0.151852 0.018229 0.096296
0 0.381250 0.149074 0.021875 0.100000
0 0.367969 0.179630 0.040104 0.100000
0 0.359896 0.188889 0.032292 0.101852
0 0.355469 0.233796 0.043229 0.117593
0 0.352083 0.268981 0.048958 0.128704
0 0.406510 0.296296 0.070312 0.240741
0 0.294792 0.476852 0.090625 0.251852
0 0.568750 0.445370 0.059375 0.261111
0 0.569271 0.672222 0.137500 0.240741
0 0.595833 0.703241 0.170833 0.356481
0 0.591927 0.750463 0.197396 0.343519
0 0.491667 0.789352 0.097917 0.413889
